travel_time,id,kind,action,origin,destination,start_time,income,urgency,reward,observation,cost_table
38.083333333333336,146,AV,1,0,0,70,2280.385817754286,0.5,-10.96523904370485,"0.26344871794871794,0.26818122977346287,0.3019090909090909,0.5,0.7,0.1126715743273096","0,0,0"
48.266666666666666,7,AV,1,0,0,95,546.8646928603165,0.4,-2.6661955396018127,"0.16855555555555557,0.28037623762376235,0.3006041666666667,0.4,0.95,0.027020035561031403","0,0,0"
13.883333333333333,111,AV,1,0,0,5,1661.9571573900298,0.5,-2.913321363859206,"0.23350757575757577,0.2601698113207547,0.3116111111111111,0.5,0.05,0.08211563496394797","0,0,0"
46.68333333333333,198,AV,1,0,0,93,3465.4556083993225,1.0,-40.853287706761364,"0.2736203703703704,0.31116106442577035,0.35266666666666674,1.0,0.93,0.17122468317412964","0,0,0"
38.15,288,AV,1,0,0,71,11185.875164713363,0.2,-21.552582703728017,"0.2659298245614035,0.28422822822822824,0.33653333333333324,0.2,0.71,0.5526828641120808","0,0,0"
17.033333333333335,61,AV,1,0,0,12,1022.032321197676,0.2,-0.8792230911313342,"0.24856349206349207,0.285475975975976,0.37345833333333334,0.2,0.12,0.05049759112961852","0,0,0"
35.483333333333334,108,AV,1,0,0,62,1645.9523587482854,0.5,-7.374226792456018,"0.22542592592592592,0.33029047619047625,0.3928541666666666,0.5,0.62,0.0813248539278105","0,0,0"
36.516666666666666,47,AV,1,0,0,64,912.6272274022258,0.2,-1.683136578483398,"0.29015476190476186,0.29799358974358975,0.313625,0.2,0.64,0.04509199526010037","0,0,0"
18.616666666666667,231,AV,1,0,0,23,4639.089550420253,0.1,-2.1809187827522822,"0.3060833333333333,0.308,0.38320370370370377,0.1,0.23,0.22921275821911885","0,0,0"
18.233333333333334,213,AV,1,0,0,19,3898.759045987068,0.3,-5.385407066047793,"0.29405303030303037,0.2799470404984424,0.32596666666666674,0.3,0.19,0.19263377109878843","0,0,0"
33.016666666666666,255,AV,1,0,0,56,5702.616109653807,0.3,-14.263740547000243,"0.27357017543859646,0.30564678899082565,0.3525694444444445,0.3,0.56,0.28176053800041856","0,0,0"
40.86666666666667,267,AV,1,0,0,71,6783.106781750961,0.2,-14.000149687587001,"0.3016217948717949,0.3168691588785047,0.33666666666666667,0.2,0.71,0.33514649757064985","0,0,0"
25.566666666666666,221,AV,2,0,0,4,4164.701887555128,0.7,-18.821788244346365,"0.32011805555555556,0.3328382838283828,0.3762777777777778,0.7,0.04,0.20577373996162773","0,0,0"
38.78333333333333,112,AV,1,0,0,70,1682.490559712908,0.4,-6.5911709300537655,"0.2724107142857143,0.327084935897436,0.35283333333333333,0.4,0.7,0.08313016976240285","0,0,0"
41.63333333333333,72,AV,1,0,0,75,1239.4416864014672,0.1,-1.3030830524540677,"0.2850980392156863,0.292492673992674,0.3331805555555556,0.1,0.75,0.0612395696405775","0,0,0"
18.483333333333334,45,AV,1,0,0,18,898.3728471886773,0.3,-1.2579488478942464,"0.3154285714285714,0.3104470404984423,0.3935666666666667,0.3,0.18,0.044387700641524724","0,0,0"
41.65,280,AV,1,0,0,75,8348.421721831439,0.2,-17.56120023809492,"0.2957533333333333,0.291816037735849,0.3178703703703704,0.2,0.75,0.41248713758156286","0,0,0"
27.85,74,AV,1,0,0,35,1260.6549751070208,0.6,-5.319581978292504,"0.3331543209876543,0.34105663430420713,0.3989833333333334,0.6,0.35,0.0622876969427672","0,0,0"
43.05,212,AV,1,0,0,79,3822.7735841463273,0.2,-8.311636504924213,"0.2073974358974359,0.2707112211221122,0.3085833333333334,0.2,0.79,0.1888794056993337","0,0,0"
29.116666666666667,263,AV,0,0,0,63,6230.691172258436,0.3,-16.24370893678723,"0.22460416666666672,0.2674969696969697,0.33958333333333335,0.3,0.63,0.3078521967905309","0,0,0"
52.766666666666666,283,AV,2,0,0,96,8987.822610831106,0.6,-71.8571878431598,"0.2528484848484849,0.29665596330275235,0.3211296296296296,0.6,0.96,0.4440792937110115","0,0,0"
23.25,279,AV,1,0,0,30,8333.728817076937,0.1,-4.892908964571687,"0.254719696969697,0.2767186544342508,0.31825925925925924,0.1,0.3,0.4117611759055859","0,0,0"
22.15,294,AV,0,0,0,40,16390.717038727882,0.6,-57.50823975876099,"0.26322,0.30406872852233674,0.37494444444444447,0.6,0.4,0.8098488767684134","0,0,0"
19.1,30,AV,0,0,0,31,753.5670156580491,0.3,-3.590388636293086,"0.2994833333333333,0.28188500000000005,0.33475,0.3,0.31,0.03723298985385701","0,0,0"
43.03333333333333,249,AV,1,0,0,81,5370.167679594476,0.3,-17.50728907665775,"0.24778205128205122,0.2782016666666667,0.33209523809523817,0.3,0.81,0.26533459476493776","0,0,0"
21.233333333333334,137,AV,1,0,0,26,2142.030696222753,0.6,-6.891280573201483,"0.20331182795698927,0.25627083333333334,0.22488888888888892,0.6,0.26,0.10583558664582342","0,0,0"
46.95,51,AV,1,0,0,98,932.1411738504048,0.3,-3.3154566751724626,"0.25469298245614036,0.29212541254125407,0.3597166666666667,0.3,0.98,0.046056159767061025","0,0,0"
42.733333333333334,210,AV,1,0,0,82,3778.090807703549,0.8,-32.61624522206028,"0.3112277777777778,0.3049431818181818,0.3272222222222222,0.8,0.82,0.18667167456544997","0,0,0"
30.716666666666665,177,AV,1,0,0,42,2968.817229463249,0.3,-6.908497669066626,"0.3030277777777778,0.34702160493827156,0.39056250000000003,0.3,0.42,0.1466862793696381","0,0,0"
20.316666666666666,37,AV,1,0,0,23,827.3783452591958,0.3,-1.2734522763522218,"0.2256904761904762,0.2709432989690722,0.3253666666666667,0.3,0.23,0.040879933561629736","0,0,0"
21.083333333333332,46,AV,1,0,0,25,905.8209551718018,0.4,-1.9290631452732814,"0.22293055555555555,0.26704854368932035,0.3329814814814816,0.4,0.25,0.044755704180963","0,0,0"
13.633333333333333,207,AV,1,0,0,2,3630.005597296026,0.1,-1.2497241492374365,"0.2635,0.2828472222222222,0.36536363636363645,0.1,0.02,0.17935493295913799","0,0,0"
41.96666666666667,76,AV,1,0,0,76,1275.6237969650936,0.1,-1.3518605727096407,"0.30540909090909096,0.2866179245283018,0.3464305555555556,0.1,0.76,0.06302729140588091","0,0,0"
19.766666666666666,125,AV,1,0,0,20,1963.0347272178835,0.1,-0.97986497747492,"0.23097701149425287,0.24775084175084178,0.33502777777777787,0.1,0.2,0.09699157548376398","0,0,0"
17.583333333333332,21,AV,1,0,0,17,640.5426603936758,0.2,-0.5688320763597037,"0.2796282051282051,0.27813861386138616,0.33766666666666656,0.2,0.17,0.03164856990797825","0,0,0"
42.28333333333333,22,AV,1,0,0,80,658.4091024775607,0.5,-3.515117619919132,"0.18822666666666663,0.2788776595744681,0.32142424242424233,0.5,0.8,0.032531332877974904","0,0,0"
36.0,144,AV,1,0,0,63,2255.9253983027734,0.2,-4.101682542368678,"0.27509876543209877,0.2904124579124579,0.3495208333333333,0.2,0.63,0.11146300955425625","0,0,0"
32.333333333333336,79,AV,0,0,0,73,1317.647826688136,0.2,-4.651714464457058,"0.18838541666666664,0.2725748299319728,0.31736666666666674,0.2,0.73,0.06510365653304864","0,0,0"
38.1,16,AV,1,0,0,70,614.9217871931492,0.1,-0.5916292952540148,"0.25756249999999997,0.28689166666666666,0.33128125,0.1,0.7,0.030382668279986823","0,0,0"
35.88333333333333,66,AV,1,0,0,62,1117.0806745336297,0.1,-1.0122368233463404,"0.254216049382716,0.29474092409240926,0.31123611111111116,0.1,0.62,0.055193834863552414","0,0,0"
43.28333333333333,81,AV,1,0,0,85,1338.7213376931895,0.3,-4.389721356046986,"0.21893103448275866,0.2770355987055016,0.33947916666666667,0.3,0.85,0.06614487755935793","0,0,0"
16.033333333333335,156,AV,1,0,0,14,2476.7673195544394,0.2,-2.0055977789658006,"0.33854347826086956,0.35444954128440365,0.3706875,0.2,0.14,0.12237458721412664","0,0,0"
40.85,282,AV,0,0,0,94,8981.750106371177,0.4,-39.56105978234976,"0.23469607843137255,0.26831547619047624,0.3783030303030303,0.4,0.94,0.4437792573608979","0,0,0"
12.8,254,AV,1,0,0,3,5670.319740923212,0.2,-3.6656612466574297,"0.19602083333333328,0.2632815533980582,0.33418055555555554,0.2,0.03,0.28016480683878775","0,0,0"
40.68333333333333,154,AV,1,0,0,73,2421.832203454489,0.4,-9.95234412227678,"0.296974358974359,0.3136741741741742,0.33988888888888885,0.4,0.73,0.119660298268526","0,0,0"
35.9,53,AV,1,0,0,63,946.1123250925148,0.1,-0.8577129411823556,"0.2651904761904762,0.25113425925925925,0.30522727272727274,0.1,0.63,0.04674646032644781","0,0,0"
40.733333333333334,234,AV,1,0,0,77,4679.48341028673,0.1,-4.813408019672041,"0.33694827586206894,0.3319934640522877,0.37974074074074077,0.1,0.77,0.23120857828995","0,0,0"
21.216666666666665,262,AV,1,0,0,24,6081.635477498837,0.2,-6.516769329003383,"0.26059649122807016,0.28852752293577977,0.3348181818181818,0.2,0.24,0.3004875045265025","0,0,0"
28.8,233,AV,0,0,0,60,4669.869929992837,0.7,-26.273883279963535,"0.24328333333333338,0.25523547400611624,0.32306060606060605,0.7,0.6,0.23073358587812023","0,0,0"
24.4,298,AV,1,0,0,33,19040.472291926453,0.4,-46.928032719495505,"0.2267463768115942,0.2352881944444445,0.3149027777777778,0.4,0.33,0.9407706241479663","0,0,0"
32.416666666666664,142,AV,1,0,0,56,2241.037238818388,0.6,-11.007114720964049,"0.23612745098039212,0.2741558641975309,0.3187,0.6,0.56,0.11072740053806189","0,0,0"
15.916666666666666,236,AV,1,0,0,9,4747.153558918807,0.3,-5.724156122181137,"0.2551127450980392,0.2793697916666667,0.3687,0.3,0.09,0.23455209241022626","0,0,0"
34.15,58,AV,2,0,0,43,979.573716991658,0.6,-5.068551884131079,"0.27489393939393936,0.3074233333333333,0.3691428571428571,0.6,0.43,0.048399754113449336","0,0,0"
20.9,278,AV,1,0,0,23,8134.997760071039,0.1,-4.293471040037493,"0.28794642857142855,0.2813250825082509,0.3438636363636365,0.1,0.23,0.40194207385440944","0,0,0"
20.616666666666667,41,AV,0,0,0,37,850.3216016091212,0.1,-2.942696894440439,"0.2609655172413793,0.30368790849673205,0.26555555555555554,0.1,0.37,0.04201353682867991","0,0,0"
29.916666666666668,277,AV,2,0,0,37,8029.700924090037,0.1,-6.06620924189462,"0.26021014492753625,0.2686909385113269,0.32055952380952385,0.1,0.37,0.39673946287985623","0,0,0"
21.533333333333335,272,AV,1,0,0,25,7362.36439851089,0.3,-12.01032172080312,"0.3004206349206349,0.2898,0.3664074074074074,0.3,0.25,0.36376703498729634","0,0,0"
37.2,12,AV,1,0,0,68,591.6693204447811,0.1,-0.5558105737511582,"0.3122833333333333,0.3189831804281346,0.34856060606060607,0.1,0.68,0.02923378723751827","0,0,0"
33.03333333333333,64,AV,1,0,0,53,1089.3140785512585,0.5,-4.543393315843001,"0.34171794871794864,0.3527916666666668,0.39563333333333334,0.5,0.53,0.05382191522667051","0,0,0"
34.083333333333336,34,AV,1,0,0,60,779.2240782816187,0.1,-0.6706705555917132,"0.31900000000000006,0.30941929824561404,0.3586176470588236,0.1,0.6,0.038500679564916006","0,0,0"
34.583333333333336,291,AV,1,0,0,59,13430.196447392702,0.2,-23.457624266279343,"0.31611594202898546,0.33750611620795107,0.3799375,0.2,0.59,0.6635725259609666","0,0,0"
15.9,165,AV,1,0,0,10,2756.9260540590044,0.1,-1.10694758231157,"0.3419607843137255,0.3295612244897959,0.3533,0.1,0.1,0.1362169490778143","0,0,0"
39.983333333333334,116,AV,2,0,0,65,1778.835052690156,0.4,-7.184217662295765,"0.26837037037037037,0.2953080357142857,0.36038333333333333,0.4,0.65,0.08789045445501824","0,0,0"
41.416666666666664,151,AV,1,0,0,79,2382.718205806423,0.2,-4.984052812650641,"0.22591666666666668,0.28994236760124614,0.35127777777777774,0.2,0.79,0.1177277149052501","0,0,0"
39.46666666666667,153,AV,1,0,0,70,2403.836358207942,0.2,-4.791485266192262,"0.258125,0.3247644230769231,0.38658333333333333,0.2,0.7,0.11877114161815011","0,0,0"
23.333333333333332,106,AV,1,0,0,28,1626.914224999384,0.8,-7.668955942758038,"0.22090151515151515,0.28689465408805037,0.35663888888888884,0.8,0.28,0.0803841988487261","0,0,0"
32.35,261,AV,0,0,0,75,6031.594525491932,0.6,-32.06395195449454,"0.3310902777777778,0.337582554517134,0.3597592592592592,0.6,0.75,0.2980150313162421","0,0,0"
13.9,230,AV,1,0,0,9,4630.913868273173,0.6,-9.752985268029862,"0.24128888888888883,0.2934953271028038,0.3631166666666667,0.6,0.09,0.2288088059705391","0,0,0"
10.85,281,AV,1,0,0,1,8436.938288223368,0.3,-6.934907608122995,"0.1844,0.25753883495145635,0.2988571428571429,0.3,0.01,0.4168606522788469","0,0,0"
21.683333333333334,14,AV,1,0,0,28,597.1498506777683,0.1,-0.3269747288433403,"0.30191228070175435,0.31699691358024684,0.33616666666666667,0.1,0.28,0.029504574735270385","0,0,0"
40.833333333333336,105,AV,1,0,0,78,1614.9493849180149,0.3,-4.995739890213556,"0.28262318840579714,0.3127685185185185,0.34442592592592597,0.3,0.78,0.0797930281099649","0,0,0"
42.766666666666666,113,AV,1,0,0,82,1697.366940102563,0.3,-5.499297434726233,"0.2614285714285715,0.29008722741433024,0.3032222222222223,0.3,0.82,0.08386519678534977","0,0,0"
45.81666666666667,273,AV,1,0,0,89,7572.106998522375,0.1,-8.760825816051351,"0.31723809523809526,0.31393894389438937,0.3538181818181818,0.1,0.89,0.37413020632558763","0,0,0"
44.6,246,AV,1,0,0,88,5064.807770076448,0.2,-11.408607401283314,"0.26744444444444443,0.29168923611111114,0.3397727272727273,0.2,0.88,0.25024706813941117","0,0,0"
19.783333333333335,130,AV,1,0,0,22,2022.4315636845977,1.0,-10.103645901067415,"0.32188541666666665,0.2814279661016949,0.35608333333333336,1.0,0.22,0.09992631355425287","0,0,0"
13.9,33,AV,1,0,0,2,779.0639592631991,0.2,-0.5469186380686095,"0.32280555555555557,0.3292403846153846,0.35354166666666664,0.2,0.02,0.0384927682449347","0,0,0"
39.96666666666667,269,AV,1,0,0,73,7099.697064525982,0.2,-14.330870000617262,"0.27425490196078434,0.28017543859649124,0.32183333333333336,0.2,0.73,0.3507889056663633","0,0,0"
31.75,4,AV,1,0,0,54,522.440884226393,0.2,-0.8377524279892918,"0.23753623188405792,0.27629807692307695,0.2834615384615385,0.2,0.54,0.02581327969172718","0,0,0"
32.916666666666664,227,AV,1,0,0,58,4505.18942297478,0.2,-7.489687803346121,"0.2376666666666667,0.2905915915915916,0.3406111111111112,0.2,0.58,0.22259688732374286","0,0,0"
13.4,251,AV,1,0,0,5,5394.467136051333,0.5,-9.127002477662609,"0.2925520833333333,0.26960593220338985,0.3354722222222222,0.5,0.05,0.2665352065179911","0,0,0"
43.5,152,AV,1,0,0,85,2392.7441380289174,0.2,-5.256786363851409,"0.2022719298245614,0.26555810397553514,0.33119444444444446,0.2,0.85,0.1182230861528751","0,0,0"
27.316666666666666,67,AV,0,0,0,59,1141.5133047894662,1.0,-10.374327889519929,"0.25071014492753624,0.30982631578947367,0.3827916666666667,1.0,0.59,0.0564010266003407","0,0,0"
13.783333333333333,24,AV,0,0,0,22,676.2529471816457,0.4,-3.4415171503690587,"0.3022416666666667,0.27432710280373834,0.3280256410256409,0.4,0.22,0.033412979334117666","0,0,0"
32.95,215,AV,1,0,0,59,3942.222625638348,0.3,-9.840623902635118,"0.2680705128205128,0.29796383647798746,0.3569166666666667,0.3,0.59,0.19478126294296802","0,0,0"
41.8,182,AV,1,0,0,79,3024.224513765153,0.4,-12.768947947008424,"0.3048533333333333,0.3225787037037037,0.3817857142857143,0.4,0.79,0.14942389767216036","0,0,0"
23.95,270,AV,1,0,0,28,7332.887514065835,0.1,-4.4349155545928465,"0.2461474358974359,0.2807275641025641,0.34345000000000003,0.1,0.28,0.3623106117141683","0,0,0"
16.266666666666666,159,AV,1,0,0,10,2530.9644311939346,0.3,-3.11896626874404,"0.26857456140350877,0.29648421052631574,0.2784047619047619,0.3,0.1,0.12505241210010515","0,0,0"
19.716666666666665,193,AV,1,0,0,21,3278.222126324269,0.1,-1.6322124475764352,"0.21763333333333335,0.261675,0.3000666666666667,0.1,0.21,0.16197366475964245","0,0,0"
33.9,48,AV,0,0,0,83,914.1934345695068,0.9,-9.543444870887793,"0.26125252525252524,0.28873529411764703,0.4053333333333333,0.9,0.83,0.04516937998416169","0,0,0"
16.766666666666666,77,AV,1,0,0,16,1294.2551843223837,0.5,-2.7399425829720494,"0.28481884057971013,0.3143141025641026,0.3290769230769231,0.5,0.16,0.06394784955402583","0,0,0"
27.45,118,AV,0,0,0,58,1824.367004680513,0.5,-8.823090186676778,"0.24046491228070171,0.2922463126843658,0.3474375,0.5,0.58,0.09014014250035135","0,0,0"
19.783333333333335,217,AV,1,0,0,22,4021.28082322038,0.1,-2.008947953351259,"0.28824166666666673,0.3024113149847094,0.3659848484848485,0.1,0.22,0.19868744913115402","0,0,0"
45.7,266,AV,1,0,0,91,6778.2755320215965,0.3,-23.467211501014162,"0.31680555555555556,0.3245389408099688,0.3853333333333333,0.3,0.91,0.3349077903708691","0,0,0"
15.75,224,AV,1,0,0,12,4429.527615460413,1.0,-17.617439379672096,"0.2340833333333333,0.2976961805555556,0.3521944444444444,1.0,0.12,0.2188585133596875","0,0,0"
36.1,237,AV,1,0,0,62,4754.245589533712,0.2,-8.668094231422575,"0.2610217391304348,0.320573717948718,0.3627564102564102,0.2,0.62,0.234902502524312","0,0,0"
31.2,160,AV,1,0,0,51,2563.744074524839,0.1,-2.019919573868055,"0.32449358974358977,0.32904931972789114,0.3187777777777778,0.1,0.51,0.12667202137465233","0,0,0"
37.43333333333333,222,AV,0,0,0,89,4237.057085974603,0.6,-26.531389432068075,"0.2494705882352941,0.29818128654970755,0.3325,0.6,0.89,0.20934873768929974","0,0,0"
46.166666666666664,73,AV,1,0,0,92,1244.4027248274256,0.6,-8.704534211545376,"0.27744,0.32112202380952376,0.2682777777777778,0.6,0.92,0.06148468956958209","0,0,0"
30.616666666666667,285,AV,0,0,0,70,9280.176126726552,0.1,-9.67495098686729,"0.3299722222222223,0.3188673139158576,0.36055128205128206,0.1,0.7,0.4585241874827607","0,0,0"
43.28333333333333,284,AV,1,0,0,86,9095.945853089892,0.2,-19.88398264349701,"0.18744202898550724,0.24087745098039215,0.28420370370370374,0.2,0.86,0.44942155458275634","0,0,0"
33.81666666666667,247,AV,1,0,0,59,5168.6614957092925,0.3,-13.241432038881507,"0.2786416666666667,0.28442523364485983,0.35470512820512823,0.3,0.59,0.255378376480178","0,0,0"
34.86666666666667,62,AV,1,0,0,62,1025.7249596144625,0.2,-1.8062429423513935,"0.2704583333333333,0.297902140672783,0.3442727272727273,0.2,0.62,0.050680040687321244","0,0,0"
40.45,131,AV,2,0,0,75,2033.019749384408,0.3,-6.229973398681765,"0.3036666666666667,0.30614,0.35688333333333333,0.3,0.75,0.10044946518183244","0,0,0"
40.733333333333334,15,AV,1,0,0,74,601.3137559373858,0.5,-3.0926153609237605,"0.2663333333333333,0.28868589743589745,0.34108333333333335,0.5,0.74,0.029710309114645228","0,0,0"
27.633333333333333,256,AV,1,0,0,39,5844.130995646287,0.6,-24.468609067630158,"0.30518452380952377,0.3103157894736842,0.33119047619047615,0.6,0.39,0.28875264647231946","0,0,0"
12.066666666666666,203,AV,0,0,0,20,3580.4564780460023,0.1,-3.5910145160375864,"0.362963768115942,0.3338688271604939,0.3612592592592593,0.1,0.2,0.17690676071171996","0,0,0"
14.633333333333333,209,AV,1,0,0,5,3759.463069718096,0.1,-1.3892291983217544,"0.24880952380952379,0.28145795795795797,0.33987500000000004,0.1,0.05,0.18575129672910448","0,0,0"
11.65,57,AV,1,0,0,0,961.7772661313056,0.6,-1.697682598549956,"0.24914000000000003,0.29911279461279466,0.34125,0.6,0.0,0.04752044933955402","0,0,0"
45.28333333333333,245,AV,1,0,0,85,5009.92015912814,0.2,-11.457872956524541,"0.24033999999999994,0.3113142857142857,0.34291666666666665,0.2,0.85,0.24753512637567007","0,0,0"
16.65,119,AV,1,0,0,12,1848.7234685638712,0.3,-2.331912556938519,"0.22113636363636363,0.2730258899676375,0.3101794871794873,0.3,0.12,0.09134357093312716","0,0,0"
28.616666666666667,289,AV,1,0,0,44,11515.391842589095,0.2,-16.643036863405285,"0.26711111111111113,0.32820404984423684,0.36292592592592593,0.2,0.44,0.5689639524149042","0,0,0"
39.2,135,AV,1,0,0,72,2108.868816674547,0.1,-2.0875671114556122,"0.29168253968253965,0.29400471698113206,0.3499230769230769,0.1,0.72,0.10419709146344741","0,0,0"
23.166666666666668,293,AV,1,0,0,27,14754.343640924068,0.5,-43.15769709782083,"0.18890151515151515,0.22298625429553265,0.3030606060606061,0.5,0.27,0.7289973096860264","0,0,0"
12.033333333333333,229,AV,1,0,0,1,4609.601315671212,0.2,-2.8014580386486667,"0.32113888888888886,0.32163395638629283,0.34083333333333343,0.2,0.01,0.2277557741388637","0,0,0"
33.25,101,AV,1,0,0,59,1587.6148581174584,0.5,-6.665176014192612,"0.23073958333333333,0.30757471264367825,0.34568750000000004,0.5,0.59,0.07844245657766878","0,0,0"
25.916666666666668,26,AV,1,0,0,37,720.4688823460104,1.0,-4.71518986552208,"0.26409803921568625,0.2705818181818182,0.31835897435897437,1.0,0.37,0.035597644309025005","0,0,0"
26.766666666666666,253,AV,1,0,0,37,5654.280440205098,0.3,-11.465624225971448,"0.28918965517241385,0.30449019607843136,0.35248148148148145,0.3,0.37,0.2793723210896882","0,0,0"
8.666666666666666,211,AV,0,0,0,13,3783.636689084741,0.3,-4.98420590697483,"0.2773840579710144,0.2984707903780069,0.3367037037037036,0.3,0.13,0.18694569099783895","0,0,0"
31.716666666666665,96,AV,1,0,0,51,1541.4014724042315,0.7,-8.64183881056261,"0.23186904761904759,0.3029236111111111,0.3724583333333334,0.7,0.51,0.07615909957607497","0,0,0"
36.3,158,AV,1,0,0,65,2528.765907819195,0.2,-4.636070831001858,"0.20943333333333336,0.24010106382978727,0.30611904761904757,0.2,0.65,0.12494378526691811","0,0,0"
24.4,192,AV,1,0,0,32,3274.575105225111,0.2,-4.035334978156198,"0.2378461538461539,0.27368686868686865,0.33868333333333334,0.2,0.32,0.16179346910781556","0,0,0"
36.75,19,AV,1,0,0,67,617.4453946714843,0.7,-4.011056257051498,"0.25501785714285713,0.2870659340659341,0.3459761904761905,0.7,0.67,0.03050735719243069","0,0,0"
29.2,242,AV,1,0,0,40,4968.170350229253,0.1,-3.6633983390579337,"0.291079365079365,0.34260060060060055,0.3525416666666667,0.1,0.4,0.24547231022417584","0,0,0"
24.866666666666667,2,AV,1,0,0,33,506.5869000089976,0.3,-0.954327846986647,"0.2086222222222222,0.23682812499999997,0.29784615384615387,0.3,0.33,0.025029950244917432","0,0,0"
42.516666666666666,8,AV,0,0,0,96,548.7192496267361,0.1,-3.089134177524328,"0.2856111111111111,0.3238102310231023,0.35784615384615387,0.1,0.96,0.02711166734935643","0,0,0"
15.1,290,AV,1,0,0,4,12197.400506638176,0.3,-13.953086943199732,"0.36926785714285715,0.35009570957095704,0.3687878787878788,0.3,0.04,0.6026613159421645","0,0,0"
42.71666666666667,190,AV,1,0,0,82,3252.767976975094,0.2,-7.017545728103675,"0.30388461538461536,0.2858070175438596,0.37058974358974356,0.2,0.82,0.1607160007897979","0,0,0"
46.86666666666667,248,AV,1,0,0,97,5341.061461458292,0.1,-6.321155231321851,"0.24056790123456792,0.3032793650793651,0.31218749999999995,0.1,0.97,0.26389648574207625","0,0,0"
29.133333333333333,275,AV,0,0,0,65,7958.958807233507,0.1,-8.355328280742498,"0.23936111111111114,0.28631651376146794,0.3165476190476191,0.1,0.65,0.3932441658930853","0,0,0"
21.133333333333333,200,AV,1,0,0,26,3520.054626539052,0.2,-3.757095342130908,"0.22324242424242427,0.24402103559870553,0.3245666666666666,0.2,0.26,0.17392236585687273","0,0,0"
17.583333333333332,220,AV,1,0,0,19,4090.160813256426,0.1,-1.8161278021824618,"0.2452301587301587,0.2996812297734628,0.3485333333333333,0.1,0.19,0.20209074030082702","0,0,0"
43.583333333333336,149,AV,1,0,0,83,2314.8193170712048,0.3,-7.6429955986631315,"0.2760576923076923,0.2978452380952381,0.3472222222222222,0.3,0.83,0.11437289896607457","0,0,0"
40.65,225,AV,1,0,0,72,4459.768546990965,0.2,-9.156039971473874,"0.25343650793650796,0.28275154320987655,0.3142333333333333,0.2,0.72,0.22035268743240086","0,0,0"
49.21666666666667,98,AV,1,0,0,98,1564.4426034616197,0.1,-1.9443598518611798,"0.2581,0.3450677083333333,0.3395595238095238,0.1,0.98,0.07729753873417955","0,0,0"
26.75,168,AV,1,0,0,38,2813.5576138103806,0.4,-7.602289512063402,"0.21509523809523812,0.2910324074074074,0.3343636363636363,0.4,0.38,0.1390150576014335","0,0,0"
18.95,36,AV,0,0,0,29,813.126641713825,0.9,-6.00198860465386,"0.3440052083333333,0.34776190476190477,0.38931666666666664,0.9,0.29,0.040175771194542055","0,0,0"
13.633333333333333,206,AV,0,0,0,22,3623.60917519969,0.1,-3.7475220140207686,"0.20756666666666668,0.23320999999999997,0.3134166666666666,0.1,0.22,0.17903889216374055","0,0,0"
30.666666666666668,195,AV,1,0,0,47,3368.9508766880413,0.4,-10.435807429471375,"0.395103448275862,0.34785897435897434,0.3465714285714286,0.4,0.47,0.16645648124650464","0,0,0"
36.81666666666667,134,AV,1,0,0,63,2078.9202215407213,0.6,-11.59680497319054,"0.23989473684210527,0.2659393939393939,0.3185606060606061,0.6,0.63,0.10271736143866485","0,0,0"
29.633333333333333,258,AV,1,0,0,46,5912.288420941998,0.1,-4.424262968196495,"0.2922173913043478,0.28991333333333336,0.3642142857142857,0.1,0.46,0.2921202364434439","0,0,0"
25.683333333333334,91,AV,0,0,0,55,1485.5718097438446,0.2,-4.426991716174465,"0.21103333333333332,0.2771810897435897,0.34163888888888894,0.2,0.55,0.07340061198282061","0,0,0"
36.61666666666667,219,AV,1,0,0,65,4061.843573313689,0.4,-15.023350724865617,"0.16220370370370368,0.28663181818181815,0.33041666666666664,0.4,0.65,0.20069161389857007","0,0,0"
27.983333333333334,186,AV,1,0,0,40,3151.1733449572957,0.3,-6.68032834114053,"0.20612878787878788,0.2633768115942029,0.30961904761904757,0.3,0.4,0.1556963119969945","0,0,0"
44.85,44,AV,1,0,0,91,870.7377108213431,0.1,-0.9861764224832636,"0.24582183908045976,0.2699761904761905,0.34644871794871795,0.1,0.91,0.04302227629226974","0,0,0"
39.15,175,AV,0,0,0,92,2964.6777926145683,0.2,-8.361976544487895,"0.2790246913580247,0.29113679245283014,0.28806666666666664,0.2,0.92,0.14648175394988758","0,0,0"
47.6,40,AV,1,0,0,96,849.0657401736111,0.1,-1.0205941725319165,"0.23672666666666667,0.26089690721649483,0.3327083333333334,0.1,0.96,0.04195148597571712","0,0,0"
46.083333333333336,54,AV,1,0,0,89,946.2003450753726,0.2,-2.202225550617345,"0.2513066666666667,0.29723427672955977,0.3813518518518519,0.2,0.89,0.04675080930545112","0,0,0"
38.71666666666667,292,AV,2,0,0,74,14505.369879802229,0.3,-42.54542200856133,"0.18185185185185188,0.2516600660066007,0.28695833333333337,0.3,0.74,0.7166957660553899","0,0,0"
35.416666666666664,265,AV,1,0,0,61,6709.13861087917,0.1,-6.000387015201278,"0.2399551282051282,0.2736171617161716,0.342530303030303,0.1,0.61,0.3314918044931234","0,0,0"
23.533333333333335,89,AV,1,0,0,26,1467.6871321740252,0.2,-1.744422753055323,"0.18181250000000002,0.2444799382716049,0.32481249999999995,0.2,0.26,0.07251694801576773","0,0,0"
36.11666666666667,189,AV,2,0,0,50,3245.380745418587,0.1,-2.959907439108619,"0.2597115384615385,0.2845977564102564,0.3075,0.1,0.5,0.16035100509349434","0,0,0"
45.55,179,AV,1,0,0,87,2996.640782499388,1.0,-34.46893627344624,"0.31109333333333333,0.31672815533980586,0.34529166666666666,1.0,0.87,0.14806101319737625","0,0,0"
8.6,75,AV,0,0,0,12,1265.4739572733297,0.2,-3.0496503046742744,"0.28575438596491226,0.3018702064896755,0.34800000000000003,0.2,0.12,0.06252579801457091","0,0,0"
12.083333333333334,139,AV,0,0,0,20,2187.907521251699,0.2,-3.8352129233227963,"0.2677450980392157,0.31252064896755166,0.3120333333333334,0.2,0.2,0.10810231452182832","0,0,0"
15.483333333333333,70,AV,0,0,0,23,1167.011530479414,0.1,-2.956293649753946,"0.31513768115942026,0.29245261437908493,0.3632666666666667,0.1,0.23,0.05766086833794136","0,0,0"
17.55,136,AV,1,0,0,17,2123.4400354784907,0.5,-4.70535007861711,"0.25071929824561406,0.2863608562691131,0.36328333333333335,0.5,0.17,0.10491704075874904","0,0,0"
37.38333333333333,140,AV,1,0,0,70,2218.0502812558643,0.3,-6.2816752283546755,"0.2734166666666667,0.2908497023809524,0.3736499999999999,0.3,0.7,0.10959163803796217","0,0,0"
27.966666666666665,174,AV,1,0,0,40,2949.689674384749,0.2,-4.166312519880142,"0.1923466666666667,0.2651016666666667,0.295462962962963,0.2,0.4,0.14574120607241453","0,0,0"
48.28333333333333,90,AV,1,0,0,97,1475.2077210572677,0.3,-5.3960565251299295,"0.18251111111111112,0.26181304347826095,0.2906666666666667,0.3,0.97,0.07288853276372843","0,0,0"
12.7,208,AV,1,0,0,2,3758.845856207275,0.1,-1.2054884437836462,"0.24925438596491226,0.27718833333333337,0.3398787878787879,0.1,0.02,0.18572080082906037","0,0,0"
26.533333333333335,180,AV,1,0,0,33,3001.8426729260827,0.1,-2.0113356630043455,"0.3090625,0.29541358024691355,0.31189583333333337,0.1,0.33,0.14831803338198302","0,0,0"
27.05,169,AV,1,0,0,37,2850.5966631146844,0.4,-7.788751488611334,"0.2586805555555556,0.28633650793650794,0.3127878787878788,0.4,0.37,0.14084511984976505","0,0,0"
20.35,132,AV,1,0,0,24,2035.9911412414244,0.5,-5.231366126800882,"0.28062820512820513,0.304985294117647,0.32205555555555554,0.5,0.24,0.10059627867096521","0,0,0"
30.366666666666667,104,AV,1,0,0,47,1597.8734280578535,0.2,-2.4506105942099405,"0.2333333333333334,0.2972112068965517,0.3256666666666667,0.2,0.47,0.07894932222142612","0,0,0"
40.96666666666667,121,AV,0,0,0,95,1885.557658153182,0.2,-6.40126323547182,"0.2696913580246913,0.3232852564102564,0.3492962962962963,0.2,0.95,0.09316351126856799","0,0,0"
13.916666666666666,171,AV,1,0,0,5,2909.5116230827134,0.1,-1.0224925106372331,"0.25443055555555555,0.2848981481481482,0.3092083333333333,0.1,0.05,0.14375604888613547","0,0,0"
32.266666666666666,59,AV,1,0,0,54,985.8695826897422,0.2,-1.606602282901802,"0.2444347826086956,0.29604761904761906,0.348625,0.2,0.54,0.04871082651814225","0,0,0"
42.96666666666667,1,AV,1,0,0,81,491.8679742725259,0.2,-1.0673700653826363,"0.26621153846153844,0.3043126984126985,0.3618888888888889,0.2,0.81,0.024302702898339818","0,0,0"
33.86666666666667,148,AV,1,0,0,59,2302.618320259251,0.1,-1.9692426038580797,"0.2819404761904762,0.2816984126984127,0.33561904761904765,0.1,0.59,0.11377005996029654","0,0,0"
34.95,276,AV,1,0,0,62,8028.27043643778,0.3,-21.25667058738639,"0.22090151515151515,0.24820424836601304,0.3061666666666667,0.3,0.62,0.39666878392080435","0,0,0"
15.033333333333333,78,AV,1,0,0,9,1310.9401185904849,0.3,-1.4930151350613854,"0.27181818181818185,0.3074428571428572,0.35923809523809525,0.3,0.09,0.06477223540877823","0,0,0"
26.783333333333335,183,AV,1,0,0,39,3065.2253709468137,0.5,-10.365776875234701,"0.27349999999999997,0.27213117283950616,0.3447037037037037,0.5,0.39,0.15144970887106365","0,0,0"
48.13333333333333,271,AV,1,0,0,100,7336.658338656486,0.7,-62.42335226190215,"0.25777500000000003,0.26020642201834865,0.35524242424242425,0.7,1.0,0.3624969243722426","0,0,0"
47.18333333333333,260,AV,2,0,0,95,5985.732437913218,0.2,-14.263980245565923,"0.2454753086419753,0.262020202020202,0.3320277777777778,0.2,0.95,0.2957490316028605","0,0,0"
17.733333333333334,56,AV,1,0,0,18,959.5289757906356,0.1,-0.42968805986584024,"0.20696428571428574,0.2503971631205674,0.28918749999999993,0.1,0.18,0.04740936357053375","0,0,0"
37.63333333333333,161,AV,1,0,0,69,2612.3907844155665,0.3,-7.447952514154481,"0.2491944444444444,0.3331447811447812,0.39849999999999997,0.3,0.69,0.12907560648141725","0,0,0"
27.716666666666665,239,AV,1,0,0,39,4925.450001742355,0.4,-13.789601604204607,"0.26351587301587304,0.2986426282051282,0.36198888888888886,0.4,0.39,0.24336154068581314","0,0,0"
45.11666666666667,199,AV,1,0,0,89,3487.44186130441,0.4,-15.893106260186935,"0.2952474747474747,0.2861836734693878,0.3565185185185185,0.4,0.89,0.17231100186155868","0,0,0"
23.366666666666667,150,AV,1,0,0,29,2318.1098695731453,0.2,-2.735681849445749,"0.18675,0.2619525993883792,0.25733333333333336,0.2,0.29,0.11453548186231685","0,0,0"
32.03333333333333,100,AV,1,0,0,52,1573.7150367511856,0.2,-2.5460271890873556,"0.2839294871794872,0.30907575757575756,0.3112833333333333,0.2,0.52,0.07775568035585004","0,0,0"
18.55,216,AV,1,0,0,22,3958.913906791885,0.2,-3.7089824732822962,"0.20109313725490197,0.2419,0.33769999999999994,0.2,0.22,0.19560596239095915","0,0,0"
46.7,164,AV,1,0,0,94,2744.8905386527767,0.3,-9.711090011748839,"0.2822608695652174,0.2879303030303031,0.32457142857142857,0.3,0.94,0.1356222863421919","0,0,0"
42.5,86,AV,0,0,0,96,1405.7852601227096,0.4,-8.534936722749006,"0.2447777777777778,0.312422558922559,0.37750000000000006,0.4,0.96,0.0694584386514629","0,0,0"
38.733333333333334,63,AV,1,0,0,71,1052.4070316009115,0.1,-1.0293745544783326,"0.2248390804597701,0.2971264367816092,0.3280119047619047,0.1,0.71,0.05199837508215116","0,0,0"
23.183333333333334,170,AV,1,0,0,29,2891.134206742707,0.5,-8.462894952817983,"0.24878260869565222,0.2745632716049383,0.30672222222222223,0.5,0.29,0.14284803919103217","0,0,0"
34.18333333333333,95,AV,0,0,0,86,1526.0895405694364,0.5,-9.086720639115981,"0.28328030303030305,0.28887460317460323,0.3157166666666667,0.5,0.86,0.07540255239340664","0,0,0"
31.283333333333335,87,AV,1,0,0,50,1421.705549214182,0.6,-6.73874069665409,"0.2767466666666667,0.2730067340067339,0.2912222222222222,0.6,0.5,0.07024504415554754","0,0,0"
23.733333333333334,257,AV,1,0,0,31,5882.279762541917,0.4,-14.101626905487693,"0.20161403508771933,0.2668380503144654,0.3574333333333333,0.4,0.31,0.29063753875296394","0,0,0"
17.416666666666668,127,AV,0,0,0,28,1997.7276787447236,0.9,-10.407672061697864,"0.3050555555555555,0.2922514880952381,0.34647435897435896,0.9,0.28,0.09870571939579707","0,0,0"
40.05,197,AV,1,0,0,72,3393.6426315430986,0.3,-10.296620257068264,"0.35158333333333336,0.36525714285714295,0.3390952380952381,0.3,0.72,0.16767647606964517","0,0,0"
16.466666666666665,184,AV,1,0,0,14,3101.095365071405,0.1,-1.2895127191458535,"0.39535000000000003,0.35772023809523806,0.4151666666666667,0.1,0.14,0.15322200927639995","0,0,0"
24.666666666666668,196,AV,1,0,0,34,3387.2787239910285,0.2,-4.219842181402965,"0.2697619047619047,0.29951215277777776,0.3561888888888889,0.2,0.34,0.16736204178524355","0,0,0"
28.233333333333334,20,AV,1,0,0,40,626.2908344343901,0.1,-0.4465221689948893,"0.1829135802469136,0.2551864686468647,0.29556944444444444,0.1,0.4,0.030944401492541913","0,0,0"
10.316666666666666,39,AV,0,0,0,19,835.7777612710734,0.5,-3.5886919912180018,"0.28580555555555553,0.25956802721088434,0.3198518518518519,0.5,0.19,0.04129494027589717","0,0,0"
18.416666666666668,84,AV,1,0,0,18,1365.417472605012,0.2,-1.2700221441317663,"0.2244545454545454,0.27447175141242935,0.30925,0.2,0.18,0.06746390678921493","0,0,0"
31.083333333333332,27,AV,1,0,0,50,727.2326469992182,0.6,-3.424971935993793,"0.23250000000000004,0.26146116504854366,0.29766666666666663,0.6,0.5,0.03593183513143892","0,0,0"
34.6,94,AV,1,0,0,60,1509.578116022191,0.2,-2.637949637089283,"0.26513636363636367,0.28789766081871343,0.3115,0.2,0.6,0.07458673947980204","0,0,0"
29.316666666666666,68,AV,1,0,0,42,1148.2139867956057,0.2,-1.7000912481258168,"0.2347619047619048,0.24097424242424242,0.3040740740740741,0.2,0.42,0.05673210057248192","0,0,0"
45.7,166,AV,1,0,0,87,2761.3662775036096,0.3,-9.560184763781436,"0.2904583333333333,0.30994158075601375,0.36919444444444444,0.3,0.87,0.13643633606135613","0,0,0"
30.716666666666665,23,AV,1,0,0,47,670.158540600369,0.1,-0.5198241541778115,"0.30589743589743595,0.31437254901960787,0.36980555555555555,0.1,0.47,0.033111860822172434","0,0,0"
40.583333333333336,250,AV,1,0,0,74,5386.149373461946,0.6,-33.119378091868285,"0.24222549019607842,0.2924127725856697,0.3238181818181818,0.6,0.74,0.2661242342173697","0,0,0"
15.216666666666667,274,AV,1,0,0,9,7592.14370769901,0.1,-2.917351517310268,"0.32815740740740734,0.3007032967032967,0.33042857142857146,0.1,0.09,0.37512020001424035","0,0,0"
30.816666666666666,243,AV,0,0,0,73,4999.976398121604,0.3,-14.172924697129854,"0.2313452380952381,0.23057755775577557,0.31092857142857144,0.3,0.73,0.24704381512534654","0,0,0"
21.2,99,AV,1,0,0,25,1567.0706205360798,0.1,-0.8389367968526489,"0.2649074074074074,0.30505705705705705,0.2793333333333333,0.1,0.25,0.07742738641996724","0,0,0"
42.63333333333333,172,AV,1,0,0,77,2909.8477340427667,0.5,-15.663700554885095,"0.30982,0.28692410714285715,0.3082777777777778,0.5,0.77,0.1437726557913017","0,0,0"
37.333333333333336,42,AV,0,0,0,92,854.5785374972068,0.2,-4.111326535348269,"0.23405128205128206,0.27417687074829933,0.35741666666666666,0.2,0.92,0.04222386775802824","0,0,0"
26.533333333333335,129,AV,2,0,0,27,2015.5588757501516,0.3,-4.051476932063436,"0.1605175438596491,0.22583514492753617,0.2776805555555556,0.3,0.27,0.09958674094184428","0,0,0"
22.166666666666668,25,AV,0,0,0,45,679.8949342204361,0.1,-2.880580918566153,"0.30010833333333337,0.3338774509803921,0.32391666666666663,0.1,0.45,0.033592926258074716","0,0,0"
23.866666666666667,10,AV,0,0,0,48,583.3206434887895,0.8,-5.312508961198473,"0.3357971014492754,0.32402403846153854,0.3686410256410257,0.8,0.48,0.028821287489073047","0,0,0"
12.283333333333333,9,AV,1,0,0,2,572.7967315704935,0.1,-0.17767306025566237,"0.28994871794871796,0.3121260504201681,0.3171875,0.1,0.02,0.02830131156452355","0,0,0"
19.716666666666665,244,AV,1,0,0,23,5004.1281918097375,0.1,-2.491533523110656,"0.2681166666666666,0.23759666666666668,0.30423333333333336,0.1,0.23,0.2472489510841313","0,0,0"
36.96666666666667,117,AV,1,0,0,69,1823.811293294481,0.5,-8.512654563398904,"0.2372962962962963,0.3165336257309942,0.32520833333333327,0.5,0.69,0.09011268535856054","0,0,0"
30.733333333333334,110,AV,1,0,0,49,1653.1781197118603,0.2,-2.5660441521453454,"0.27422395833333335,0.2962826797385621,0.35244444444444445,0.2,0.49,0.08168187152419273","0,0,0"
13.633333333333333,60,AV,1,0,0,2,1020.7360413649084,1.0,-3.5141501760795246,"0.19458771929824564,0.27464886731391586,0.27364814814814814,1.0,0.02,0.05043354324421705","0,0,0"
20.666666666666668,11,AV,1,0,0,24,586.8516376274475,0.3,-0.918808119517721,"0.3071428571428571,0.31898809523809524,0.3838095238095237,0.3,0.24,0.028995750365243225","0,0,0"
16.716666666666665,218,AV,1,0,0,16,4034.238052294327,0.1,-1.7030053730855261,"0.24242857142857144,0.2568126843657817,0.3708333333333333,0.1,0.16,0.1993276528139321","0,0,0"
26.033333333333335,80,AV,0,0,0,51,1323.5149786113286,0.1,-3.370088550753744,"0.21050793650793648,0.2840314465408805,0.3004615384615385,0.1,0.51,0.06539354662044386","0,0,0"
44.65,141,AV,1,0,0,86,2225.3307045190536,0.9,-22.582049081085394,"0.2589772727272727,0.2664831804281345,0.3060740740740741,0.9,0.86,0.1099513564437013","0,0,0"
25.25,297,AV,1,0,0,37,18628.94525544202,0.2,-23.756609479793486,"0.32051515151515153,0.3255484848484849,0.3549583333333333,0.2,0.37,0.9204374863438488","0,0,0"
26.516666666666666,13,AV,1,0,0,39,595.9176043698985,0.1,-0.39903405242108947,"0.18613580246913583,0.28273899371069183,0.3408809523809524,0.1,0.39,0.029443690682060725","0,0,0"
35.81666666666667,115,AV,1,0,0,61,1717.0377309640771,0.5,-7.764970715155307,"0.24717499999999998,0.28497557471264373,0.38733333333333336,0.5,0.61,0.0848371108173414","0,0,0"
23.0,6,AV,1,0,0,29,541.9839687696077,0.1,-0.3147886687298227,"0.26907051282051286,0.2581016666666666,0.30633333333333335,0.1,0.29,0.02677888388271631","0,0,0"
17.616666666666667,122,AV,0,0,0,23,1899.102970895097,0.6,-7.56907030362656,"0.21185087719298243,0.25831372549019604,0.3371805555555556,0.6,0.23,0.0938327715750938","0,0,0"
29.0,194,AV,1,0,0,41,3362.377553451843,0.3,-7.387041594704806,"0.31288636363636363,0.2810416666666667,0.35185714285714276,0.3,0.41,0.1661316999433504","0,0,0"
12.533333333333333,235,AV,1,0,0,1,4689.4303597647895,0.1,-1.4841968142016506,"0.25179012345679014,0.2830645161290322,0.3457500000000001,0.1,0.01,0.2317000470794511","0,0,0"
15.866666666666667,28,AV,0,0,0,23,742.4887258523852,0.5,-3.9874774137446773,"0.3205128205128205,0.32498427672955976,0.41418750000000004,0.5,0.23,0.0366856226743472","0,0,0"
30.683333333333334,32,AV,1,0,0,46,767.6170681366935,0.1,-0.5947739993432883,"0.31118965517241376,0.3187198581560284,0.35293137254901963,0.1,0.46,0.03792718884414417","0,0,0"
23.766666666666666,82,AV,0,0,0,52,1342.087988935639,0.3,-4.916436202300784,"0.23837037037037034,0.31143632958801504,0.3230357142857143,0.3,0.52,0.06631122041798494","0,0,0"
17.45,18,AV,1,0,0,13,616.3739675020589,0.6,-1.6296554140774133,"0.3102083333333334,0.28542698412698414,0.3605,0.6,0.13,0.030454419051430016","0,0,0"
47.05,299,AV,1,0,0,98,20239.22920549412,0.4,-96.18744789075741,"0.23135784313725488,0.2841006944444444,0.29826666666666674,0.4,0.98,1.0","0,0,0"
45.05,85,AV,1,0,0,84,1391.0507319816634,0.2,-3.164991690695653,"0.2690902777777778,0.28816055045871564,0.41307142857142864,0.2,0.84,0.06873042040573611","0,0,0"
37.06666666666667,102,AV,1,0,0,66,1588.8002265047048,1.0,-14.871598079741009,"0.26699999999999996,0.2881458333333333,0.3616805555555556,1.0,0.66,0.07850102443987396","0,0,0"
24.966666666666665,5,AV,1,0,0,37,539.5213747330826,0.5,-1.7007639296089174,"0.3151944444444444,0.2876944444444444,0.3546333333333333,0.5,0.37,0.026657209583190285","0,0,0"
26.5,204,AV,1,0,0,38,3583.4963710051925,0.2,-4.796093627860485,"0.23984027777777783,0.2787962962962962,0.34850000000000003,0.2,0.38,0.17705695877155342","0,0,0"
24.15,157,AV,2,0,0,11,2486.38103050259,0.3,-4.548947112624056,"0.27899999999999997,0.3225902777777778,0.3575757575757576,0.3,0.11,0.12284959102235175","0,0,0"
30.05,71,AV,1,0,0,47,1174.3503864217532,0.2,-1.7822842985845295,"0.3227777777777777,0.31091077441077436,0.3604166666666667,0.2,0.47,0.05802347384370573","0,0,0"
34.916666666666664,138,AV,1,0,0,61,2187.718469250836,0.5,-9.644928857492635,"0.2932222222222222,0.34683653846153845,0.3671111111111111,0.5,0.61,0.10809297365222585","0,0,0"
24.783333333333335,29,AV,1,0,0,31,742.6585956180782,0.1,-0.46478675575929396,"0.2401739130434782,0.295,0.3646041666666667,0.1,0.31,0.03669401576896401","0,0,0"
28.983333333333334,295,AV,1,0,0,46,17322.90883950548,0.2,-25.357355616077466,"0.1972631578947369,0.2872236842105263,0.2920238095238096,0.2,0.46,0.8559075379611304","0,0,0"
33.88333333333333,286,AV,1,0,0,58,10450.70686878338,0.2,-17.88408002040119,"0.31107999999999997,0.30462980769230763,0.38957575757575763,0.2,0.58,0.5163589365323479","0,0,0"
46.233333333333334,55,AV,1,0,0,92,950.4213588862824,0.1,-1.1096249366795234,"0.25375308641975314,0.28673333333333334,0.32389743589743597,0.1,0.92,0.04695936536102284","0,0,0"
39.11666666666667,31,AV,0,0,0,93,763.1985099142711,0.1,-3.253883376586193,"0.2661764705882353,0.30743925233644864,0.3418750000000001,0.1,0.93,0.03770887231748401","0,0,0"
35.583333333333336,49,AV,0,0,0,91,921.9548251796884,1.0,-10.784400470364625,"0.2671491228070175,0.295179012345679,0.36490476190476184,1.0,0.91,0.04555286250374671","0,0,0"
44.35,109,AV,0,0,0,96,1649.648602545546,0.7,-15.43266183485517,"0.26679629629629625,0.3035959119496856,0.3889791666666666,0.7,0.96,0.08150748162374356","0,0,0"
35.766666666666666,120,AV,0,0,0,86,1862.7228332236152,0.3,-7.547226262749846,"0.3178333333333333,0.3126652661064426,0.3595333333333333,0.3,0.86,0.09203526548916015","0,0,0"
10.083333333333334,69,AV,0,0,0,19,1148.9174546898266,0.1,-2.7925484259626874,"0.24028260869565216,0.27859856630824376,0.36822222222222223,0.1,0.19,0.05676685821503235","0,0,0"
25.633333333333333,181,AV,1,0,0,36,3022.892107624705,0.4,-7.826949598529961,"0.30474999999999997,0.3204501557632398,0.32626666666666665,0.4,0.36,0.14935806482215805","0,0,0"
31.2,52,AV,1,0,0,47,938.3100494872764,0.1,-0.7392745844445208,"0.33860256410256406,0.3609540229885057,0.40442424242424246,0.1,0.47,0.04636095772029518","0,0,0"
28.15,128,AV,1,0,0,42,2010.868248891871,0.3,-4.288328879265619,"0.2676666666666667,0.25992138364779876,0.30721111111111116,0.3,0.42,0.09935498177697413","0,0,0"
40.31666666666667,223,AV,1,0,0,75,4412.688598555705,0.1,-4.492547861913406,"0.31303472222222223,0.31746254681647934,0.3681428571428572,0.1,0.75,0.21802651443652019","0,0,0"
40.31666666666667,228,AV,2,0,0,77,4549.115907877681,0.9,-41.682997655894354,"0.2996111111111111,0.3262327044025157,0.3956666666666668,0.9,0.77,0.22476725085176577","0,0,0"
13.416666666666666,201,AV,1,0,0,4,3523.1638559153366,0.2,-2.3873290437810155,"0.28896913580246913,0.29508762886597933,0.33724999999999994,0.2,0.04,0.1740759897594787","0,0,0"
22.383333333333333,167,AV,1,0,0,28,2793.3389947689566,0.6,-9.473369368623,"0.25622666666666666,0.32818637992831534,0.37806944444444446,0.6,0.28,0.13801607592895285","0,0,0"
46.6,65,AV,1,0,0,92,1111.987968807459,0.1,-1.3085514986471614,"0.25958333333333333,0.30209034267912765,0.3571923076923077,0.1,0.92,0.05494220938540485","0,0,0"
16.983333333333334,114,AV,1,0,0,17,1703.2333497257905,0.2,-1.4609383698405563,"0.23621153846153845,0.2728630363036304,0.3162435897435897,0.2,0.17,0.08415505019644881","0,0,0"
43.38333333333333,50,AV,1,0,0,87,931.9887487728153,0.2,-2.0420595227741063,"0.19994444444444442,0.2865298742138365,0.34762499999999996,0.2,0.87,0.046048628596973375","0,0,0"
26.116666666666667,38,AV,1,0,0,38,832.4581618945489,0.7,-3.843111775177318,"0.3042246376811595,0.3261818181818182,0.38873809523809527,0.7,0.38,0.041130922202737376","0,0,0"
25.75,103,AV,2,0,0,17,1594.6992934726818,0.3,-3.1108717277970874,"0.4042592592592593,0.2930196078431373,0.37476666666666675,0.3,0.17,0.07879249141759738","0,0,0"
29.066666666666666,17,AV,1,0,0,38,615.3970356119416,0.5,-2.258527841134735,"0.32517543859649123,0.3694464831804282,0.3615,0.5,0.38,0.030406149827330708","0,0,0"
24.55,191,AV,1,0,0,29,3257.3450634265246,0.3,-6.058168280842514,"0.26980701754385966,0.2844060606060606,0.3345606060606061,0.3,0.29,0.1609421500371313","0,0,0"
27.166666666666668,187,AV,1,0,0,38,3159.4556453821087,0.4,-8.669886703657976,"0.2639097222222222,0.28736274509803916,0.33090476190476187,0.4,0.38,0.15610553214765938","0,0,0"
14.85,3,AV,1,0,0,9,513.3463032142733,0.2,-0.38500972741070505,"0.30268627450980395,0.28016825396825396,0.33760416666666665,0.2,0.09,0.02536392557256681","0,0,0"
42.25,83,AV,1,0,0,79,1348.5865378412918,0.6,-8.63299715512039,"0.28699242424242416,0.33153795379537954,0.3411666666666666,0.6,0.79,0.0666323071965214","0,0,0"
46.03333333333333,214,AV,1,0,0,91,3941.04555698938,0.1,-4.581299591079405,"0.32858888888888893,0.33500840336134446,0.3020555555555556,0.1,0.91,0.19472310516250035","0,0,0"
46.03333333333333,188,AV,1,0,0,94,3206.59631480788,1.0,-37.27533258206803,"0.2811388888888889,0.30722222222222223,0.34637500000000004,1.0,0.94,0.15843470530673276","0,0,0"
24.3,232,AV,1,0,0,34,4645.51881630073,0.1,-2.850659273639084,"0.32409090909090904,0.32753875968992247,0.3608333333333333,0.1,0.34,0.2295304217929239","0,0,0"
21.133333333333333,133,AV,1,0,0,24,2046.5713793034688,0.3,-3.2765814507030284,"0.29584895833333336,0.2744385964912281,0.3354358974358974,0.3,0.24,0.10111903761374018","0,0,0"
28.533333333333335,123,AV,1,0,0,41,1929.5758599688188,0.1,-1.390334121324334,"0.2742944444444444,0.2859561403508772,0.3343076923076923,0.1,0.41,0.09533840643718873","0,0,0"
15.216666666666667,35,AV,1,0,0,5,783.6834518391023,0.2,-0.6022752453948657,"0.34757142857142853,0.327547385620915,0.3709833333333333,0.2,0.05,0.038721012736313315","0,0,0"
34.06666666666667,264,AV,1,0,0,57,6254.49597505133,0.3,-16.141653753794092,"0.2720434782608696,0.3272892156862745,0.3653333333333333,0.3,0.57,0.3090283682025544","0,0,0"
32.766666666666666,252,AV,2,0,0,46,5590.116807812239,0.5,-23.127461372388176,"0.36359166666666665,0.3018888888888889,0.3312307692307692,0.5,0.46,0.27620206041714035","0,0,0"
20.466666666666665,126,AV,2,0,0,3,1986.5043233563797,0.5,-5.133474977023641,"0.22630666666666666,0.23132424242424243,0.266875,0.5,0.03,0.09815118467145603","0,0,0"
39.81666666666667,147,AV,1,0,0,71,2294.767722006211,0.1,-2.3073232693067505,"0.2842733333333333,0.3130892255892256,0.37665000000000004,0.1,0.71,0.11338216978061968","0,0,0"
39.95,0,AV,1,0,0,74,437.5592869272848,0.5,-2.2071330192859886,"0.23021428571428573,0.3007003058103976,0.3387,0.5,0.74,0.021619365168734063","0,0,0"
20.066666666666666,155,AV,1,0,0,20,2446.4664131825853,0.3,-3.7191231836765564,"0.23031944444444444,0.2626372549019608,0.2995,0.3,0.2,0.12087744984470407","0,0,0"
29.416666666666668,202,AV,1,0,0,43,3534.445695738256,0.5,-13.127728646839271,"0.2602666666666667,0.2745333333333333,0.2972708333333334,0.5,0.43,0.1746334141410286","0,0,0"
18.1,268,AV,1,0,0,17,6918.069898529506,0.2,-6.324094200170913,"0.3023106060606061,0.3213253205128205,0.3855238095238095,0.2,0.17,0.34181488970200175","0,0,0"
24.933333333333334,185,AV,1,0,0,30,3131.512437779759,0.4,-7.886772065519392,"0.25866049382716044,0.31179807692307693,0.3340925925925926,0.4,0.3,0.15472488630790748","0,0,0"
20.7,145,AV,1,0,0,22,2271.53748778668,0.3,-3.5621837876654743,"0.28911363636363635,0.30260158730158726,0.3423076923076923,0.3,0.22,0.11223438722508516","0,0,0"
23.283333333333335,241,AV,1,0,0,30,4951.479839002994,0.1,-2.9112867571915757,"0.333,0.34006507936507935,0.36962820512820516,0.1,0.3,0.2446476488175187","0,0,0"
32.55,296,AV,1,0,0,58,17693.100214811147,0.5,-72.715961110114,"0.2891666666666667,0.2769102564102564,0.35948888888888886,0.5,0.58,0.874198322236906","0,0,0"
16.983333333333334,163,AV,1,0,0,14,2744.255474143275,1.0,-11.769344815454534,"0.21002083333333335,0.2731563573883161,0.3530641025641026,1.0,0.14,0.13559090844222083","0,0,0"
12.516666666666667,143,AV,1,0,0,2,2250.3510049999354,0.4,-2.8451407487457097,"0.20818181818181816,0.28121739130434786,0.34472916666666664,0.4,0.02,0.11118758437643748","0,0,0"
38.18333333333333,93,AV,2,0,0,53,1496.328062426438,0.6,-8.656786846007497,"0.3143563218390804,0.30798058252427185,0.37475,0.6,0.53,0.07393206763132296","0,0,0"
30.966666666666665,97,AV,1,0,0,48,1546.5147326922538,0.4,-4.837414769936376,"0.2323115942028985,0.2728395061728395,0.32403703703703707,0.4,0.48,0.07641174063449208","0,0,0"
17.75,92,AV,1,0,0,14,1490.1599361877834,0.1,-0.6679378501851807,"0.2857733333333333,0.3039226804123711,0.34882407407407406,0.1,0.14,0.0736273067051025","0,0,0"
39.6,162,AV,1,0,0,71,2629.980017260476,0.7,-18.409860120823332,"0.24992753623188413,0.28355092592592596,0.3459814814814815,0.7,0.71,0.1299446728211638","0,0,0"
20.566666666666666,88,AV,2,0,0,3,1460.106853854364,0.1,-0.7583214889125781,"0.31395833333333334,0.27565643274853796,0.3066666666666667,0.1,0.03,0.07214241407266661","0,0,0"
43.21666666666667,173,AV,1,0,0,81,2942.323800284961,0.2,-6.422092267793691,"0.3217894736842105,0.2771666666666667,0.31085416666666665,0.2,0.81,0.14537726562660996","0,0,0"
35.28333333333333,178,AV,2,0,0,54,2987.078671303881,0.3,-7.98440094337161,"0.2876228070175439,0.2839803030303031,0.31124242424242426,0.3,0.54,0.14758855888113623","0,0,0"
37.583333333333336,240,AV,1,0,0,63,4934.883137056144,0.9,-42.1521267956879,"0.14612280701754388,0.22836893203883496,0.26775757575757575,0.9,0.63,0.2438276224331965","0,0,0"
23.75,205,AV,1,0,0,32,3608.770587345788,1.0,-21.643510467035977,"0.24454022988505744,0.28140034364261163,0.3171904761904762,1.0,0.32,0.17830573243205106","0,0,0"
47.05,226,AV,1,0,0,97,4504.939201911708,0.1,-5.352459329544088,"0.27136111111111116,0.31084259259259256,0.3488939393939393,0.1,0.97,0.2225845241521748","0,0,0"
40.666666666666664,107,AV,2,0,0,79,1628.9397076974285,0.2,-3.345633743082261,"0.289962962962963,0.3027281553398058,0.3583,0.2,0.79,0.0804842759157665","0,0,0"
31.25,43,AV,1,0,0,50,857.6590975250949,0.2,-1.353628626144405,"0.24015384615384616,0.2912777777777778,0.3535925925925926,0.2,0.5,0.04237607513690668","0,0,0"
20.7,238,AV,0,0,0,40,4864.205776554158,0.3,-10.1279590586872,"0.2506794871794872,0.2583820224719101,0.308375,0.3,0.4,0.24033552499290464","0,0,0"
14.883333333333333,124,AV,1,0,0,6,1950.0200213032829,0.3,-2.198696816949282,"0.2328257575757576,0.2950990566037736,0.3265277777777778,0.3,0.06,0.09634853192798135","0,0,0"
39.2,259,AV,1,0,0,73,5984.209260784091,0.1,-5.923762702594354,"0.24529629629629635,0.3058273809523809,0.3052500000000001,0.1,0.73,0.2956737729497932","0,0,0"
31.15,176,AV,1,0,0,51,2966.188350320237,0.3,-6.999755084278437,"0.28075438596491226,0.2985111111111111,0.32998717948717954,0.3,0.51,0.14655638908990856","0,0,0"
24.966666666666665,287,AV,1,0,0,34,10751.672106064549,0.1,-6.778621555086151,"0.17840740740740743,0.24985454545454547,0.3127142857142858,0.1,0.34,0.5312293268137855","0,0,0"
