travel_time,id,kind,action,origin,destination,start_time,income,urgency,reward,observation,cost_table
45.016666666666666,109,AV,2,0,0,93,1659.6531244520008,0.2,-3.7733359336236143,"0.22916025641025636,0.29654251700680273,0.3437239583333333,0.2,0.93,0.07981669628967558","0,0,0"
29.916666666666668,84,AV,1,0,0,55,1444.5182772575097,0.1,-1.0912922170358712,"0.20584090909090907,0.26060144927536233,0.322139534883721,0.1,0.55,0.06947034589460839","0,0,0"
41.916666666666664,174,AV,2,0,0,83,2758.442965787371,1.0,-29.19816523129309,"0.2229166666666667,0.29608090614886734,0.35715123456790127,1.0,0.83,0.13266013312591463","0,0,0"
30.366666666666667,6,AV,1,0,0,52,508.6019702527906,0.8,-3.1201104033689715,"0.2147258064516129,0.2813694968553459,0.3520326086956522,0.8,0.52,0.024459887668034006","0,0,0"
39.1,121,AV,1,0,0,81,1822.2981036688468,0.2,-3.5985785784571673,"0.19010144927536232,0.28196438746438746,0.3148100775193799,0.2,0.81,0.08763868313616077","0,0,0"
32.983333333333334,235,AV,1,0,0,66,4381.240268036911,0.7,-25.54432720248962,"0.2136190476190476,0.2997951070336391,0.3535786163522012,0.7,0.66,0.2107043445969861","0,0,0"
28.116666666666667,131,AV,0,0,0,79,1975.501985353583,0.4,-6.1105586688409,"0.22204666666666667,0.30876323987538945,0.3504367816091954,0.4,0.79,0.09500662497573499","0,0,0"
19.75,187,AV,2,0,0,0,2968.817229463249,0.2,-2.961320216257534,"0.20630434782608698,0.2692633053221289,0.3328564814814815,0.2,0.0,0.14277753565032827","0,0,0"
33.53333333333333,278,AV,1,0,0,73,7332.887514065835,0.1,-6.209499022853728,"0.205183908045977,0.2725165165165165,0.3238731884057971,0.1,0.73,0.3526561345942708","0,0,0"
29.366666666666667,199,AV,2,0,0,21,3387.2787239910285,0.1,-2.5119465958216303,"0.18394871794871792,0.24642251461988302,0.3094933333333333,0.1,0.21,0.16290235180953377","0,0,0"
34.0,99,AV,1,0,0,64,1581.4824060924602,0.4,-5.431353717893297,"0.2324035087719298,0.27842608695652177,0.3318750000000001,0.4,0.64,0.0760572790993459","0,0,0"
18.533333333333335,149,AV,1,0,0,14,2193.4249838744518,0.1,-1.0265524335304674,"0.23943333333333336,0.3072438596491228,0.3573102564102564,0.1,0.14,0.10548706425018813","0,0,0"
17.316666666666666,94,AV,1,0,0,11,1519.7273932229994,0.2,-1.329121853163886,"0.20912666666666663,0.31245545977011496,0.3466292517006802,0.2,0.11,0.07308733252801383","0,0,0"
26.633333333333333,198,AV,0,0,0,73,3366.895459871004,0.5,-11.822177914296851,"0.2494333333333333,0.30894495412844036,0.3572857142857142,0.5,0.73,0.16192207178734694","0,0,0"
27.166666666666668,258,AV,1,0,0,44,5168.6614957092925,0.3,-10.637523027785539,"0.19084848484848482,0.3116523809523809,0.34960691823899365,0.3,0.44,0.24857331857425743","0,0,0"
26.15,74,AV,1,0,0,36,1301.8927857652438,0.1,-0.8597095037313415,"0.21393478260869567,0.3068960244648318,0.3460486111111111,0.1,0.36,0.06261114419162438","0,0,0"
33.5,178,AV,1,0,0,69,2835.850686157305,0.3,-7.197045301990129,"0.19921969696969696,0.25528666666666666,0.31122058823529414,0.3,0.69,0.13638285591431848","0,0,0"
30.7,202,AV,2,0,0,42,3458.1247672483346,0.1,-2.6809199584475727,"0.2024736842105263,0.2910015723270441,0.32123939393939394,0.1,0.42,0.16630950781983606","0,0,0"
40.61666666666667,76,AV,2,0,0,87,1317.647826688136,0.3,-4.054428981867408,"0.24947701149425286,0.3261796116504854,0.3763132183908046,0.3,0.87,0.06336884186823323","0,0,0"
35.8,157,AV,1,0,0,77,2302.618320259251,1.0,-20.816599965980092,"0.206375,0.31241584158415836,0.3426722222222222,1.0,0.77,0.11073843349034766","0,0,0"
33.916666666666664,41,AV,1,0,0,60,912.6272274022258,0.3,-2.3449449592973854,"0.24024166666666666,0.2858494152046784,0.3447628205128205,0.3,0.6,0.04389043057374056","0,0,0"
31.733333333333334,30,AV,2,0,0,46,827.3783452591958,0.1,-0.6630169904770661,"0.21921969696969698,0.28394444444444444,0.3423359788359787,0.1,0.46,0.03979060752349248","0,0,0"
36.53333333333333,136,AV,2,0,0,47,2043.1688306873104,1.0,-18.84943635044859,"0.2428392857142857,0.31370183486238534,0.3572861635220126,1.0,0.47,0.09826088573860729","0,0,0"
32.53333333333333,169,AV,1,0,0,60,2612.3907844155665,0.3,-6.43861971108483,"0.18217333333333335,0.2684833333333334,0.330023076923077,0.3,0.6,0.12563613369419777","0,0,0"
29.766666666666666,184,AV,1,0,0,55,2909.8477340427667,0.1,-2.1872845340910696,"0.20929999999999996,0.29239367816091955,0.3248456790123456,0.1,0.55,0.13994155128890565","0,0,0"
36.1,216,AV,1,0,0,82,3758.845856207275,1.0,-34.26624631542491,"0.23782692307692307,0.28499504950495047,0.33290960451977397,1.0,0.82,0.18077190569786353","0,0,0"
16.266666666666666,91,AV,1,0,0,6,1475.2077210572677,0.2,-1.2119551647743207,"0.2312843137254902,0.3123577981651376,0.3767561728395063,0.2,0.06,0.07094627479744654","0,0,0"
4.883333333333334,226,AV,0,0,0,0,4015.909421979459,0.3,-1.985683662424219,"0.22292948717948716,0.272036036036036,0.33515723270440256,0.3,0.0,0.19313470865595408","0,0,0"
8.083333333333334,15,AV,0,0,0,14,616.3739675020589,0.6,-1.2549024601982288,"0.19404347826086954,0.310042904290429,0.3381584699453552,0.6,0.14,0.02964290130277584","0,0,0"
27.55,154,AV,2,0,0,25,2260.56382504795,0.1,-1.5726902368704805,"0.2020486111111111,0.2969351851851852,0.3487844827586206,0.1,0.25,0.10871593202757703","0,0,0"
31.216666666666665,151,AV,1,0,0,63,2215.952556227922,0.1,-1.7468346539624988,"0.20251785714285714,0.28657748538011696,0.3224444444444445,0.1,0.63,0.10657046919438351","0,0,0"
36.75,119,AV,2,0,0,59,1805.1606101798543,0.2,-3.350487496167154,"0.2350763888888889,0.29812266666666676,0.33480081300813014,0.2,0.59,0.08681450000245393","0,0,0"
26.416666666666668,132,AV,2,0,0,21,1993.780724220221,0.1,-1.3300262827815867,"0.19314166666666668,0.26778155339805826,0.3143134328358209,0.1,0.21,0.09588569333476842","0,0,0"
40.2,66,AV,1,0,0,97,1194.3606142611325,0.2,-2.424913974408966,"0.23618421052631577,0.32458985507246374,0.37046130952380957,0.2,0.97,0.05743966435173499","0,0,0"
24.65,13,AV,1,0,0,32,610.4868582393152,0.5,-1.9000632645958486,"0.1861866666666666,0.29732721712538235,0.3357301587301587,0.5,0.32,0.029359776109248604","0,0,0"
28.616666666666667,122,AV,2,0,0,25,1824.367004680513,0.3,-3.9550986705005564,"0.18015656565656568,0.26561784511784514,0.29671428571428565,0.3,0.25,0.08773818154415255","0,0,0"
44.3,225,AV,2,0,0,92,3942.222625638348,0.4,-17.640450738967555,"0.23436904761904764,0.2935436137071651,0.3222397660818714,0.4,0.92,0.18959093402168548","0,0,0"
34.18333333333333,110,AV,2,0,0,50,1684.196745492046,0.1,-1.4538247159108528,"0.19544444444444445,0.2780909090909091,0.33267037037037034,0.1,0.5,0.08099705784688291","0,0,0"
34.56666666666667,293,AV,1,0,0,77,13430.196447392702,0.7,-82.06211785490206,"0.2271140350877193,0.31081101190476196,0.34897530864197535,0.7,0.77,0.6458903340456582","0,0,0"
13.133333333333333,125,AV,0,0,0,26,1885.557658153182,0.1,-1.1253448798925536,"0.27648412698412694,0.2982136752136752,0.36972,0.1,0.26,0.09068098671954573","0,0,0"
37.333333333333336,96,AV,1,0,0,81,1546.5147326922538,0.3,-4.37398106215991,"0.21205050505050507,0.30196116504854364,0.34776234567901243,0.3,0.81,0.07437559988179109","0,0,0"
28.933333333333334,259,AV,1,0,0,42,5304.212874057136,0.1,-3.8754686655568977,"0.2589492753623188,0.2923082595870206,0.3475617283950617,0.1,0.42,0.25509230922226356","0,0,0"
24.8,231,AV,0,0,0,72,4223.122456076251,0.1,-3.144783760370986,"0.22592948717948716,0.29530000000000006,0.35153535353535353,0.1,0.72,0.20310008007368746","0,0,0"
29.0,179,AV,1,0,0,54,2838.632091159661,0.3,-6.236388685123496,"0.18804938271604935,0.3011399371069182,0.3490321637426901,0.3,0.54,0.13651662034681394","0,0,0"
23.25,72,AV,1,0,0,27,1291.2118623687816,1.0,-7.580978737392468,"0.21387333333333333,0.29846264367816094,0.363921768707483,1.0,0.27,0.062097472987522495","0,0,0"
28.066666666666666,159,AV,1,0,0,44,2397.5381966938494,0.7,-11.89485701289019,"0.2121666666666667,0.30430392156862746,0.3352198581560284,0.7,0.44,0.11530335783364105","0,0,0"
32.4,114,AV,1,0,0,66,1778.835052690156,0.2,-2.910820995311165,"0.24397023809523813,0.3210756172839507,0.3674734848484848,0.2,0.66,0.08554844085078303","0,0,0"
45.81666666666667,14,AV,2,0,0,100,615.3970356119416,0.4,-2.848024328109811,"0.19950000000000004,0.2766727828746177,0.3238843537414966,0.4,1.0,0.029595918306859183","0,0,0"
24.85,40,AV,2,0,0,3,902.2448599555772,0.1,-0.5661814335832348,"0.22590833333333332,0.28894837758112096,0.3443304093567251,0.1,0.03,0.04339111764078622","0,0,0"
17.483333333333334,223,AV,1,0,0,12,3919.41152379869,0.3,-5.191240768263668,"0.16454285714285719,0.2689398625429553,0.3076570512820513,0.3,0.12,0.18849389346499082","0,0,0"
21.583333333333332,1,AV,0,0,0,56,419.7646265090227,0.1,-0.7287858549365254,"0.23656410256410254,0.307259420289855,0.3371904761904762,0.1,0.56,0.02018748689927752","0,0,0"
33.46666666666667,240,AV,1,0,0,71,4572.8741748457805,0.3,-11.593852705922131,"0.23727536231884058,0.30526732673267326,0.34363888888888894,0.3,0.71,0.21992047844641197","0,0,0"
36.53333333333333,28,AV,1,0,0,83,813.126641713825,0.8,-6.001257907867693,"0.2585079365079366,0.34404854368932036,0.3742797619047619,0.8,0.83,0.03910520894427614","0,0,0"
37.833333333333336,51,AV,2,0,0,79,968.7072844723906,0.1,-0.925490545350306,"0.1630208333333333,0.2657724637681159,0.3218169934640522,0.1,0.79,0.04658745492005087","0,0,0"
8.016666666666667,145,AV,0,0,0,18,2123.4400354784907,0.1,-0.9298714886637854,"0.22512280701754384,0.2696356932153392,0.32556333333333337,0.1,0.18,0.1021213203554731","0,0,0"
21.85,35,AV,1,0,0,21,859.2772315809713,0.1,-0.47412140176879347,"0.1850217391304348,0.3004967637540453,0.3352777777777778,0.1,0.21,0.041324701415771756","0,0,0"
31.216666666666665,247,AV,1,0,0,65,4818.617258984985,0.8,-30.388114902622483,"0.19742,0.2949314641744548,0.35799652777777774,0.8,0.65,0.23173885231203734","0,0,0"
33.9,155,AV,1,0,0,73,2276.662146114732,0.6,-11.693764659589306,"0.16890625,0.2806925287356322,0.3036875,0.6,0.73,0.1094901388690128","0,0,0"
38.083333333333336,17,AV,1,0,0,84,632.5893922142865,0.1,-0.6083614314855408,"0.20997023809523807,0.3213411949685534,0.3460957446808511,0.1,0.84,0.030422739939172414","0,0,0"
22.216666666666665,25,AV,2,0,0,5,753.7709081553346,0.3,-1.268657349205885,"0.19808771929824562,0.2733541666666668,0.3135757575757576,0.3,0.05,0.036250649465136044","0,0,0"
27.833333333333332,210,AV,1,0,0,48,3628.2404526711953,0.1,-2.5501521700172125,"0.22168333333333334,0.3016368421052631,0.37473899371069186,0.1,0.48,0.17449077883210845","0,0,0"
35.333333333333336,105,AV,2,0,0,50,1597.8734280578535,0.2,-2.851423962527483,"0.21504385964912284,0.29647327044025157,0.3466361111111111,0.2,0.5,0.07684556262848466","0,0,0"
48.63333333333333,38,AV,2,0,0,92,877.2934597877683,0.3,-3.2322503985615,"0.23055555555555554,0.3037730158730159,0.3365062893081761,0.3,0.92,0.04219114500803879","0,0,0"
21.366666666666667,59,AV,0,0,0,64,1040.734547163155,1.0,-6.115411150939245,"0.2091858974358974,0.2735893939393939,0.33237037037037026,1.0,0.64,0.05005141860382586","0,0,0"
24.183333333333334,173,AV,2,0,0,18,2750.2432356670683,1.0,-16.795466897949982,"0.19831249999999997,0.28323394495412846,0.33657547169811325,1.0,0.18,0.13226578845290615","0,0,0"
13.266666666666667,200,AV,0,0,0,28,3414.9419898187493,1.0,-11.940630571951704,"0.17521428571428568,0.25813025210084034,0.3247433333333334,1.0,0.28,0.1642327445611401","0,0,0"
23.616666666666667,98,AV,1,0,0,31,1579.1767070066765,0.3,-2.8253704467531064,"0.21486781609195404,0.2920192307692308,0.3448625730994152,0.3,0.31,0.0759463925044581","0,0,0"
16.45,224,AV,1,0,0,0,3933.772930850901,0.8,-13.072841356060065,"0.24887681159420288,0.3195157232704402,0.3599672131147541,0.8,0.0,0.1891845679487672","0,0,0"
27.066666666666666,153,AV,1,0,0,40,2225.3307045190536,0.7,-10.64712098020732,"0.22892753623188405,0.30533187134502926,0.35967777777777776,0.7,0.4,0.10702148682143131","0,0,0"
32.38333333333333,291,AV,1,0,0,72,11185.875164713363,0.3,-27.442115460906642,"0.22545512820512822,0.29786163522012576,0.3368247126436782,0.3,0.72,0.5379555448075637","0,0,0"
29.533333333333335,246,AV,2,0,0,29,4735.166802079286,0.1,-3.531445948352061,"0.1858154761904762,0.28459545454545454,0.33150320512820514,0.1,0.29,0.22772551984156938","0,0,0"
19.05,97,AV,1,0,0,13,1567.0706205360798,0.3,-2.2615678273645696,"0.16777777777777778,0.2870248538011696,0.35441954022988503,0.3,0.13,0.07536418179256658","0,0,0"
41.8,142,AV,2,0,0,66,2105.6010448069283,0.6,-13.33547328377721,"0.16041025641025644,0.2632865497076023,0.31008333333333327,0.6,0.66,0.10126340054104405","0,0,0"
30.216666666666665,266,AV,2,0,0,40,5557.427333357366,0.1,-4.240579021623277,"0.18707575757575753,0.2811996996996997,0.3503117283950617,0.1,0.4,0.26726999942532587","0,0,0"
18.216666666666665,137,AV,0,0,0,43,2044.1603053436156,0.1,-1.4403481539312168,"0.19732352941176468,0.2731447811447812,0.33634848484848484,0.1,0.43,0.09830856813100321","0,0,0"
27.15,255,AV,1,0,0,39,5003.647877951615,0.4,-13.722125241049126,"0.2170277777777778,0.2988149847094801,0.3244559748427672,0.4,0.39,0.24063741822365012","0,0,0"
23.083333333333332,195,AV,1,0,0,33,3274.575105225111,0.3,-5.726371869617145,"0.19226388888888885,0.28915781710914457,0.3238207547169811,0.3,0.33,0.15748216467690215","0,0,0"
33.416666666666664,42,AV,2,0,0,54,923.9636394510808,0.1,-0.7796915391832563,"0.21017424242424243,0.28205649717514125,0.3519659090909091,0.1,0.54,0.04443562579808411","0,0,0"
11.433333333333334,93,AV,0,0,0,23,1517.942512651984,1.0,-4.88261179999689,"0.21087037037037035,0.30183176100628933,0.3499561403508772,1.0,0.23,0.07300149334369807","0,0,0"
22.516666666666666,124,AV,1,0,0,12,1880.1756700095973,0.5,-5.345364752068531,"0.15093939393939393,0.25503478260869566,0.3090251572327043,0.5,0.12,0.0904221540112152","0,0,0"
29.433333333333334,2,AV,1,0,0,45,449.0833195935783,0.2,-0.667576719193821,"0.18970000000000004,0.27340408805031446,0.32124444444444444,0.2,0.45,0.021597493115072083","0,0,0"
44.233333333333334,253,AV,2,0,0,78,4951.479839002994,0.2,-11.061639303631269,"0.2773888888888889,0.3129464285714285,0.3516798941798942,0.2,0.78,0.23812853220437127","0,0,0"
15.833333333333334,148,AV,1,0,0,0,2187.718469250836,0.1,-0.8747190849277332,"0.17945833333333333,0.28483792048929657,0.3194413580246914,0.1,0.0,0.10521262428567076","0,0,0"
32.55,296,AV,2,0,0,48,14312.770160915026,0.2,-23.52932670392849,"0.22884999999999997,0.29123636363636357,0.34304166666666674,0.2,0.48,0.6883354191104801","0,0,0"
35.31666666666667,283,AV,1,0,0,74,8436.938288223368,0.5,-37.62178500156843,"0.2597857142857143,0.3042637540453075,0.36694067796610164,0.5,0.74,0.4057525822983113","0,0,0"
41.016666666666666,87,AV,2,0,0,89,1460.106853854364,0.2,-3.0246826324373655,"0.1785972222222222,0.26200900900900903,0.32286601307189544,0.2,0.89,0.07022003790282866","0,0,0"
20.533333333333335,172,AV,1,0,0,16,2747.619709803412,0.2,-2.8493834027590945,"0.20804901960784314,0.29310914454277287,0.3479166666666667,0.2,0.16,0.13213961680656489","0,0,0"
32.21666666666667,233,AV,1,0,0,65,4266.216809230351,0.2,-6.941580043974973,"0.18554761904761904,0.2779,0.3426388888888889,0.2,0.65,0.20517259079705716","0,0,0"
23.933333333333334,113,AV,1,0,0,34,1717.0377309640771,0.8,-8.30190633557042,"0.19633333333333336,0.2728055555555556,0.322843137254902,0.8,0.34,0.08257645954513855","0,0,0"
16.733333333333334,262,AV,1,0,0,0,5394.467136051333,0.4,-9.117920883157472,"0.20162499999999997,0.3064616519174041,0.3544937106918239,0.4,0.0,0.2594328529854781","0,0,0"
43.06666666666667,90,AV,1,0,0,96,1474.807688008607,0.1,-1.6039154317400006,"0.2564855072463768,0.3351896024464832,0.3663965517241379,0.1,0.96,0.07092703624941481","0,0,0"
32.36666666666667,130,AV,1,0,0,71,1945.516475481125,0.4,-6.360594268323814,"0.16966025641025642,0.2809199346405229,0.3454139784946237,0.4,0.71,0.09356454994251304","0,0,0"
46.78333333333333,49,AV,2,0,0,100,950.4213588862824,0.1,-1.1228252333307218,"0.21263793103448275,0.28600786163522013,0.3519030303030303,0.1,1.0,0.04570804093445438","0,0,0"
42.18333333333333,205,AV,1,0,0,94,3487.44186130441,0.7,-26.004632767984102,"0.2580606060606061,0.31571969696969693,0.37442816091954023,0.7,0.94,0.16771943713451876","0,0,0"
36.75,133,AV,2,0,0,67,2011.9739719035176,0.1,-1.8671728148347038,"0.20363333333333333,0.31162135922330103,0.35731388888888893,0.1,0.67,0.09676065021790628","0,0,0"
27.65,250,AV,2,0,0,29,4889.272753955773,0.1,-3.413848273911039,"0.17103571428571432,0.2800370370370371,0.330817901234568,0.1,0.29,0.2351368443985718","0,0,0"
23.983333333333334,243,AV,2,0,0,1,4662.282088415262,0.3,-8.47098980458278,"0.21322988505747123,0.29595876288659795,0.3561234567901236,0.3,0.01,0.2242203192855181","0,0,0"
15.316666666666666,138,AV,1,0,0,0,2052.607856914241,0.9,-7.14525235039465,"0.22824999999999998,0.31112333333333336,0.35916666666666663,0.9,0.0,0.09871483113148809","0,0,0"
27.733333333333334,71,AV,1,0,0,42,1275.9312017726234,0.2,-1.7871628954121597,"0.16075000000000003,0.2903774509803922,0.3517702020202019,0.2,0.42,0.06136258939772906","0,0,0"
25.366666666666667,248,AV,1,0,0,37,4843.3187157075145,0.9,-27.92246623222287,"0.23463725490196083,0.3191220238095238,0.35309836065573774,0.9,0.37,0.2329268045654853","0,0,0"
40.2,58,AV,1,0,0,100,1022.032321197676,0.3,-3.112552978192922,"0.2106851851851852,0.2999455128205128,0.3490326797385621,0.3,1.0,0.049151983735277405","0,0,0"
42.13333333333333,33,AV,2,0,0,85,854.5785374972068,0.6,-5.455491269679138,"0.19616666666666668,0.2879984276729559,0.36403939393939394,0.6,0.85,0.04109872995636468","0,0,0"
16.85,107,AV,1,0,0,5,1626.914224999384,0.1,-0.692260219475748,"0.20158333333333334,0.30509615384615385,0.34637096774193554,0.1,0.05,0.07824220415275356","0,0,0"
28.166666666666668,61,AV,0,0,0,81,1074.3823512953045,0.2,-2.0283722000749704,"0.23327777777777775,0.326068253968254,0.3567261904761904,0.2,0.81,0.0516696221450731","0,0,0"
28.016666666666666,0,AV,1,0,0,42,388.2787303527966,0.9,-2.4723354004661022,"0.2583712121212121,0.29302403846153846,0.35006060606060607,0.9,0.42,0.01867325469383425","0,0,0"
20.133333333333333,143,AV,1,0,0,15,2108.868816674547,0.2,-2.144371658706105,"0.22675641025641025,0.3072398753894081,0.361953216374269,0.2,0.15,0.10142055552171977","0,0,0"
30.233333333333334,19,AV,1,0,0,60,640.5426603936758,0.4,-1.9561353298891044,"0.21019166666666667,0.29037426900584795,0.3577439024390244,0.4,0.6,0.03080523166677017","0,0,0"
42.0,65,AV,2,0,0,83,1150.4391077840953,0.5,-6.100813450370203,"0.21729545454545451,0.28745938375350144,0.3413442028985507,0.5,0.83,0.05532737384270454","0,0,0"
32.916666666666664,150,AV,2,0,0,35,2198.5025098873134,0.2,-3.6549178931207447,"0.1725378787878788,0.28720952380952375,0.3447514124293785,0.2,0.35,0.10573125464497639","0,0,0"
28.25,282,AV,2,0,0,34,8348.421721831439,0.2,-11.911258264734252,"0.23246,0.30808947368421047,0.3686440677966102,0.2,0.34,0.4014956084811817","0,0,0"
21.95,83,AV,2,0,0,2,1434.2863071033526,0.4,-3.180059034436221,"0.23979365079365078,0.2876202898550725,0.33519135802469135,0.4,0.02,0.06897826592789302","0,0,0"
11.383333333333333,214,AV,0,0,0,22,3724.6301341612702,0.1,-1.570674403043833,"0.21795833333333334,0.3152125,0.3784930555555556,0.1,0.22,0.17912638962306346","0,0,0"
41.65,10,AV,2,0,0,90,583.3206434887895,0.3,-1.8405533940384908,"0.24749122807017543,0.29413165266106445,0.3478717948717948,0.3,0.9,0.028053287735180215","0,0,0"
30.466666666666665,20,AV,1,0,0,55,646.5589615252754,0.3,-1.4923103303891456,"0.2532638888888889,0.29605817610062896,0.35202469135802467,0.3,0.55,0.031094570006892704","0,0,0"
29.966666666666665,12,AV,2,0,0,24,597.1498506777683,0.2,-0.9037671982480029,"0.20780128205128204,0.293281045751634,0.3298910256410257,0.2,0.24,0.02871836745206032","0,0,0"
34.083333333333336,75,AV,2,0,0,37,1310.9401185904849,0.1,-1.12831335964543,"0.16940196078431374,0.2885492753623189,0.33766666666666667,0.1,0.37,0.06304625211008313","0,0,0"
38.1,152,AV,1,0,0,83,2218.0502812558643,0.6,-12.804199350886126,"0.23789215686274506,0.3193918918918919,0.3677628205128205,0.6,0.83,0.10667135381839783","0,0,0"
39.8,251,AV,1,0,0,97,4934.883137056144,0.1,-4.9598067892634985,"0.2536296296296297,0.3127670250896058,0.3735651041666666,0.1,0.97,0.23733035703199037","0,0,0"
39.53333333333333,289,AV,1,0,0,98,10838.007207066395,0.3,-32.45928421106249,"0.2265185185185185,0.29317121212121217,0.3433144654088051,0.3,0.98,0.5212257410218565","0,0,0"
39.666666666666664,241,AV,1,0,0,95,4617.1597275219765,0.1,-4.624932723696256,"0.23274305555555552,0.295963963963964,0.34133680555555557,0.1,0.95,0.2220502768096353","0,0,0"
31.366666666666667,103,AV,2,0,0,39,1594.6992934726818,0.5,-6.3157072186775824,"0.2289066666666667,0.29253363914373093,0.34234226190476186,0.5,0.39,0.07669291088913349","0,0,0"
23.85,55,AV,1,0,0,34,1014.5614647146556,0.6,-3.6662562020370513,"0.20111594202898553,0.2763630952380952,0.34698181818181817,0.6,0.34,0.04879269234230884","0,0,0"
18.7,158,AV,1,0,0,11,2352.9451803313505,0.1,-1.1111130018231379,"0.2426494252873563,0.2904444444444445,0.34217261904761903,0.1,0.11,0.11315877280487406","0,0,0"
26.566666666666666,275,AV,0,0,0,77,7081.334819999852,0.3,-14.752080433181519,"0.17554938271604936,0.27862461059190036,0.31840333333333337,0.3,0.77,0.34055836266392014","0,0,0"
32.28333333333333,77,AV,1,0,0,62,1323.5149786113286,1.0,-10.789766471254811,"0.13555555555555554,0.23613126843657817,0.29464124293785315,1.0,0.62,0.06365100726547157","0,0,0"
33.61666666666667,272,AV,1,0,0,75,5985.732437913218,0.1,-5.081322528312694,"0.2322628205128205,0.3237051282051282,0.36411666666666664,0.1,0.75,0.2878682183820371","0,0,0"
36.71666666666667,88,AV,1,0,0,80,1460.8215047913693,0.1,-1.354456976033412,"0.16695402298850573,0.26086135693215345,0.3229131944444444,0.1,0.8,0.07025440717912602","0,0,0"
24.0,45,AV,1,0,0,38,943.1907669438916,0.4,-2.2865230713791314,"0.23388888888888887,0.28142937853107347,0.3594972222222222,0.4,0.38,0.04536030443906415","0,0,0"
27.683333333333334,80,AV,2,0,0,9,1391.0507319816634,0.4,-3.8897900098005778,"0.19910897435897432,0.2816081081081081,0.34171851851851853,0.4,0.09,0.06689896350164852","0,0,0"
23.866666666666667,160,AV,2,0,0,11,2401.1770329784995,0.3,-4.341522110132843,"0.19648550724637676,0.2893842592592593,0.3244661016949152,0.3,0.11,0.11547835819142706","0,0,0"
20.6,197,AV,1,0,0,24,3361.758609282253,0.2,-3.4975872399603243,"0.17233333333333334,0.260984984984985,0.35095454545454546,0.2,0.24,0.16167502833152653","0,0,0"
30.45,123,AV,1,0,0,62,1830.3424648913517,0.1,-1.4074224256550927,"0.22229629629629635,0.28762211221122114,0.3512568306010928,0.1,0.62,0.08802555574651609","0,0,0"
31.066666666666666,167,AV,2,0,0,38,2496.2043409386315,0.2,-3.916603444031657,"0.18066666666666667,0.3093393939393939,0.35525617283950617,0.2,0.38,0.1200484491742544","0,0,0"
40.516666666666666,106,AV,1,0,0,99,1614.9493849180149,0.1,-1.6523324725318578,"0.22797435897435897,0.3005413223140496,0.3591472868217053,0.1,0.99,0.07766678631823196","0,0,0"
35.81666666666667,196,AV,2,0,0,58,3278.222126324269,0.2,-5.93004995746705,"0.19037222222222222,0.2840069444444445,0.3359375,0.2,0.58,0.1576575586620336","0,0,0"
41.25,192,AV,2,0,0,78,3230.862018062417,0.4,-13.461925075260071,"0.22766666666666668,0.3130724043715847,0.35596604938271603,0.4,0.78,0.15537989755219744","0,0,0"
35.85,156,AV,1,0,0,69,2293.603195459698,0.2,-4.152811846324757,"0.19979629629629628,0.2912361111111112,0.3446067708333333,0.2,0.69,0.11030487453303418","0,0,0"
36.916666666666664,22,AV,2,0,0,43,736.5379020629116,0.1,-0.6866293994399617,"0.22711594202898547,0.2926111111111111,0.34374358974358976,0.1,0.43,0.03542187290142414","0,0,0"
25.2,126,AV,2,0,0,1,1899.102970895097,0.3,-3.6255602171633674,"0.22320967741935482,0.31180151515151516,0.37560317460317466,0.3,0.01,0.09133241327208338","0,0,0"
40.11666666666667,164,AV,1,0,0,99,2436.431929205765,0.1,-2.4682203929285675,"0.18012121212121215,0.24712499999999998,0.30785317460317463,0.1,0.99,0.11717385064309511","0,0,0"
31.016666666666666,176,AV,2,0,0,46,2793.3389947689566,0.1,-2.1878804163573355,"0.20431249999999998,0.2719722222222222,0.3314515151515151,0.1,0.46,0.1343383667916745","0,0,0"
39.13333333333333,116,AV,1,0,0,85,1794.439334206041,0.4,-7.093170970901994,"0.16209848484848485,0.25527884615384616,0.327896551724138,0.4,0.85,0.08629888814619799","0,0,0"
38.31666666666667,168,AV,1,0,0,94,2520.757475212996,0.4,-9.756265042954004,"0.23684615384615387,0.3133703703703704,0.3857446808510639,0.4,0.94,0.12122926824569963","0,0,0"
46.35,227,AV,2,0,0,98,4021.28082322038,0.1,-4.706726418087491,"0.2245634920634921,0.2916355140186917,0.33755645161290326,0.1,0.98,0.1933930322147629","0,0,0"
6.516666666666667,92,AV,0,0,0,6,1507.5005543882637,0.4,-1.4923109709862141,"0.21246031746031752,0.311639880952381,0.3552894736842105,0.4,0.06,0.07249931454553503","0,0,0"
36.68333333333333,43,AV,2,0,0,67,926.7012599248138,0.2,-1.716893495870804,"0.2016521739130435,0.28041304347826096,0.3386570512820512,0.2,0.67,0.04456728452766382","0,0,0"
37.516666666666666,244,AV,1,0,0,79,4705.31956239884,0.2,-8.915550787003191,"0.20911111111111108,0.3037163742690059,0.3494083333333334,0.2,0.79,0.2262900945532605","0,0,0"
42.016666666666666,242,AV,1,0,0,97,4656.548587392589,0.1,-4.940723480141717,"0.1796380952380952,0.2764182692307693,0.31325490196078437,0.1,0.97,0.22394458148039434","0,0,0"
26.75,89,AV,1,0,0,40,1467.6871321740252,0.3,-2.9742902110344827,"0.2533333333333333,0.2927521739130435,0.34312765957446806,0.3,0.4,0.07058459165416232","0,0,0"
40.766666666666666,100,AV,1,0,0,96,1587.6148581174584,0.1,-1.6343880231293366,"0.24815873015873016,0.2982792792792793,0.35079310344827586,0.1,0.96,0.07635220341429991","0,0,0"
28.933333333333334,237,AV,1,0,0,51,4429.527615460413,0.1,-3.2363888638212446,"0.1999880952380952,0.2869424778761062,0.33050606060606064,0.1,0.51,0.21302659886033296","0,0,0"
35.71666666666667,26,AV,1,0,0,80,776.0711537761008,0.7,-4.899765731395323,"0.2042583333333333,0.298205501618123,0.34527469135802474,0.7,0.8,0.03732312172194307","0,0,0"
17.383333333333333,213,AV,1,0,0,9,3667.3634505223554,0.1,-1.6098737705786268,"0.2531842105263158,0.3087020202020202,0.3603132183908047,0.1,0.09,0.1763722975611855","0,0,0"
36.75,268,AV,2,0,0,60,5578.433439706214,0.1,-5.176955275484933,"0.26574561403508773,0.3092959501557632,0.34817187499999996,0.1,0.6,0.2682802334230043","0,0,0"
18.3,46,AV,0,0,0,41,946.1123250925148,0.2,-1.3744371489491425,"0.2643650793650794,0.3085430555555556,0.35103741496598645,0.2,0.41,0.04550080917225548","0,0,0"
40.03333333333333,297,AV,1,0,0,92,17322.90883950548,0.8,-140.09975431815542,"0.23436,0.31404910714285716,0.36866981132075466,0.8,0.92,0.833100202280572","0,0,0"
35.35,270,AV,2,0,0,66,5862.871835726062,0.2,-10.467298959238198,"0.19687878787878785,0.27976106194690264,0.3450121212121212,0.2,0.66,0.2819595575743898","0,0,0"
37.983333333333334,85,AV,1,0,0,92,1446.9812594843625,0.4,-5.55163348546273,"0.2221363636363636,0.2853632075471699,0.3512748538011696,0.4,0.92,0.06958879661269593","0,0,0"
41.88333333333333,298,AV,1,0,0,99,18628.94525544202,0.2,-39.40617796879276,"0.20026388888888888,0.2716756756756757,0.3168848484848485,0.2,0.99,0.8959106235777834","0,0,0"
25.883333333333333,62,AV,2,0,0,25,1117.0806745336297,0.1,-0.7301457439186562,"0.23077083333333334,0.2869569444444445,0.33941304347826085,0.1,0.25,0.05372308684066549","0,0,0"
34.53333333333333,5,AV,1,0,0,79,477.1303205766694,0.1,-0.4160833435331898,"0.2135277777777778,0.3043446601941747,0.34096031746031746,0.1,0.79,0.022946340609962184","0,0,0"
37.6,18,AV,1,0,0,86,636.6552097563458,0.4,-2.4180036249331924,"0.20938271604938272,0.26425786163522014,0.3331345029239766,0.4,0.86,0.030618274848933116","0,0,0"
39.9,190,AV,2,0,0,65,3031.4508351358254,0.3,-9.163249115296924,"0.1810952380952381,0.28462461059190036,0.3343548387096774,0.3,0.65,0.14578973585520302","0,0,0"
30.783333333333335,292,AV,2,0,0,35,11662.42845360034,0.1,-9.065869256649762,"0.22403787878787879,0.3137564102564102,0.36179084967320263,0.1,0.35,0.5608741345806508","0,0,0"
42.4,79,AV,2,0,0,87,1386.7650627050614,0.6,-8.90891494828706,"0.2006574074074074,0.28778813559322036,0.33830769230769236,0.6,0.87,0.06669285539507566","0,0,0"
23.333333333333332,3,AV,1,0,0,36,457.16351791608827,0.3,-0.808117329649651,"0.19207971014492756,0.2938780864197531,0.3457033898305084,0.3,0.36,0.021986089217454062","0,0,0"
18.816666666666666,39,AV,1,0,0,14,892.1845339920479,0.5,-2.119689265313599,"0.19802777777777775,0.2757524752475247,0.31421666666666664,0.5,0.14,0.042907292454561666","0,0,0"
22.316666666666666,264,AV,1,0,0,21,5458.612723313221,0.8,-24.609705173455904,"0.20497916666666666,0.3137232704402515,0.3654753086419753,0.8,0.21,0.2625177680086071","0,0,0"
32.38333333333333,56,AV,1,0,0,66,1017.530975349866,0.3,-2.496291269071704,"0.2339047619047619,0.30852515723270435,0.36427976190476197,0.3,0.66,0.048935503225503364","0,0,0"
20.516666666666666,252,AV,1,0,0,20,4950.268578812107,0.4,-10.258889933531488,"0.21498484848484847,0.27142836257309944,0.3261339869281046,0.4,0.2,0.238070279798878","0,0,0"
29.566666666666666,222,AV,1,0,0,49,3882.59008652233,1.0,-28.988698709977324,"0.20852083333333332,0.302910606060606,0.3439642857142857,1.0,0.49,0.18672306229989","0,0,0"
26.816666666666666,245,AV,2,0,0,29,4717.175795221327,0.3,-9.583252341554438,"0.20405072463768115,0.2970454545454545,0.37179078014184397,0.3,0.29,0.2268602892044136","0,0,0"
33.3,273,AV,2,0,0,36,6434.117121135291,0.2,-10.821015158272989,"0.17878070175438598,0.3018830409356725,0.3446257309941521,0.2,0.36,0.3094321123996473","0,0,0"
18.7,166,AV,1,0,0,12,2458.2611968747465,0.3,-3.482536695572557,"0.1651818181818182,0.2870435435435435,0.31987735849056614,0.3,0.12,0.1182236724414522","0,0,0"
33.35,232,AV,0,0,0,94,4245.708624069837,0.3,-11.226847167630991,"0.1770530303030303,0.2591370716510903,0.32394230769230764,0.3,0.94,0.2041863030226467","0,0,0"
16.7,81,AV,1,0,0,1,1404.912317929139,0.4,-2.3699025969107694,"0.21928472222222223,0.2646860841423948,0.3341833333333334,0.4,0.01,0.06756560039062387","0,0,0"
26.8,57,AV,1,0,0,39,1020.7360413649084,0.1,-0.6908011593075644,"0.19158666666666666,0.28125907590759075,0.3269228395061728,0.1,0.39,0.04908964253144747","0,0,0"
45.38333333333333,191,AV,2,0,0,88,3032.1279287666234,0.2,-6.949902651541679,"0.23422916666666668,0.30007371794871784,0.3496472222222222,0.2,0.88,0.1458222989106348","0,0,0"
21.75,108,AV,1,0,0,24,1635.9686818612918,0.1,-0.8985434048101791,"0.19142948717948718,0.2815316091954022,0.32821851851851863,0.1,0.24,0.07867765468320913","0,0,0"
28.116666666666667,212,AV,1,0,0,46,3651.018124108644,0.1,-2.5922843330687217,"0.2062543859649123,0.3039488304093568,0.33942121212121207,0.1,0.46,0.17558621164064137","0,0,0"
24.55,257,AV,1,0,0,34,5051.78348307234,0.3,-9.395551856774693,"0.18992222222222221,0.2923166666666668,0.3426166666666666,0.3,0.34,0.24295237483598997","0,0,0"
40.18333333333333,69,AV,1,0,0,99,1240.6560786390864,0.3,-3.7767952090894403,"0.21500925925925926,0.3020721649484537,0.34166944444444447,0.3,0.99,0.05966612418566248","0,0,0"
18.783333333333335,112,AV,1,0,0,13,1716.9764066453156,0.5,-4.072037900440385,"0.21151587301587302,0.2728516949152543,0.3116960784313725,0.5,0.13,0.08257351031167907","0,0,0"
27.933333333333334,24,AV,2,0,0,36,753.5670156580491,0.5,-2.6577826562350384,"0.2102719298245614,0.3069744744744745,0.3468055555555555,0.5,0.36,0.03624084378629158","0,0,0"
8.2,50,AV,0,0,0,10,954.0002559944874,0.1,-0.697545507554414,"0.23327083333333337,0.2985683760683761,0.35725724637681155,0.1,0.1,0.045880158673594545","0,0,0"
31.516666666666666,54,AV,0,0,0,90,985.8695826897422,0.4,-3.6385174762058963,"0.1954920634920635,0.2732530864197531,0.32103267973856203,0.4,0.9,0.04741283097259167","0,0,0"
43.7,163,AV,2,0,0,94,2421.0391237858234,0.9,-24.045320388509204,"0.23085858585858585,0.31246226415094336,0.35787908496732024,0.9,0.94,0.11643357373995898","0,0,0"
30.95,230,AV,1,0,0,56,4200.245935785981,0.2,-6.565535945079602,"0.18978703703703703,0.28896428571428573,0.35680606060606057,0.2,0.56,0.2019998933869206","0,0,0"
23.016666666666666,128,AV,1,0,0,31,1927.298426803608,0.1,-1.1202016529527705,"0.20594736842105263,0.3049985119047619,0.34191666666666665,0.1,0.31,0.0926884003201249","0,0,0"
37.28333333333333,208,AV,2,0,0,72,3564.273841812899,0.1,-3.355757821605831,"0.22893999999999995,0.29166978193146426,0.34359027777777773,0.1,0.72,0.17141447121316408","0,0,0"
30.65,104,AV,1,0,0,55,1596.1763216794554,0.8,-9.883394799894003,"0.20837121212121215,0.29226080246913577,0.3426802721088436,0.8,0.55,0.07676394471545202","0,0,0"
28.85,280,AV,2,0,0,18,8139.327108000771,0.4,-23.719150208668918,"0.2245138888888889,0.29744915254237286,0.33541319444444445,0.4,0.18,0.39143974738464077","0,0,0"
38.88333333333333,144,AV,1,0,0,95,2113.1349678504243,0.4,-8.299568821540472,"0.2233083333333334,0.30569999999999997,0.36364166666666664,0.4,0.95,0.10162572495605159","0,0,0"
14.983333333333333,170,AV,0,0,0,31,2629.980017260476,0.2,-2.490195316091892,"0.23911458333333335,0.30443768115942027,0.34450000000000003,0.2,0.31,0.12648204205617194","0,0,0"
19.2,209,AV,1,0,0,7,3580.4564780460023,0.1,-1.7359788984465465,"0.19089682539682534,0.29711475409836063,0.34820212765957437,0.1,0.07,0.17219273297301851","0,0,0"
23.066666666666666,281,AV,0,0,0,65,8333.728817076937,0.2,-10.208653773429697,"0.22378846153846155,0.3039006116207952,0.35816363636363635,0.2,0.65,0.4007889914784327","0,0,0"
35.88333333333333,37,AV,1,0,0,69,873.8892656114449,0.2,-1.5837403946645126,"0.17722222222222225,0.3004490740740741,0.3614290123456791,0.2,0.69,0.04202742915158692","0,0,0"
42.95,162,AV,2,0,0,89,2411.397471856681,0.5,-13.076959774778338,"0.1630757575757576,0.3011963696369637,0.3521286549707602,0.5,0.89,0.11596988359144483","0,0,0"
30.266666666666666,217,AV,1,0,0,49,3759.463069718096,0.2,-5.746788665495003,"0.20677777777777778,0.2992575757575757,0.3390466666666667,0.2,0.49,0.18080158897481655","0,0,0"
21.75,207,AV,1,0,0,26,3531.3895067900216,0.7,-13.577122535575272,"0.19037301587301583,0.2737246376811594,0.3465771604938271,0.7,0.26,0.16983298473111647","0,0,0"
21.666666666666668,21,AV,1,0,0,16,676.2529471816457,0.2,-0.7400074337846293,"0.21957575757575756,0.29778301886792446,0.346830303030303,0.2,0.16,0.03252262494189429","0,0,0"
17.833333333333332,32,AV,1,0,0,11,849.0657401736111,0.1,-0.3823654637987221,"0.19921212121212117,0.3134957627118644,0.3611300000000001,0.1,0.11,0.040833606321069346","0,0,0"
28.566666666666666,267,AV,1,0,0,47,5568.958209200236,0.1,-4.017337698051012,"0.182530701754386,0.2826954545454545,0.3172142857142857,0.1,0.47,0.2678245468795767","0,0,0"
42.483333333333334,82,AV,1,0,0,100,1421.705549214182,1.0,-15.252219886140363,"0.2285961538461539,0.27878052805280534,0.33264021164021157,1.0,1.0,0.06837322712988189","0,0,0"
9.9,115,AV,0,0,0,18,1782.711710770346,0.4,-2.2827117107703456,"0.1900919540229885,0.26962019230769235,0.3495733333333333,0.4,0.18,0.08573487862868172","0,0,0"
31.783333333333335,203,AV,1,0,0,60,3465.4556083993225,0.3,-8.344222026789783,"0.2618518518518519,0.30151587301587307,0.36602898550724644,0.3,0.6,0.1666620655399256","0,0,0"
31.366666666666667,165,AV,1,0,0,55,2456.6540037696086,0.2,-3.8917700632107772,"0.18719333333333335,0.28524057971014494,0.3447366666666667,0.2,0.55,0.11814637867321734","0,0,0"
14.833333333333334,215,AV,0,0,0,31,3742.7752140142647,0.4,-6.107861852647637,"0.15814285714285714,0.2686709770114943,0.31417295597484274,0.4,0.31,0.17999902999980277","0,0,0"
40.11666666666667,139,AV,1,0,0,94,2078.9202215407213,0.3,-6.31813254198045,"0.21050000000000002,0.302031884057971,0.3503525641025641,0.3,0.94,0.09998025580674873","0,0,0"
35.25,234,AV,2,0,0,58,4304.4895651906745,0.2,-7.66329581681673,"0.21560493827160498,0.3049339339339339,0.33795833333333325,0.2,0.58,0.207013219355909","0,0,0"
28.766666666666666,117,AV,2,0,0,37,1797.659883656486,0.2,-2.6117516491507535,"0.239984126984127,0.32043364197530866,0.35937704918032787,0.2,0.37,0.08645377208765831","0,0,0"
16.666666666666668,288,AV,0,0,0,32,10450.70686878338,0.3,-13.69533695553457,"0.26826984126984127,0.3298554421768708,0.36374863387978146,0.3,0.32,0.5025995395474784","0,0,0"
34.5,260,AV,1,0,0,76,5307.329693361759,0.3,-13.871429880377324,"0.14581372549019606,0.2804152046783626,0.3229265536723164,0.3,0.76,0.25524220453241103","0,0,0"
16.633333333333333,220,AV,1,0,0,10,3863.855435177377,0.4,-6.491797515668388,"0.1965438596491228,0.300911111111111,0.34354597701149425,0.4,0.1,0.18582206801713178","0,0,0"
34.05,135,AV,1,0,0,78,2035.9911412414244,0.3,-5.251931693884129,"0.2136984126984127,0.3007592592592593,0.33220512820512815,0.3,0.78,0.09791569345106042","0,0,0"
26.583333333333332,78,AV,1,0,0,38,1338.7213376931895,0.5,-4.493393378831307,"0.19404861111111113,0.29809734513274333,0.36862790697674414,0.5,0.38,0.06438231751737097","0,0,0"
44.5,276,AV,2,0,0,96,7099.697064525982,0.5,-39.89097466810684,"0.17016666666666666,0.2793396226415094,0.32928869047619047,0.5,0.96,0.3414414470102487","0,0,0"
29.766666666666666,175,AV,1,0,0,50,2767.495209174315,0.8,-16.64224391779571,"0.23620430107526882,0.29961165048543686,0.35576190476190483,0.8,0.5,0.13309547720505432","0,0,0"
34.31666666666667,177,AV,2,0,0,45,2813.5576138103806,0.2,-4.87635953437338,"0.1558970588235294,0.24644333333333335,0.31157440476190484,0.2,0.45,0.13531072863744203","0,0,0"
38.25,294,AV,1,0,0,91,13748.957190518822,0.1,-13.280242740842045,"0.2200142857142856,0.3101458333333333,0.3476533333333333,0.1,0.91,0.6612203021265304","0,0,0"
37.1,286,AV,1,0,0,88,8987.822610831106,0.2,-16.840819134436064,"0.204925,0.2936651376146789,0.34013030303030306,0.2,0.88,0.4322459296252377","0,0,0"
28.883333333333333,239,AV,2,0,0,37,4459.768546990965,0.3,-9.758559206989068,"0.19634374999999996,0.2707723577235772,0.3318039215686274,0.3,0.37,0.21448095773323778","0,0,0"
26.65,271,AV,1,0,0,39,5912.288420941998,0.1,-3.978850667123844,"0.20355555555555555,0.2724496527777778,0.33905970149253734,0.1,0.39,0.28433611958951305","0,0,0"
23.3,211,AV,1,0,0,29,3630.005597296026,0.2,-4.271673253383707,"0.16444444444444448,0.26684492753623185,0.3352566666666666,0.2,0.29,0.17457566886747292","0,0,0"
37.55,118,AV,2,0,0,79,1804.2001824470888,0.1,-1.710800930577984,"0.21148550724637677,0.2979816513761468,0.34615646258503413,0.1,0.79,0.08676831073101827","0,0,0"
19.866666666666667,140,AV,0,0,0,55,2088.64210540395,0.2,-2.5956745704053104,"0.16121333333333332,0.2564265536723164,0.31092962962962967,0.2,0.55,0.10044780450125744","0,0,0"
28.866666666666667,101,AV,1,0,0,49,1588.8002265047048,0.5,-5.790829108388359,"0.2121602564102564,0.29895909090909095,0.34291111111111106,0.5,0.49,0.07640921062090368","0,0,0"
39.583333333333336,70,AV,2,0,0,71,1244.4027248274256,0.1,-1.2438789863068755,"0.22709090909090907,0.28795954692556636,0.34284259259259264,0.1,0.71,0.05984630938009477","0,0,0"
23.1,290,AV,0,0,0,61,11049.706566164488,0.1,-6.945662163595952,"0.22078333333333333,0.32080859375000004,0.37113888888888885,0.1,0.61,0.5314068705608562","0,0,0"
23.1,285,AV,1,0,0,29,8689.506535985933,0.3,-15.206636437975384,"0.21045679012345683,0.2697262996941896,0.34003086419753087,0.3,0.29,0.4178991946398128","0,0,0"
29.05,68,AV,2,0,0,16,1234.5997004771,0.1,-0.9056848812843373,"0.19195454545454546,0.28750757575757574,0.35421568627450983,0.1,0.16,0.059374858445099786","0,0,0"
35.36666666666667,44,AV,1,0,0,78,938.3100494872764,0.9,-7.542022443227274,"0.18837037037037035,0.2894666666666667,0.3452142857142857,0.9,0.78,0.04512557903941836","0,0,0"
28.45,102,AV,1,0,0,30,1592.6375082496468,0.2,-2.2884109651364875,"0.2831666666666667,0.30392048929663606,0.3563407407407406,0.2,0.3,0.07659375469647073","0,0,0"
34.46666666666667,180,AV,2,0,0,43,2853.537244729806,0.3,-7.450902805683382,"0.2578958333333334,0.3149691358024691,0.3511149425287357,0.3,0.43,0.13723344490378397","0,0,0"
15.55,279,AV,1,0,0,1,7592.14370769901,0.1,-2.981258450876758,"0.2473478260869565,0.3089675925925926,0.3714971264367816,0.1,0.01,0.36512438628106175","0,0,0"
35.4,256,AV,2,0,0,43,5009.92015912814,0.2,-8.957129981471523,"0.22214999999999996,0.31433188405797097,0.3508971631205673,0.2,0.43,0.24093906725761643","0,0,0"
30.05,182,AV,1,0,0,60,2872.269398564857,0.1,-2.1795882683554026,"0.22872222222222224,0.313691304347826,0.34208823529411775,0.1,0.6,0.13813431907530546","0,0,0"
46.6,53,AV,2,0,0,88,979.5720138781878,0.6,-6.9163720979884165,"0.21479166666666663,0.274045584045584,0.34975641025641024,0.6,0.88,0.04710996579565228","0,0,0"
30.016666666666666,181,AV,0,0,0,81,2857.712092786687,0.3,-6.998408433218211,"0.25329824561403513,0.3166840579710145,0.3590625,0.3,0.81,0.13743422335230565","0,0,0"
24.733333333333334,63,AV,2,0,0,18,1129.1321270070612,0.6,-4.2313941325214115,"0.18751515151515152,0.28868770226537216,0.3455708333333333,0.6,0.18,0.05430267007269716","0,0,0"
33.31666666666667,16,AV,1,0,0,69,626.2908344343901,0.2,-1.053834493294904,"0.25079761904761905,0.2873316498316499,0.3443266666666666,0.2,0.69,0.03011982720037529","0,0,0"
36.46666666666667,284,AV,1,0,0,77,8493.635575370567,0.2,-15.643160470463636,"0.2121149425287356,0.290484984984985,0.3570852713178294,0.2,0.77,0.40847929071828354","0,0,0"
27.1,204,AV,1,0,0,47,3476.696831582168,0.8,-19.034037199167024,"0.17925490196078428,0.29122677595628416,0.33799999999999997,0.8,0.47,0.16720268290357254","0,0,0"
19.85,221,AV,0,0,0,54,3866.930621896856,0.2,-4.376695598214777,"0.22333333333333333,0.27678401360544225,0.3219166666666667,0.2,0.54,0.18596996111648273","0,0,0"
44.13333333333333,274,AV,2,0,0,89,6995.337061486569,0.1,-7.796150058424425,"0.25013580246913575,0.328208722741433,0.37342857142857144,0.1,0.89,0.3364225243542649","0,0,0"
21.583333333333332,219,AV,1,0,0,20,3778.090807703549,0.1,-2.059186698643138,"0.2078157894736842,0.2789830508474576,0.3415220125786164,0.1,0.2,0.18169744153788722","0,0,0"
33.583333333333336,29,AV,1,0,0,73,822.5771428470101,0.2,-1.3951960798288936,"0.21737719298245614,0.28736324786324785,0.3542901234567901,0.2,0.73,0.039559706192899544","0,0,0"
33.483333333333334,95,AV,2,0,0,42,1541.4014724042315,0.2,-2.6066292576263477,"0.18313157894736842,0.272316199376947,0.3298671875,0.2,0.42,0.07412969094006937","0,0,0"
39.28333333333333,206,AV,1,0,0,82,3523.1638559153366,0.8,-27.959923260580634,"0.21597777777777774,0.2988874643874644,0.37001169590643274,0.8,0.82,0.16943739346690792","0,0,0"
42.55,11,AV,1,0,0,100,588.8906571209208,0.1,-0.6327600368811913,"0.19444927536231885,0.28513105413105416,0.3329600000000001,0.1,1.0,0.02832116303987798","0,0,0"
38.1,64,AV,1,0,0,86,1135.438045570021,0.1,-1.0924290286923686,"0.25695333333333337,0.3138315789473684,0.3679769230769231,0.1,0.86,0.0546059368091927","0,0,0"
37.3,218,AV,2,0,0,66,3773.692032315799,1.0,-35.5451294963079,"0.19392424242424242,0.27130399999999993,0.34188425925925925,1.0,0.66,0.18148589388735847","0,0,0"
40.31666666666667,48,AV,1,0,0,99,948.3478854920526,0.1,-0.9655107470560923,"0.2368560606060606,0.28897899159663865,0.33914625850340147,0.1,0.99,0.04560832262962691","0,0,0"
18.116666666666667,287,AV,1,0,0,13,10071.894878668398,0.1,-4.6078071267308705,"0.1836933333333333,0.2793654970760234,0.32340243902439025,0.1,0.13,0.48438156307972796","0,0,0"
29.966666666666665,4,AV,0,0,0,85,473.5024380788758,0.1,-0.8583153971657487,"0.21923684210526315,0.2922388888888889,0.3428690476190476,0.1,0.85,0.022771867046038015","0,0,0"
41.983333333333334,228,AV,2,0,0,80,4113.319853961603,0.4,-17.443523084392723,"0.15321739130434783,0.2568816199376947,0.31363742690058477,0.4,0.8,0.19781940978440954","0,0,0"
32.56666666666667,249,AV,1,0,0,71,4864.205776554158,0.4,-16.001107891223615,"0.15403703703703706,0.2459378787878788,0.305440251572327,0.4,0.71,0.23393131337965753","0,0,0"
28.033333333333335,229,AV,1,0,0,48,4159.866430607663,0.1,-2.9448212694789935,"0.19817333333333334,0.2905029239766082,0.35791176470588226,0.1,0.48,0.20005794620912742","0,0,0"
18.716666666666665,295,AV,1,0,0,16,14297.77376075636,0.7,-47.304208557788606,"0.19211363636363635,0.26338613861386134,0.3187974358974358,0.7,0.16,0.6876142062863859","0,0,0"
24.966666666666665,120,AV,0,0,0,64,1809.16611953512,0.1,-1.6406274608853577,"0.23798809523809528,0.3140045454545455,0.3433397435897436,0.1,0.64,0.08700713454697676","0,0,0"
44.9,189,AV,2,0,0,94,3024.224513765153,0.1,-3.4289818350519035,"0.2301014492753623,0.2787456140350877,0.3639779874213837,0.1,0.94,0.1454422047418416","0,0,0"
40.56666666666667,188,AV,1,0,0,92,2971.291490045772,0.3,-9.1314690489538,"0.23091269841269843,0.2859052631578947,0.33779838709677423,0.3,0.92,0.14289652877156978","0,0,0"
16.566666666666666,186,AV,0,0,0,34,2965.4163440895786,0.3,-4.2217472803346485,"0.20021296296296298,0.3049695512820512,0.3420544871794871,0.3,0.34,0.14261397892212588","0,0,0"
39.85,129,AV,1,0,0,87,1929.5758599688188,0.3,-5.82527257725435,"0.16698275862068965,0.2691681957186544,0.32121276595744674,0.3,0.87,0.09279792753915007","0,0,0"
43.15,67,AV,2,0,0,86,1200.7903182940884,0.3,-3.925310775332569,"0.20266666666666666,0.2919942528735632,0.34121726190476187,0.3,0.86,0.057748884228147654","0,0,0"
25.333333333333332,238,AV,2,0,0,7,4446.537177105173,0.3,-8.533758218686694,"0.1529866666666667,0.2670101449275363,0.3378262411347518,0.3,0.07,0.21384462944504845","0,0,0"
28.233333333333334,86,AV,1,0,0,41,1457.5875839824732,0.2,-2.0784119253083415,"0.212775641025641,0.299360119047619,0.34352884615384616,0.2,0.41,0.07009888017699192","0,0,0"
38.45,7,AV,2,0,0,74,541.9839687696077,0.2,-1.0524890706662333,"0.16780357142857144,0.25884343434343443,0.31270440251572323,0.2,0.74,0.026065307980208553","0,0,0"
23.683333333333334,171,AV,2,0,0,14,2744.8905386527767,0.6,-9.849720847034332,"0.18124479166666668,0.2888102310231023,0.33419000000000004,0.6,0.14,0.13200836442518263","0,0,0"
40.6,299,AV,2,0,0,66,20793.30768626012,0.3,-63.9551736410728,"0.193,0.3138779069767442,0.3752191358024692,0.3,0.66,1.0","0,0,0"
16.783333333333335,127,AV,1,0,0,11,1921.5023446668008,0.1,-0.8143740997809211,"0.20977777777777779,0.2701826086956522,0.33013265306122447,0.1,0.11,0.09240965283924012","0,0,0"
23.583333333333332,141,AV,1,0,0,29,2105.159940183184,0.2,-2.507408514612126,"0.17189473684210527,0.2888,0.32421739130434774,0.2,0.29,0.10124218676253416","0,0,0"
45.93333333333333,36,AV,2,0,0,99,863.3540159882258,0.1,-1.0014325202287668,"0.22393678160919542,0.28153236245954694,0.3431005747126437,0.1,0.99,0.04152076374836295","0,0,0"
33.5,254,AV,0,0,0,96,4968.170350229253,0.5,-21.514356910691916,"0.1886190476190476,0.3120952380952381,0.35453,0.5,0.96,0.23893121888982288","0,0,0"
16.65,261,AV,1,0,0,6,5370.167679594476,0.1,-2.2579114107385863,"0.2032692307692308,0.284901179941003,0.35322549019607835,0.1,0.06,0.2582642338882426","0,0,0"
31.633333333333333,60,AV,0,0,0,92,1062.4074567339185,0.1,-1.3486739700677515,"0.23449523809523815,0.31054480286738356,0.3473870967741935,0.1,0.92,0.05109372076651086","0,0,0"
26.233333333333334,277,AV,2,0,0,29,7128.986247371214,0.2,-9.445306694749403,"0.2231,0.2758457943925234,0.34537356321839074,0.2,0.29,0.34285003400790975","0,0,0"
20.8,263,AV,1,0,0,16,5427.330032863625,0.1,-2.85071880514049,"0.19804301075268818,0.29574019607843144,0.3413049645390071,0.1,0.16,0.26101330845259973","0,0,0"
35.81666666666667,269,AV,1,0,0,79,5702.616109653807,0.9,-46.420159165325884,"0.21901333333333334,0.300312893081761,0.3581836158192091,0.9,0.79,0.27425247563772664","0,0,0"
9.75,147,AV,0,0,0,18,2158.6935677652164,0.8,-4.751972178931487,"0.24093749999999997,0.3195531609195402,0.36857333333333336,0.8,0.18,0.10381674721197177","0,0,0"
35.38333333333333,193,AV,1,0,0,80,3236.647802754315,0.4,-11.568018998733013,"0.17972043010752692,0.2651284403669725,0.3130833333333334,0.4,0.8,0.1556581498042776","0,0,0"
22.35,111,AV,1,0,0,31,1697.366940102563,0.7,-6.705885297450656,"0.15327380952380948,0.29019924812030073,0.3353178294573642,0.7,0.31,0.08163044406947123","0,0,0"
27.75,52,AV,1,0,0,40,978.4447105201264,0.1,-0.685652543356907,"0.1621140350877193,0.26764782608695653,0.3388839285714285,0.1,0.4,0.04705575107546101","0,0,0"
19.883333333333333,9,AV,2,0,0,3,567.9518330451218,0.3,-0.8555133040692301,"0.18738333333333335,0.2907897196261682,0.36264814814814805,0.3,0.03,0.02731416480795959","0,0,0"
21.75,185,AV,1,0,0,21,2953.464044858564,0.1,-1.6221677519109539,"0.2337982456140351,0.3038023598820059,0.36548717948717957,0.1,0.21,0.14203916420715332","0,0,0"
21.85,34,AV,1,0,0,18,857.6590975250949,0.1,-0.4732285677000839,"0.14257738095238096,0.25651529051987765,0.3182628205128206,0.1,0.18,0.041246881470994735","0,0,0"
25.266666666666666,73,AV,1,0,0,41,1293.252850487379,1.0,-8.251562800247754,"0.19408333333333336,0.2603232323232323,0.3188395061728395,1.0,0.41,0.06219562899759039","0,0,0"
6.716666666666667,134,AV,0,0,0,3,2022.4315636845977,0.7,-2.901211886007681,"0.23653921568627453,0.28979738562091506,0.3544824561403509,0.7,0.03,0.09726358086938654","0,0,0"
36.93333333333333,194,AV,2,0,0,39,3256.7228478661937,0.1,-3.0374149119829483,"0.20905555555555558,0.2770160256410257,0.3357206572769954,0.1,0.39,0.15662360683568316","0,0,0"
21.216666666666665,161,AV,1,0,0,26,2403.836358207942,0.1,-1.2879140084169654,"0.2145123456790124,0.3019599358974359,0.35779096045197745,0.1,0.26,0.11560625151506597","0,0,0"
28.35,236,AV,1,0,0,50,4412.688598555705,0.1,-3.1590838830569257,"0.26102777777777775,0.2979816513761468,0.3540350877192983,0.1,0.5,0.21221677018089516","0,0,0"
22.166666666666668,8,AV,1,0,0,31,566.7055292848979,0.3,-0.9516645883193361,"0.1915888888888889,0.3040721153846155,0.3439166666666667,0.3,0.31,0.027254227073231246","0,0,0"
16.666666666666668,146,AV,1,0,0,10,2133.445027811215,0.1,-0.8979145739946192,"0.18633333333333332,0.2775870206489675,0.32541823899371075,0.1,0.1,0.10260248441477932","0,0,0"
18.2,201,AV,1,0,0,17,3438.9188747307694,0.2,-3.161026440409091,"0.16776388888888885,0.268141975308642,0.3186979166666666,0.2,0.17,0.16538585041970746","0,0,0"
32.733333333333334,27,AV,1,0,0,71,801.7987355487146,1.0,-6.627662948727591,"0.2567692307692308,0.31303389830508477,0.37031884057971004,1.0,0.71,0.03856042278826712","0,0,0"
22.516666666666666,31,AV,1,0,0,31,845.7864251007381,0.1,-0.4809164395248726,"0.22851851851851854,0.28795355191256833,0.33435666666666664,0.1,0.31,0.040675896199988425","0,0,0"
35.916666666666664,47,AV,2,0,0,73,946.2003450753726,0.5,-4.29095484772186,"0.19367460317460314,0.29380882352941173,0.33198333333333335,0.5,0.73,0.04550504226418034","0,0,0"
22.233333333333334,23,AV,1,0,0,25,741.34301771214,0.2,-0.8324508296531943,"0.23477777777777778,0.30915229885057477,0.36121698113207534,0.2,0.25,0.03565296242896494","0,0,0"
23.05,265,AV,1,0,0,32,5502.789496653042,0.6,-19.218075439068578,"0.16105555555555554,0.27756310679611645,0.3294090909090909,0.6,0.32,0.26464233491284295","0,0,0"
16.766666666666666,183,AV,1,0,0,1,2891.134206742707,0.2,-2.4482163400531674,"0.20541666666666664,0.31796086956521735,0.3474322033898305,0.2,0.01,0.13904157291209238","0,0,0"
