travel_time,id,kind,action,origin,destination,start_time,income,urgency,reward,observation,cost_table
22.666666666666668,102,AV,1,0,0,27,1783.933402668827,0.1,-1.0211066614602713,"0.19326666666666667,0.26168707482993203,0.31769369369369377,0.1,0.27,0.08814235881001646","0,0,0"
43.016666666666666,156,AV,2,0,0,86,2753.3979495063454,0.1,-2.990959641277726,"0.19437254901960785,0.2855000000000001,0.34961428571428577,0.1,0.86,0.13604262897318792","0,0,0"
40.95,212,AV,2,0,0,88,4113.319853961603,0.1,-4.25354666716484,"0.14783333333333334,0.24094949494949497,0.30713218390804603,0.1,0.88,0.20323500525627752","0,0,0"
34.5,251,AV,2,0,0,56,5654.280440205098,0.1,-4.926077656239291,"0.16145833333333331,0.2593802588996763,0.3688194444444445,0.1,0.56,0.2793723210896882","0,0,0"
32.75,49,AV,1,0,0,51,1068.5648373754009,0.2,-1.7674494153557767,"0.18486666666666668,0.2675910652920962,0.33129797979797976,0.2,0.51,0.052796716047137274","0,0,0"
13.3,27,AV,1,0,0,0,832.3173438658397,0.2,-0.5590818521927107,"0.17801666666666666,0.29355555555555546,0.3564523809523809,0.2,0.0,0.04112396452528438","0,0,0"
30.416666666666668,99,AV,2,0,0,22,1718.6657268339234,0.1,-1.3201030940538343,"0.20816666666666667,0.3164006410256411,0.37215432098765433,0.1,0.22,0.0849175484591763","0,0,0"
17.4,7,AV,1,0,0,17,610.4868582393152,0.1,-0.26824422559000216,"0.19366666666666663,0.3054340659340659,0.35152314814814817,0.1,0.17,0.03016354289191967","0,0,0"
32.2,110,AV,2,0,0,33,1880.1756700095973,0.1,-1.5288297114724505,"0.18271428571428572,0.24888673139158576,0.3440344827586207,0.1,0.33,0.09289759263654204","0,0,0"
37.6,286,AV,2,0,0,64,8987.033628468456,0.6,-51.19885824703241,"0.13530555555555557,0.24591218637992834,0.3385761904761905,0.6,0.64,0.4440403108844108","0,0,0"
22.666666666666668,76,AV,1,0,0,29,1411.5824788559885,0.1,-0.8079765030488824,"0.15922222222222224,0.28520238095238093,0.32360416666666664,0.1,0.29,0.06974487341013964","0,0,0"
45.61666666666667,165,AV,1,0,0,90,2872.269398564857,0.4,-13.234682397090932,"0.21324074074074076,0.3040545171339564,0.35520138888888897,0.4,0.9,0.1419159479544386","0,0,0"
41.63333333333333,152,AV,1,0,0,89,2645.062412614309,0.2,-5.561755813729414,"0.2224,0.3291961805555556,0.3615574712643679,0.2,0.89,0.13068987883670405","0,0,0"
16.866666666666667,238,AV,1,0,0,11,4735.166802079286,0.3,-6.050490913767976,"0.2204666666666667,0.28369157088122604,0.33736752136752135,0.3,0.11,0.2339598387864436","0,0,0"
18.516666666666666,200,AV,1,0,0,20,3628.2404526711953,0.8,-13.572306878510767,"0.1726111111111111,0.29333152173913046,0.34436666666666677,0.8,0.2,0.1792677189349818","0,0,0"
10.583333333333334,296,AV,1,0,0,0,13748.957190518822,0.2,-7.348979643080348,"0.14555,0.2832469135802469,0.3389545454545455,0.2,0.0,0.6793221743240372","0,0,0"
40.93333333333333,159,AV,1,0,0,84,2815.231094880572,0.3,-8.73006006190238,"0.19594871794871796,0.2763836805555555,0.33766129032258063,0.3,0.84,0.1390977426213619","0,0,0"
38.28333333333333,191,AV,1,0,0,70,3386.12741774329,0.4,-13.094166125515718,"0.21483333333333335,0.2944698581560284,0.34022549019607845,0.4,0.7,0.16730515689916173","0,0,0"
39.416666666666664,144,AV,1,0,0,76,2421.832203454489,0.2,-4.82124003465477,"0.1997,0.2876421052631579,0.3546858974358974,0.2,0.76,0.119660298268526","0,0,0"
40.1,113,AV,1,0,0,77,1900.764377468582,0.1,-1.924763927689145,"0.19234722222222217,0.3049754901960784,0.3835641025641025,0.1,0.77,0.09391486000625965","0,0,0"
8.55,35,AV,0,0,0,11,913.5589076746268,0.1,-4.197245673247931,"0.1507142857142857,0.27865666666666666,0.3200714285714286,0.1,0.11,0.04513802864718944","0,0,0"
19.233333333333334,209,AV,1,0,0,21,3941.04555698938,0.5,-9.57063672720064,"0.14076666666666665,0.233021568627451,0.3062055555555556,0.5,0.21,0.19472310516250035","0,0,0"
13.783333333333333,257,AV,1,0,0,2,5849.7981009167725,0.5,-10.18051984313588,"0.1990666666666667,0.2962491408934708,0.36008080808080806,0.5,0.02,0.28903265245540044","0,0,0"
43.28333333333333,239,AV,1,0,0,91,4754.245589533712,1.0,-51.96454459603976,"0.18543939393939396,0.3010748299319727,0.3642321428571429,1.0,0.91,0.234902502524312","0,0,0"
38.166666666666664,77,AV,1,0,0,73,1434.4967426379471,0.4,-5.530298889967844,"0.1857,0.32135738831615124,0.3652719298245614,0.4,0.73,0.07087704418350775","0,0,0"
46.2,45,AV,1,0,0,99,985.8695826897422,0.3,-3.450543539414098,"0.16385185185185186,0.27025396825396825,0.3306858974358974,0.3,0.99,0.04871082651814225","0,0,0"
35.71666666666667,118,AV,1,0,0,67,2043.1688306873104,0.1,-1.8428075775096409,"0.23003921568627456,0.29732142857142857,0.38204,0.1,0.67,0.10095092110191003","0,0,0"
25.166666666666668,232,AV,1,0,0,34,4669.869929992837,0.1,-2.9678045430510034,"0.16375,0.2570425170068027,0.330088888888889,0.1,0.34,0.23073358587812023","0,0,0"
44.53333333333333,108,AV,1,0,0,95,1838.9541098615327,0.1,-2.0680494030092658,"0.2036428571428571,0.292061797752809,0.35789130434782607,0.1,0.95,0.09086087672559844","0,0,0"
18.816666666666666,249,AV,0,0,0,51,5502.789496653042,0.1,-6.614751406448352,"0.18214285714285716,0.27886413043478264,0.35350813008130083,0.1,0.51,0.27188730562719554","0,0,0"
25.933333333333334,268,AV,1,0,0,34,6446.254396158338,0.5,-21.10768484937368,"0.21368518518518517,0.29712500000000003,0.36361111111111116,0.5,0.34,0.31850295931272143","0,0,0"
20.283333333333335,63,AV,1,0,0,22,1249.5878531833848,0.7,-4.480319411308609,"0.14280555555555557,0.23489649122807016,0.31957812500000005,0.7,0.22,0.06174088155709868","0,0,0"
22.783333333333335,208,AV,2,0,0,9,3919.41152379869,0.4,-9.019925173455908,"0.1683461538461538,0.28869824561403507,0.33095698924731176,0.4,0.09,0.1936541892976206","0,0,0"
33.43333333333333,0,AV,2,0,0,36,491.0984231068265,0.4,-1.658490634263121,"0.1666555555555556,0.26922222222222225,0.3191827956989247,0.4,0.36,0.024264680147676444","0,0,0"
40.15,237,AV,1,0,0,81,4705.31956239884,0.1,-4.770671222987713,"0.21625,0.3162441077441077,0.39629333333333333,0.1,0.81,0.23248511663287746","0,0,0"
24.816666666666666,221,AV,1,0,0,34,4266.216809230351,0.2,-5.347135377898984,"0.19911538461538458,0.29804035087719294,0.35728125,0.2,0.34,0.2107894903464134","0,0,0"
34.0,82,AV,2,0,0,62,1460.8215047913693,0.1,-1.2542406859319837,"0.17693055555555556,0.2840520833333333,0.34258333333333335,0.1,0.62,0.07217772425813608","0,0,0"
22.333333333333332,175,AV,1,0,0,28,2996.640782499388,0.2,-3.3800493674656393,"0.22227777777777774,0.30540555555555554,0.34801960784313735,0.2,0.28,0.14806101319737625","0,0,0"
42.03333333333333,101,AV,2,0,0,95,1751.9448432672848,0.8,-14.876784157306705,"0.1872916666666667,0.27050444444444444,0.31428735632183913,0.8,0.95,0.08656183619837181","0,0,0"
16.233333333333334,67,AV,1,0,0,9,1293.252850487379,0.3,-1.5904397428973576,"0.18206410256410258,0.25491756272401433,0.33131862745098034,0.3,0.09,0.06389832524532672","0,0,0"
34.21666666666667,192,AV,2,0,0,41,3387.2787239910285,0.4,-11.707210808676065,"0.20246428571428574,0.2748118811881188,0.3603866666666667,0.4,0.41,0.16736204178524355","0,0,0"
10.883333333333333,88,AV,1,0,0,3,1526.0895405694364,0.2,-0.8388354124510454,"0.13270588235294117,0.24180555555555558,0.3287866666666667,0.2,0.03,0.07540255239340664","0,0,0"
16.883333333333333,298,AV,0,0,0,46,19040.472291926453,0.2,-20.235688915590487,"0.12947619047619047,0.29113368055555555,0.3495123456790124,0.2,0.46,0.9407706241479663","0,0,0"
33.38333333333333,169,AV,1,0,0,56,2949.689674384749,0.1,-2.486628121966605,"0.17673333333333333,0.27234065934065926,0.3264583333333334,0.1,0.56,0.14574120607241453","0,0,0"
32.916666666666664,274,AV,1,0,0,55,7592.14370769901,0.3,-18.932429069072654,"0.17,0.2906564625850341,0.3470364583333334,0.3,0.55,0.37512020001424035","0,0,0"
33.7,37,AV,1,0,0,61,932.0432837729122,0.1,-0.7931782490693723,"0.16053703703703703,0.26391999999999993,0.3339444444444444,0.1,0.61,0.04605132311658888","0,0,0"
36.25,228,AV,1,0,0,66,4549.115907877681,0.8,-33.314232658700185,"0.1925,0.29238586956521734,0.3637972972972973,0.8,0.66,0.22476725085176577","0,0,0"
30.15,36,AV,0,0,0,100,921.9548251796884,0.2,-5.403885756523616,"0.17328333333333337,0.28240224358974353,0.36199358974358975,0.2,1.0,0.04555286250374671","0,0,0"
38.31666666666667,270,AV,2,0,0,58,7130.271245067938,0.1,-6.8991976399037,"0.21650000000000003,0.30468166666666674,0.3789797979797979,0.1,0.58,0.3522995452382328","0,0,0"
12.966666666666667,39,AV,1,0,0,0,948.3478854920526,0.1,-0.31052805341448525,"0.17303703703703704,0.2400354609929078,0.3204761904761904,0.1,0.0,0.04685691712185437","0,0,0"
26.483333333333334,59,AV,1,0,0,38,1205.4292211271013,0.6,-4.836936950431728,"0.15056944444444442,0.25973456790123456,0.32175225225225224,0.6,0.38,0.059559047871243866","0,0,0"
39.083333333333336,123,AV,1,0,0,76,2105.159940183184,1.0,-20.776936278323095,"0.2069090909090909,0.3034383333333333,0.36194252873563215,1.0,0.76,0.10401383959877876","0,0,0"
14.183333333333334,285,AV,1,0,0,5,8975.220492497892,0.6,-19.28765817958512,"0.24775000000000003,0.287802536231884,0.3598166666666667,0.6,0.05,0.44345663569349214","0,0,0"
19.383333333333333,280,AV,1,0,0,19,8333.728817076937,0.2,-8.158355735909492,"0.1787878787878788,0.26173366013071897,0.3593024691358025,0.2,0.19,0.4117611759055859","0,0,0"
23.583333333333332,151,AV,1,0,0,29,2629.980017260476,0.2,-3.132509869043412,"0.16683333333333333,0.2868205128205128,0.34233720930232564,0.2,0.29,0.1299446728211638","0,0,0"
38.35,104,AV,2,0,0,63,1804.2001824470888,0.4,-6.988997676449076,"0.2223472222222222,0.29324358974358977,0.36456111111111106,0.4,0.63,0.08914372005616313","0,0,0"
31.4,147,AV,2,0,0,32,2476.7926805910606,0.1,-1.9639214689535178,"0.16673076923076924,0.27435185185185185,0.36708333333333326,0.1,0.32,0.12237584027749006","0,0,0"
26.916666666666668,260,AV,2,0,0,14,5899.132481879994,0.2,-8.019443567538882,"0.1548148148148148,0.2659673202614379,0.33262962962962966,0.2,0.14,0.29147021469961026","0,0,0"
40.7,288,AV,1,0,0,78,9095.945853089892,0.2,-18.697222031351448,"0.20844444444444446,0.2896367924528302,0.3576309523809524,0.2,0.78,0.44942155458275634","0,0,0"
21.783333333333335,80,AV,1,0,0,27,1454.957177165027,0.6,-4.802093511501743,"0.18593137254901962,0.28184912280701757,0.3362440476190476,0.6,0.27,0.07188797371641335","0,0,0"
5.333333333333333,96,AV,0,0,0,3,1653.1781197118603,0.1,-4.222650251813045,"0.16346666666666668,0.28555154639175256,0.35655555555555557,0.1,0.03,0.08168187152419273","0,0,0"
41.56666666666667,217,AV,1,0,0,88,4223.122456076251,0.1,-4.432856652127176,"0.18772222222222223,0.30208333333333337,0.3384880952380952,0.1,0.88,0.20866024161284988","0,0,0"
26.866666666666667,120,AV,1,0,0,40,2046.5713793034688,0.3,-4.165496292218677,"0.19263888888888892,0.27006410256410257,0.3517,0.3,0.4,0.10111903761374018","0,0,0"
21.3,71,AV,1,0,0,26,1342.087988935639,0.6,-4.33128396429229,"0.17326923076923076,0.3040340136054422,0.34487356321839086,0.6,0.26,0.06631122041798494","0,0,0"
41.46666666666667,215,AV,2,0,0,88,4159.866430607663,0.3,-13.06786323150488,"0.17250000000000004,0.27195238095238095,0.3163846153846154,0.3,0.88,0.20553482488742356","0,0,0"
32.05,167,AV,1,0,0,54,2898.378436294527,0.3,-7.037350672972695,"0.21420833333333333,0.294478431372549,0.34976315789473683,0.3,0.54,0.14320596930182183","0,0,0"
24.566666666666666,227,AV,1,0,0,32,4547.885280126284,0.1,-2.8213732756338987,"0.19441666666666665,0.2818827160493827,0.35734848484848486,0.1,0.32,0.2247064467698068","0,0,0"
37.03333333333333,68,AV,1,0,0,66,1294.2551843223837,0.2,-2.4207365484548284,"0.16576666666666665,0.23351929824561402,0.33051111111111114,0.2,0.66,0.06394784955402583","0,0,0"
34.5,279,AV,1,0,0,62,8029.700924090037,0.9,-62.9601549729787,"0.18069696969696966,0.2640508771929824,0.3098970588235294,0.9,0.62,0.39673946287985623","0,0,0"
45.55,204,AV,2,0,0,84,3783.636689084741,0.1,-4.352137656257828,"0.16519444444444445,0.2796382575757576,0.3167598039215686,0.1,0.84,0.18694569099783895","0,0,0"
34.583333333333336,258,AV,1,0,0,46,5862.8833826120845,0.2,-10.240305571481546,"0.18845555555555557,0.28917666666666664,0.3600066666666667,0.2,0.46,0.28967918308966784","0,0,0"
20.95,131,AV,1,0,0,26,2177.5877894542577,0.3,-3.456095771898992,"0.1965833333333333,0.25228061224489795,0.3330294117647059,0.3,0.26,0.1075924269321053","0,0,0"
26.816666666666666,234,AV,1,0,0,34,4687.914961676448,0.1,-3.174602345680726,"0.12236111111111109,0.2783143939393939,0.33110555555555554,0.1,0.34,0.23162517278098077","0,0,0"
32.733333333333334,73,AV,1,0,0,53,1373.5659577718477,0.1,-1.1353886957339685,"0.14043333333333335,0.25066487455197134,0.3230959595959596,0.1,0.53,0.06786651526229966","0,0,0"
42.733333333333334,214,AV,1,0,0,93,4135.471393234625,0.1,-4.462688826706053,"0.157,0.26758814102564105,0.337462962962963,0.1,0.93,0.20432949057724065","0,0,0"
32.166666666666664,70,AV,1,0,0,51,1338.7213376931895,0.6,-6.52457621653499,"0.1789,0.28630529595015575,0.36114880952380957,0.6,0.51,0.06614487755935793","0,0,0"
36.0,114,AV,1,0,0,65,1927.298426803608,0.1,-1.7520894789123709,"0.17993333333333333,0.2475330033003301,0.34136206896551735,0.1,0.65,0.09522588075045987","0,0,0"
42.71666666666667,53,AV,1,0,0,89,1122.7546975855585,0.3,-3.6333589519088214,"0.23133333333333334,0.336239837398374,0.37981250000000005,0.3,0.89,0.0554741826472708","0,0,0"
25.8,111,AV,1,0,0,37,1885.557658153182,0.6,-7.370816300053349,"0.19945000000000002,0.3100218253968254,0.3602552083333334,0.6,0.37,0.09316351126856799","0,0,0"
31.083333333333332,290,AV,1,0,0,51,10838.007207066395,1.0,-85.07105825411965,"0.2173095238095238,0.3151122448979592,0.38548571428571426,1.0,0.51,0.5354950574957825","0,0,0"
25.316666666666666,220,AV,0,0,0,73,4245.708624069837,0.1,-6.714322979782022,"0.16242857142857145,0.26204126984126985,0.3297380952380952,0.1,0.73,0.20977620150263931","0,0,0"
44.05,130,AV,2,0,0,93,2158.6935677652164,0.2,-4.802548063639281,"0.22973333333333337,0.33368855218855226,0.37707526881720427,0.2,0.93,0.10665888240344744","0,0,0"
41.28333333333333,129,AV,1,0,0,88,2142.030696222753,0.3,-6.699255094120907,"0.16815384615384615,0.2681599326599327,0.3317202380952381,0.3,0.88,0.10583558664582342","0,0,0"
43.333333333333336,138,AV,2,0,0,85,2283.7291705859197,0.7,-17.493211660212012,"0.13669444444444445,0.28291176470588236,0.33718965517241384,0.7,0.85,0.1128367660348439","0,0,0"
39.983333333333334,201,AV,1,0,0,78,3667.3634505223554,0.1,-3.702864022644415,"0.16111111111111107,0.26320962199312714,0.31729761904761905,0.1,0.78,0.1812007469892587","0,0,0"
27.6,143,AV,2,0,0,26,2421.0391237858234,0.2,-3.3747818089135726,"0.17892222222222223,0.2972103174603175,0.367983870967742,0.2,0.26,0.1196211129981477","0,0,0"
45.05,60,AV,1,0,0,99,1234.5997004771,0.1,-1.4045130430932664,"0.15370370370370373,0.29638775510204085,0.34035507246376817,0.1,0.99,0.06100033197617807","0,0,0"
42.0,206,AV,2,0,0,89,3849.958431883558,0.1,-4.083289245937108,"0.12996666666666667,0.24788383838383843,0.2980752688172043,0.1,0.89,0.19022258173935064","0,0,0"
14.45,30,AV,1,0,0,8,854.5785374972068,0.1,-0.31183484512208687,"0.17151666666666665,0.24395360824742274,0.3274040404040404,0.1,0.08,0.04222386775802824","0,0,0"
42.35,235,AV,2,0,0,82,4689.4303597647895,0.5,-25.075426229297832,"0.17831481481481481,0.2570698412698412,0.3264358974358975,0.5,0.82,0.2317000470794511","0,0,0"
15.35,103,AV,1,0,0,12,1794.439334206041,0.2,-1.3911436252556935,"0.16566666666666666,0.2800970695970696,0.37431140350877196,0.2,0.12,0.08866144634198442","0,0,0"
17.166666666666668,42,AV,1,0,0,17,959.5289757906356,0.4,-1.6638297054955467,"0.163,0.269233660130719,0.3209533333333333,0.4,0.17,0.04740936357053375","0,0,0"
23.633333333333333,107,AV,0,0,0,72,1830.3424648913517,0.9,-13.8311576333937,"0.1739166666666666,0.25172592592592596,0.315625,0.9,0.72,0.09043538399152518","0,0,0"
43.46666666666667,287,AV,1,0,0,82,8987.822610831106,0.3,-29.596264354857986,"0.163375,0.2735486891385768,0.35148245614035084,0.3,0.82,0.4440792937110115","0,0,0"
36.56666666666667,119,AV,1,0,0,67,2044.1603053436156,0.2,-3.775158004986442,"0.17683333333333334,0.2786853741496599,0.32508333333333334,0.2,0.67,0.10099990886948945","0,0,0"
44.78333333333333,127,AV,1,0,0,97,2133.445027811215,0.1,-2.4126964603235415,"0.16813636363636364,0.2768973063973064,0.3349111111111111,0.1,0.97,0.10541137738743885","0,0,0"
38.333333333333336,55,AV,1,0,0,72,1148.2139867956057,0.7,-7.780406223657092,"0.20106666666666664,0.2757395833333333,0.3661964285714286,0.7,0.72,0.05673210057248192","0,0,0"
19.7,84,AV,1,0,0,21,1474.5167950508735,0.3,-2.2006046107956214,"0.13424358974358974,0.2711821305841925,0.3236277777777778,0.3,0.21,0.07285439480326665","0,0,0"
36.88333333333333,26,AV,2,0,0,55,825.4433072334436,0.2,-1.5376313458818274,"0.18960000000000002,0.2837234042553191,0.35389351851851847,0.2,0.55,0.040784325275063815","0,0,0"
40.21666666666667,230,AV,1,0,0,78,4577.590037133467,0.4,-18.595496228287978,"0.15237179487179486,0.26360833333333333,0.33319135802469135,0.4,0.78,0.2261741289975035","0,0,0"
43.5,75,AV,1,0,0,93,1405.7852601227096,0.3,-4.632701425404384,"0.16729166666666667,0.2958333333333333,0.3448287037037037,0.3,0.93,0.0694584386514629","0,0,0"
8.716666666666667,92,AV,0,0,0,15,1567.0706205360798,0.2,-4.689880416279772,"0.1975277777777778,0.274378947368421,0.3411060606060607,0.2,0.15,0.07742738641996724","0,0,0"
15.266666666666667,203,AV,0,0,0,36,3773.073658575576,0.2,-6.90920494213403,"0.16941666666666666,0.2604107744107744,0.306520202020202,0.2,0.36,0.1864237822629797","0,0,0"
18.766666666666666,172,AV,1,0,0,19,2968.817229463249,0.4,-5.627757913090267,"0.2008333333333333,0.3286333333333334,0.3897261904761905,0.4,0.19,0.1466862793696381","0,0,0"
38.15,278,AV,2,0,0,67,8028.27043643778,0.1,-7.734305988638922,"0.18173333333333336,0.2954728260869565,0.36635632183908046,0.1,0.67,0.39666878392080435","0,0,0"
43.4,269,AV,1,0,0,91,6783.106781750961,0.2,-14.868021935757158,"0.18919047619047613,0.3034230769230769,0.3427904761904761,0.2,0.91,0.33514649757064985","0,0,0"
40.35,173,AV,1,0,0,82,2987.078671303881,0.1,-3.0436521309876667,"0.233,0.2773859649122807,0.3303277777777777,0.1,0.82,0.14758855888113623","0,0,0"
42.016666666666666,233,AV,1,0,0,89,4679.48341028673,0.3,-14.89517383501622,"0.2005,0.26667697594501716,0.3402047619047619,0.3,0.89,0.23120857828995","0,0,0"
45.43333333333333,74,AV,1,0,0,91,1386.7650627050614,1.0,-15.910444280025239,"0.21691025641025644,0.2982947368421052,0.3515833333333333,1.0,0.91,0.0685186697885022","0,0,0"
40.583333333333336,241,AV,2,0,0,81,4950.077303955518,0.3,-15.218987670620816,"0.18600000000000003,0.2831104868913858,0.3414594594594594,0.3,0.81,0.24457835096861175","0,0,0"
24.65,291,AV,1,0,0,33,11185.875164713363,0.3,-20.888774455316998,"0.19796666666666662,0.291072695035461,0.3820462962962962,0.3,0.33,0.5526828641120808","0,0,0"
44.81666666666667,133,AV,1,0,0,98,2198.5025098873134,0.1,-2.48812005432954,"0.16174242424242424,0.240904984423676,0.31165909090909094,0.1,0.98,0.10862580227563756","0,0,0"
18.45,10,AV,1,0,0,20,649.7132696839626,0.1,-0.30270731883002805,"0.17843589743589747,0.29712,0.3416666666666666,0.1,0.2,0.03210168050804979","0,0,0"
30.6,226,AV,1,0,0,47,4504.939201911708,0.5,-17.405446916477054,"0.1614404761904762,0.25712234042553195,0.3354322916666667,0.5,0.47,0.2225845241521748","0,0,0"
21.9,13,AV,1,0,0,25,676.2529471816457,0.6,-2.2439302338300062,"0.22565151515151516,0.28865488215488216,0.35632777777777774,0.6,0.25,0.033412979334117666","0,0,0"
43.95,266,AV,2,0,0,90,6130.868263041086,0.3,-20.413004557625435,"0.1850833333333333,0.28353124999999996,0.35515972222222225,0.3,0.9,0.3029200470429381","0,0,0"
34.733333333333334,136,AV,1,0,0,62,2276.662146114732,0.5,-9.984351667725383,"0.19586666666666666,0.32207765151515155,0.37270476190476187,0.5,0.62,0.1124875914492194","0,0,0"
30.283333333333335,219,AV,1,0,0,49,4237.057085974603,0.5,-16.201036879662993,"0.18816666666666668,0.2704201388888889,0.34516666666666657,0.5,0.49,0.20934873768929974","0,0,0"
17.65,244,AV,1,0,0,18,5370.167679594476,0.8,-19.148173645422727,"0.20687179487179486,0.29596336996336997,0.3615468750000001,0.8,0.18,0.26533459476493776","0,0,0"
27.3,205,AV,1,0,0,40,3803.247088152212,0.2,-5.243870985179566,"0.1809285714285714,0.26654713804713803,0.32772839506172835,0.2,0.4,0.18791462113190488","0,0,0"
16.25,157,AV,1,0,0,12,2758.442965787371,0.3,-3.395810469245817,"0.21769444444444447,0.2873351063829787,0.35482843137254905,0.3,0.12,0.13629189816371895","0,0,0"
20.933333333333334,125,AV,1,0,0,26,2113.1349678504243,0.6,-6.702266463687203,"0.2131111111111111,0.28061488673139157,0.3704940476190476,0.6,0.26,0.10440787771091574","0,0,0"
29.35,117,AV,1,0,0,43,2022.4315636845977,0.3,-4.496845938950222,"0.15485185185185185,0.26891666666666664,0.3391510416666667,0.3,0.43,0.09992631355425287","0,0,0"
27.1,86,AV,1,0,0,36,1490.1599361877834,0.2,-2.0395623369034817,"0.18288888888888888,0.30661721611721615,0.3616714285714286,0.2,0.36,0.0736273067051025","0,0,0"
17.816666666666666,210,AV,1,0,0,19,4021.28082322038,0.2,-3.6184757575947692,"0.18869444444444444,0.26012254901960785,0.30006250000000007,0.2,0.19,0.19868744913115402","0,0,0"
22.016666666666666,58,AV,1,0,0,23,1200.7903182940884,0.8,-5.340888924129598,"0.19699999999999998,0.29430929487179486,0.3470238095238095,0.8,0.23,0.05932984433854443","0,0,0"
44.516666666666666,47,AV,1,0,0,96,1017.530975349866,0.3,-3.4315975191407726,"0.20298148148148148,0.29807936507936506,0.35759615384615384,0.3,0.96,0.050275184149485695","0,0,0"
21.566666666666666,155,AV,1,0,0,26,2747.619709803412,0.3,-4.489166546067696,"0.15854761904761905,0.2547154882154883,0.30812962962962964,0.3,0.26,0.13575713194935043","0,0,0"
39.46666666666667,1,AV,1,0,0,78,513.7357984527049,1.0,-5.120060482895646,"0.18572222222222223,0.2855263157894737,0.3337533333333333,1.0,0.78,0.02538317014134346","0,0,0"
39.13333333333333,195,AV,1,0,0,73,3508.846318545673,0.5,-17.337481388773654,"0.160875,0.2794023569023569,0.35164646464646465,0.5,0.73,0.17336857460921315","0,0,0"
31.516666666666666,105,AV,1,0,0,47,1805.1606101798543,0.1,-1.4366829603746232,"0.19331111111111113,0.29370370370370374,0.34572435897435905,0.1,0.47,0.08919117382641367","0,0,0"
41.28333333333333,150,AV,2,0,0,80,2574.4307659940623,0.2,-5.367731487682906,"0.1489861111111111,0.2747216494845361,0.3131989247311828,0.2,0.8,0.12720004007342384","0,0,0"
13.516666666666667,292,AV,1,0,0,3,11861.36896338871,0.1,-4.048640668900777,"0.1576388888888889,0.30599388379204895,0.3919351851851852,0.1,0.03,0.5860583346804944","0,0,0"
39.38333333333333,46,AV,1,0,0,79,1011.0784796502788,0.2,-2.011092969203375,"0.19404545454545455,0.2784103942652329,0.36180555555555555,0.2,0.79,0.04995637281363524","0,0,0"
29.233333333333334,265,AV,1,0,0,43,6081.635477498837,0.4,-17.958230012681753,"0.1801041666666667,0.2621302681992338,0.3387567567567568,0.4,0.43,0.3004875045265025","0,0,0"
24.45,137,AV,2,0,0,4,2280.385817754286,0.1,-1.4079654859619266,"0.157125,0.26653367003367007,0.3453275862068966,0.1,0.04,0.1126715743273096","0,0,0"
35.2,178,AV,1,0,0,64,3048.604611013583,0.1,-2.7098707653454075,"0.1785888888888889,0.27064285714285713,0.3588137254901961,0.1,0.64,0.15062849380578247","0,0,0"
31.766666666666666,163,AV,1,0,0,52,2850.5966631146844,0.2,-4.573432020114973,"0.16420833333333335,0.24664930555555561,0.3146157407407408,0.2,0.52,0.14084511984976505","0,0,0"
37.21666666666667,282,AV,1,0,0,71,8475.089255911002,0.2,-15.93002887916605,"0.16508333333333333,0.27821477663230243,0.36707575757575767,0.2,0.71,0.41874565329841523","0,0,0"
33.65,51,AV,1,0,0,56,1076.386102050743,0.2,-1.8293127441417927,"0.21105555555555555,0.2930642361111111,0.3627150537634407,0.2,0.56,0.05318315688418353","0,0,0"
24.75,183,AV,1,0,0,34,3159.4556453821087,0.2,-3.9493195567276365,"0.17230555555555555,0.2651433333333333,0.32766666666666666,0.2,0.34,0.15610553214765938","0,0,0"
35.0,193,AV,2,0,0,39,3389.778327720714,0.1,-2.996016198743056,"0.1706363636363636,0.27943297101449277,0.3391261261261262,0.1,0.39,0.1674855446965603","0,0,0"
31.366666666666667,128,AV,1,0,0,52,2139.4702648744856,0.6,-10.167886460842883,"0.18225000000000002,0.3066555555555555,0.32561666666666667,0.6,0.52,0.10570907830292801","0,0,0"
30.233333333333334,2,AV,1,0,0,48,567.550811201735,0.3,-1.2999206711110445,"0.18704761904761905,0.2806437908496731,0.3256811594202898,0.3,0.48,0.028042115904674286","0,0,0"
20.216666666666665,135,AV,1,0,0,19,2260.56382504795,0.1,-1.1540673063060454,"0.180875,0.29244117647058826,0.33024358974358975,0.1,0.19,0.11169218956393358","0,0,0"
11.65,264,AV,1,0,0,3,6020.57275324985,0.3,-5.313611558739451,"0.2023333333333333,0.27519023569023576,0.3473095238095238,0.3,0.03,0.2974704566128196","0,0,0"
35.21666666666667,299,AV,1,0,0,66,20239.22920549412,0.1,-17.998944154549275,"0.14163636363636364,0.2450952380952381,0.30546774193548387,0.1,0.66,1.0","0,0,0"
44.083333333333336,134,AV,1,0,0,93,2222.040577514192,0.2,-4.947219972664174,"0.19205263157894734,0.287050505050505,0.3446666666666667,0.2,0.93,0.1097887945708426","0,0,0"
45.53333333333333,262,AV,2,0,0,95,5985.732437913218,0.1,-6.882584604536579,"0.20435185185185187,0.2918839869281046,0.3524885057471265,0.1,0.95,0.2957490316028605","0,0,0"
13.616666666666667,283,AV,0,0,0,28,8639.921150992108,0.1,-6.970881978266226,"0.14925925925925929,0.273875,0.3217634408602151,0.1,0.28,0.42688983178503276","0,0,0"
25.983333333333334,43,AV,1,0,0,36,969.457736312404,0.3,-1.9083139026654519,"0.17325,0.2757883333333333,0.3352777777777778,0.3,0.36,0.04789993366196159","0,0,0"
26.716666666666665,29,AV,0,0,0,90,850.3216016091212,0.2,-5.147361555033183,"0.16950000000000004,0.25868617021276596,0.3115757575757576,0.2,0.9,0.04201353682867991","0,0,0"
41.03333333333333,31,AV,2,0,0,79,859.2772315809713,0.1,-0.8903790168991377,"0.1400925925925926,0.23751875000000003,0.3099770114942529,0.1,0.79,0.042456025516412095","0,0,0"
45.0,93,AV,1,0,0,94,1614.9493849180149,0.1,-1.835169755588653,"0.12395833333333335,0.26846315789473685,0.350609756097561,0.1,0.94,0.0797930281099649","0,0,0"
15.1,21,AV,1,0,0,12,777.0630287344238,0.1,-0.2963043367143889,"0.21007142857142858,0.32277499999999987,0.36945959595959593,0.1,0.12,0.03839390427593374","0,0,0"
17.2,281,AV,1,0,0,18,8348.421721831439,0.8,-29.00865729606076,"0.2111666666666667,0.30057407407407405,0.3443333333333333,0.8,0.18,0.41248713758156286","0,0,0"
27.35,284,AV,1,0,0,43,8689.506535985933,0.5,-30.007323706971626,"0.1826388888888889,0.2553837209302326,0.35448263888888887,0.5,0.43,0.42933979588645044","0,0,0"
10.266666666666667,242,AV,0,0,0,22,4967.653125719208,0.5,-10.43955034815453,"0.13350000000000004,0.24072484276729558,0.31588888888888894,0.5,0.22,0.24544675468029653","0,0,0"
7.116666666666666,289,AV,0,0,0,4,10783.100237376317,0.1,-5.937871970269229,"0.16399999999999998,0.26351307189542483,0.3541034482758621,0.1,0.04,0.5327821592360418","0,0,0"
23.766666666666666,179,AV,1,0,0,30,3065.2253709468137,0.5,-9.198256268876591,"0.16804761904761903,0.2845429553264605,0.35811538461538467,0.5,0.3,0.15144970887106365","0,0,0"
31.416666666666668,211,AV,2,0,0,32,4034.238052294327,0.1,-3.20056343795236,"0.17958333333333334,0.25561926605504587,0.31132608695652175,0.1,0.32,0.1993276528139321","0,0,0"
38.583333333333336,90,AV,1,0,0,77,1538.317647081207,0.1,-1.4988238017647284,"0.22740000000000002,0.33102040816326533,0.3500185185185186,0.1,0.77,0.07600673086224138","0,0,0"
41.3,109,AV,1,0,0,83,1862.7228332236152,0.2,-3.8853764147543086,"0.1516388888888889,0.28703079710144924,0.36054166666666665,0.2,0.83,0.09203526548916015","0,0,0"
26.183333333333334,186,AV,1,0,0,36,3252.767976975094,0.1,-2.1507148534629095,"0.24055555555555558,0.3092916666666667,0.3485591397849462,0.1,0.36,0.1607160007897979","0,0,0"
45.6,62,AV,2,0,0,52,1244.4027248274256,0.2,-2.8658971844510406,"0.17038888888888892,0.30035438596491226,0.3771722222222222,0.2,0.52,0.06148468956958209","0,0,0"
42.666666666666664,87,AV,2,0,0,89,1503.4428459110418,0.2,-3.2397421595389453,"0.13382051282051285,0.28268518518518515,0.3317117117117116,0.2,0.89,0.07428360194186243","0,0,0"
28.433333333333334,154,AV,1,0,0,43,2722.266725979925,0.1,-1.9546241727785152,"0.18308333333333335,0.2928736842105263,0.35550900900900906,0.1,0.43,0.13450446646658565","0,0,0"
17.566666666666666,231,AV,1,0,0,18,4660.29795945294,0.1,-2.0673207278044607,"0.22045454545454546,0.2967319587628866,0.36873958333333334,0.1,0.18,0.23026064442157015","0,0,0"
13.866666666666667,48,AV,1,0,0,7,1040.734547163155,0.1,-0.36443229934332705,"0.20902380952380953,0.3217007168458781,0.3921159420289855,0.1,0.07,0.05142164934229008","0,0,0"
13.783333333333333,189,AV,1,0,0,5,3313.1900178081896,0.3,-3.4596062433426416,"0.18740277777777772,0.28705555555555556,0.3511954022988506,0.3,0.05,0.16370139317898502","0,0,0"
44.68333333333333,25,AV,2,0,0,64,822.5771428470101,0.1,-0.9281689057124721,"0.17047916666666665,0.2977170542635659,0.33396929824561405,0.1,0.64,0.04064271096963091","0,0,0"
36.583333333333336,146,AV,2,0,0,51,2476.7673195544394,0.2,-4.576182042442756,"0.1728,0.30384385964912286,0.37657142857142856,0.2,0.51,0.12237458721412664","0,0,0"
38.21666666666667,23,AV,1,0,0,69,793.0252767736928,0.1,-0.7653227944621539,"0.22728787878787876,0.327404214559387,0.3654666666666666,0.1,0.69,0.0391825829295129","0,0,0"
15.016666666666667,5,AV,1,0,0,10,591.6693204447811,0.5,-1.1218309295470283,"0.1931,0.3478910891089109,0.3811034482758621,0.5,0.1,0.02923378723751827","0,0,0"
13.55,148,AV,1,0,0,1,2520.757475212996,0.8,-6.900255310936585,"0.24512499999999995,0.29136486486486485,0.35545238095238096,0.8,0.01,0.12454809665027725","0,0,0"
31.116666666666667,252,AV,2,0,0,38,5702.616109653807,0.5,-22.404849067179416,"0.15302380952380953,0.22570967741935483,0.31956111111111113,0.5,0.38,0.28176053800041856","0,0,0"
24.55,271,AV,2,0,0,16,7332.887514065835,0.2,-9.092039821733144,"0.20625757575757578,0.2525598705501618,0.3367628205128206,0.2,0.16,0.3623106117141683","0,0,0"
23.05,149,AV,1,0,0,26,2528.765907819195,0.3,-4.415761679941852,"0.21728333333333333,0.32498639455782324,0.3458333333333334,0.3,0.26,0.12494378526691811","0,0,0"
14.2,187,AV,1,0,0,8,3257.969850357721,0.2,-2.3365238320747292,"0.19061904761904763,0.28026418439716316,0.34332258064516125,0.2,0.08,0.1609730201322744","0,0,0"
16.45,202,AV,1,0,0,15,3759.463069718096,0.3,-4.6850884467320215,"0.1814444444444444,0.29160460992907805,0.33838235294117647,0.3,0.15,0.18575129672910448","0,0,0"
37.21666666666667,56,AV,1,0,0,73,1148.9174546898266,0.1,-1.079769644916828,"0.1466875,0.2605,0.3127254901960784,0.1,0.73,0.05676685821503235","0,0,0"
34.38333333333333,160,AV,1,0,0,62,2818.3733061874163,0.1,-2.4470976980911785,"0.21689583333333332,0.24850330033003298,0.33974242424242435,0.1,0.62,0.13925299612805134","0,0,0"
20.55,293,AV,1,0,0,22,12197.400506638176,0.4,-25.318846506203492,"0.16272916666666667,0.2950807560137457,0.35177777777777774,0.4,0.22,0.6026613159421645","0,0,0"
24.233333333333334,41,AV,2,0,0,10,954.0002559944874,0.3,-1.7514095608787685,"0.14860416666666665,0.2696412698412699,0.3377530864197531,0.3,0.1,0.04713619507483592","0,0,0"
20.95,142,AV,1,0,0,23,2382.718205806423,0.2,-2.5211084046285133,"0.22989583333333333,0.33285016835016834,0.3931464646464646,0.2,0.23,0.1177277149052501","0,0,0"
40.75,44,AV,1,0,0,80,981.8973671489576,0.2,-2.0208241268343445,"0.20124999999999996,0.2443530465949821,0.3296436781609195,0.2,0.8,0.048514563335367175","0,0,0"
20.916666666666668,145,AV,1,0,0,24,2436.431929205765,0.3,-3.860760190850044,"0.19273809523809526,0.24649616858237547,0.3361916666666667,0.3,0.24,0.12038165606348158","0,0,0"
31.05,174,AV,1,0,0,51,2991.769966736588,0.1,-2.3458196330093704,"0.18058333333333335,0.2787750809061489,0.37666000000000005,0.1,0.51,0.14782035107959768","0,0,0"
13.95,38,AV,1,0,0,8,946.2003450753726,0.3,-0.9999617283182914,"0.22901515151515153,0.31113166666666664,0.3636896551724138,0.3,0.08,0.04675080930545112","0,0,0"
39.81666666666667,222,AV,1,0,0,76,4304.4895651906745,0.6,-25.96824639202152,"0.1576071428571429,0.2463175438596491,0.31942473118279574,0.6,0.76,0.21268050880229086","0,0,0"
28.65,197,AV,0,0,0,91,3531.3895067900216,0.2,-9.109813604521925,"0.16362121212121208,0.267671875,0.3315486111111111,0.2,0.91,0.17448241091273348","0,0,0"
30.966666666666665,122,AV,1,0,0,48,2088.64210540395,0.2,-3.266579993131767,"0.16075,0.2653511326860842,0.33804761904761904,0.2,0.48,0.10319770996204586","0,0,0"
19.75,247,AV,1,0,0,22,5427.330032863625,0.9,-24.36131094296741,"0.16564814814814816,0.26895263157894733,0.3308564814814815,0.9,0.22,0.26815892926348833","0,0,0"
29.116666666666667,184,AV,1,0,0,48,3197.7177395395383,0.2,-4.702367753346443,"0.17004761904761903,0.26356666666666667,0.33818279569892473,0.2,0.48,0.15799602381455757","0,0,0"
20.6,115,AV,0,0,0,59,1942.5668635563816,0.2,-6.021054413599064,"0.20625925925925925,0.30623113207547165,0.3599533333333333,0.2,0.59,0.09598027888478354","0,0,0"
28.683333333333334,188,AV,1,0,0,48,3278.222126324269,0.3,-7.123510453793013,"0.23723333333333335,0.3062897727272727,0.3702072072072072,0.3,0.48,0.16197366475964245","0,0,0"
30.616666666666667,64,AV,2,0,0,29,1265.4739572733297,0.2,-1.9567976931911675,"0.21219047619047618,0.3165098039215686,0.38380263157894734,0.2,0.29,0.06252579801457091","0,0,0"
38.96666666666667,297,AV,1,0,0,75,16390.717038727882,0.1,-16.128575941307155,"0.17751666666666666,0.27509413580246916,0.342712962962963,0.1,0.75,0.8098488767684134","0,0,0"
16.183333333333334,162,AV,1,0,0,13,2838.632091159661,0.9,-10.44057485043951,"0.21478787878787878,0.2890368421052632,0.34058333333333335,0.9,0.13,0.14025396235885745","0,0,0"
42.36666666666667,168,AV,1,0,0,89,2909.8477340427667,0.1,-3.1131451767410407,"0.19064166666666668,0.27328673835125444,0.3292222222222222,0.1,0.89,0.1437726557913017","0,0,0"
38.28333333333333,69,AV,1,0,0,68,1317.647826688136,0.5,-6.369185727909614,"0.2147777777777778,0.2999761904761905,0.35981547619047616,0.5,0.68,0.06510365653304864","0,0,0"
42.7,54,AV,1,0,0,89,1129.1321270070612,0.1,-1.2175237834141797,"0.15183333333333332,0.24257388316151204,0.30749494949494943,0.1,0.89,0.05578928503366858","0,0,0"
28.416666666666668,253,AV,1,0,0,41,5721.231751015957,0.4,-16.4220541001384,"0.1960238095238095,0.3016024096385543,0.35327956989247306,0.4,0.41,0.2826803181547486","0,0,0"
23.25,72,AV,1,0,0,27,1348.5865378412918,0.2,-1.5835675254954567,"0.21135714285714283,0.3225476190476191,0.37611904761904763,0.2,0.27,0.0666323071965214","0,0,0"
29.333333333333332,32,AV,2,0,0,29,871.0408974081768,0.1,-0.6452154795616124,"0.19192592592592594,0.30047666666666667,0.3549285714285715,0.1,0.29,0.0430372564372029","0,0,0"
45.8,112,AV,1,0,0,98,1888.2149669861096,0.2,-4.367689166058779,"0.18961111111111112,0.32181292517006804,0.3965507246376812,0.2,0.98,0.09329480623074009","0,0,0"
36.166666666666664,181,AV,2,0,0,40,3132.463358685509,0.4,-11.44351092314403,"0.14743333333333333,0.2524789473684211,0.31895238095238093,0.4,0.4,0.15477187035537765","0,0,0"
35.65,4,AV,2,0,0,58,586.8516376274475,0.7,-3.6982026810588264,"0.14743589743589744,0.2676241134751773,0.3535287356321839,0.7,0.58,0.028995750365243225","0,0,0"
35.95,97,AV,2,0,0,45,1697.366940102563,0.1,-1.5409177145628068,"0.1876060606060606,0.27968089430894305,0.3542587719298245,0.1,0.45,0.08386519678534977","0,0,0"
35.53333333333333,223,AV,1,0,0,65,4343.557359248321,0.4,-15.5900072220832,"0.18703030303030302,0.2663673835125448,0.3515972222222223,0.4,0.65,0.21461080929254078","0,0,0"
19.6,294,AV,1,0,0,20,13351.937436366714,0.1,-6.608534690726961,"0.26475000000000004,0.328734375,0.36423039215686276,0.1,0.2,0.6597058267783346","0,0,0"
46.416666666666664,34,AV,1,0,0,100,912.6272274022258,0.1,-1.0697250960922555,"0.1351060606060606,0.2786020408163265,0.3477956989247312,0.1,1.0,0.04509199526010037","0,0,0"
30.233333333333334,199,AV,1,0,0,46,3623.60917519969,0.3,-8.299529095722523,"0.17766666666666667,0.30446527777777777,0.35627941176470584,0.3,0.46,0.17903889216374055","0,0,0"
27.7,106,AV,1,0,0,41,1822.2981036688468,0.1,-1.2746883199905823,"0.1797083333333333,0.2896357388316151,0.35269047619047617,0.1,0.41,0.09003792017801585","0,0,0"
34.68333333333333,19,AV,1,0,0,63,761.8437659652793,0.1,-0.6672545778509033,"0.2175555555555556,0.2756587301587301,0.3401217948717949,0.1,0.63,0.03764193577878302","0,0,0"
14.45,52,AV,1,0,0,10,1111.987968807459,0.1,-0.40576328659767136,"0.1691666666666667,0.24786996336996336,0.35115384615384615,0.1,0.1,0.05494220938540485","0,0,0"
33.65,132,AV,1,0,0,57,2187.718469250836,0.1,-1.8590082447043084,"0.15881944444444449,0.28068576388888894,0.33922916666666664,0.1,0.57,0.10809297365222585","0,0,0"
18.25,198,AV,1,0,0,18,3580.4564780460023,0.3,-4.95025232760148,"0.15698148148148147,0.3046707818930041,0.37626068376068383,0.3,0.18,0.17690676071171996","0,0,0"
37.3,245,AV,1,0,0,68,5386.149373461946,0.1,-5.073317465407338,"0.13291025641025642,0.24625,0.3196206896551725,0.1,0.68,0.2661242342173697","0,0,0"
28.85,166,AV,1,0,0,42,2891.134206742707,0.3,-6.318880444282356,"0.21914814814814815,0.29446099290780137,0.35748550724637673,0.3,0.42,0.14284803919103217","0,0,0"
26.8,240,AV,1,0,0,38,4756.448820673547,0.3,-9.657032454094777,"0.20514814814814814,0.31469934640522873,0.38038505747126444,0.3,0.38,0.23501136196344702","0,0,0"
28.366666666666667,254,AV,1,0,0,41,5807.233742044462,0.2,-8.319791101817907,"0.20635185185185187,0.3363707865168539,0.3942708333333334,0.2,0.41,0.28692959020732056","0,0,0"
45.916666666666664,94,AV,1,0,0,99,1626.914224999384,0.2,-3.7728524325532855,"0.17645454545454545,0.30474826388888887,0.368040404040404,0.2,0.99,0.0803841988487261","0,0,0"
34.25,263,AV,2,0,0,43,6007.794801579103,0.2,-10.392271310812337,"0.21805555555555556,0.3413999999999999,0.3735698924731183,0.2,0.43,0.29683911084658465","0,0,0"
25.133333333333333,190,AV,1,0,0,32,3362.377553451843,0.3,-6.402102715410833,"0.15438888888888885,0.24115277777777777,0.3347866666666667,0.3,0.32,0.1661316999433504","0,0,0"
29.016666666666666,273,AV,1,0,0,43,7362.36439851089,0.2,-10.789458264147692,"0.1707361111111111,0.2705688405797102,0.335,0.2,0.43,0.36376703498729634","0,0,0"
31.433333333333334,83,AV,1,0,0,48,1467.6871321740252,0.1,-1.165007546835106,"0.23222222222222225,0.28657166666666667,0.3625119047619048,0.1,0.48,0.07251694801576773","0,0,0"
21.183333333333334,95,AV,0,0,0,51,1649.648602545546,0.3,-6.647352744741653,"0.14354761904761904,0.24182051282051284,0.3184242424242424,0.3,0.51,0.08150748162374356","0,0,0"
40.28333333333333,259,AV,2,0,0,65,5882.279762541917,0.5,-29.918918741716777,"0.22182222222222223,0.3242621359223301,0.37536363636363634,0.5,0.65,0.29063753875296394","0,0,0"
15.683333333333334,275,AV,1,0,0,8,7864.29237148983,0.3,-9.34381202218678,"0.20727777777777776,0.29908833333333334,0.36217777777777777,0.3,0.08,0.38856679232403757","0,0,0"
26.8,276,AV,1,0,0,38,7897.119961473183,0.1,-5.344515529481852,"0.15538095238095243,0.25589655172413794,0.31884482758620686,0.1,0.38,0.390188770594556","0,0,0"
22.916666666666668,207,AV,1,0,0,30,3898.759045987068,0.4,-9.024905199044142,"0.1876666666666667,0.25042883895131085,0.3218380952380952,0.4,0.3,0.19263377109878843","0,0,0"
34.166666666666664,79,AV,1,0,0,59,1447.5744631551047,0.4,-4.995837793717112,"0.1865,0.2691111111111111,0.32502450980392156,0.4,0.59,0.07152320122755207","0,0,0"
30.366666666666667,124,AV,1,0,0,44,2105.6010448069283,0.2,-3.2292972252847,"0.23192424242424242,0.3102465277777777,0.35736363636363644,0.2,0.44,0.104035634135481","0,0,0"
27.533333333333335,81,AV,2,0,0,27,1457.5875839824732,0.1,-1.0134405255635717,"0.15707575757575756,0.26727333333333336,0.3258840579710145,0.1,0.27,0.0720179394770033","0,0,0"
24.2,78,AV,1,0,0,31,1446.9812594843625,0.5,-4.421331626202218,"0.16412500000000002,0.31283333333333335,0.3643010752688172,0.5,0.31,0.07149389162960644","0,0,0"
23.666666666666668,116,AV,0,0,0,69,1997.7276787447236,0.1,-5.193928158172351,"0.1880833333333333,0.2776421568627451,0.34617261904761903,0.1,0.69,0.09870571939579707","0,0,0"
44.81666666666667,57,AV,1,0,0,93,1150.2916000513435,0.1,-1.3018241214385788,"0.16554166666666667,0.2958187702265373,0.3587586206896552,0.1,0.93,0.05683475335805212","0,0,0"
45.016666666666666,225,AV,1,0,0,96,4459.768546990965,0.6,-30.41877486217827,"0.22185714285714286,0.2854253968253968,0.3427200000000001,0.6,0.96,0.22035268743240086","0,0,0"
24.233333333333334,196,AV,1,0,0,32,3520.054626539052,0.1,-2.154107502940986,"0.2335909090909091,0.33865196078431375,0.3891975308641976,0.1,0.32,0.17392236585687273","0,0,0"
47.03333333333333,243,AV,1,0,0,95,5003.647877951615,0.2,-11.88576962254163,"0.20543333333333333,0.30905376344086016,0.36216666666666664,0.2,0.95,0.2472252192585145","0,0,0"
42.1,16,AV,1,0,0,87,742.6585956180782,0.8,-6.316348863741635,"0.19230952380952382,0.27577551020408164,0.3430277777777777,0.8,0.87,0.03669401576896401","0,0,0"
18.266666666666666,61,AV,1,0,0,20,1240.6560786390864,0.1,-0.5722891675877267,"0.18130000000000002,0.309395390070922,0.3808611111111111,0.1,0.2,0.06129957154209703","0,0,0"
24.633333333333333,18,AV,1,0,0,30,753.7709081553346,0.3,-1.4066583361787683,"0.189375,0.2949680134680135,0.3536868686868687,0.3,0.3,0.03724306397749163","0,0,0"
29.466666666666665,100,AV,1,0,0,45,1723.69240549938,0.5,-6.413064336958972,"0.20740277777777777,0.311061320754717,0.3597575757575758,0.5,0.45,0.08516591160652838","0,0,0"
29.75,229,AV,1,0,0,46,4569.840806868062,0.3,-10.299451818509457,"0.20851851851851855,0.30904255319148943,0.34336419753086417,0.3,0.46,0.22579124730834796","0,0,0"
16.883333333333333,89,AV,1,0,0,13,1528.3774584247917,0.2,-1.3032376812999278,"0.21096969696969697,0.2977039007092198,0.37344285714285713,0.2,0.13,0.07551559611815158","0,0,0"
16.933333333333334,12,AV,1,0,0,17,658.4091024775607,0.3,-0.8446258183298001,"0.1632272727272727,0.26346969696969696,0.3227666666666667,0.3,0.17,0.032531332877974904","0,0,0"
17.133333333333333,180,AV,1,0,0,17,3101.095365071405,0.8,-10.733757694590588,"0.14771212121212118,0.261895,0.32519444444444445,0.8,0.17,0.15322200927639995","0,0,0"
26.766666666666666,126,AV,2,0,0,12,2131.3254046090938,0.1,-1.4406180975598506,"0.15408333333333332,0.2949045138888889,0.3596111111111111,0.1,0.12,0.10530664893258515","0,0,0"
34.833333333333336,171,AV,1,0,0,63,2965.4163440895786,0.1,-2.6084680804491667,"0.2060925925925926,0.2702577519379845,0.3260142857142857,0.1,0.63,0.14651824503694982","0,0,0"
26.783333333333335,170,AV,1,0,0,41,2953.464044858564,0.4,-7.990263838531504,"0.14153703703703704,0.26869927536231886,0.34726495726495726,0.4,0.41,0.1459276939290168","0,0,0"
25.566666666666666,28,AV,0,0,0,81,844.3352662229099,0.1,-4.545122179455364,"0.11737878787878789,0.20719767441860465,0.2954090909090909,0.1,0.81,0.04171775800600685","0,0,0"
34.45,24,AV,1,0,0,64,806.3598325453933,0.6,-4.208953974422545,"0.18647916666666667,0.24686458333333333,0.3161888888888889,0.6,0.64,0.039841429945686846","0,0,0"
40.93333333333333,216,AV,1,0,0,81,4164.701887555128,0.2,-8.609855080669526,"0.16630833333333336,0.26492982456140346,0.3467533333333334,0.2,0.81,0.20577373996162773","0,0,0"
24.233333333333334,91,AV,1,0,0,27,1546.5147326922538,0.4,-3.7855764668931604,"0.20057142857142857,0.28755451713395636,0.3488397435897436,0.4,0.27,0.07641174063449208","0,0,0"
16.116666666666667,65,AV,1,0,0,11,1291.2118623687816,0.2,-1.0510116758506836,"0.18817777777777778,0.2669569288389513,0.32085185185185183,0.2,0.11,0.0637974820710203","0,0,0"
16.75,14,AV,1,0,0,16,699.2977112166509,0.2,-0.5915776092363082,"0.1801309523809524,0.26445145631067957,0.3000087719298246,0.2,0.16,0.034551597993999705","0,0,0"
27.683333333333334,194,AV,1,0,0,41,3465.4556083993225,0.3,-7.26783051205969,"0.1298125,0.2523394495412844,0.365427536231884,0.3,0.41,0.17122468317412964","0,0,0"
38.21666666666667,85,AV,1,0,0,73,1474.807688008607,0.4,-5.693154930309319,"0.2121111111111111,0.2771704545454546,0.34711965811965806,0.4,0.73,0.07286876753232566","0,0,0"
41.18333333333333,66,AV,1,0,0,87,1291.7462447339112,0.2,-2.6867886959069818,"0.1705,0.2958303303303303,0.34359420289855075,0.2,0.87,0.06382388536729725","0,0,0"
16.883333333333333,261,AV,0,0,0,41,5984.209260784091,0.1,-6.551348476925204,"0.1633181818181818,0.2802978723404255,0.3521262626262627,0.1,0.41,0.2956737729497932","0,0,0"
21.983333333333334,140,AV,1,0,0,27,2337.3116255789537,0.2,-2.5950454832816834,"0.23245833333333332,0.33322058823529416,0.39667948717948726,0.2,0.27,0.11548422135287985","0,0,0"
31.05,267,AV,1,0,0,49,6248.181898567973,0.1,-4.899142625013525,"0.16306410256410256,0.23577240143369177,0.3122941176470589,0.1,0.49,0.3087163960212402","0,0,0"
23.25,218,AV,1,0,0,29,4227.85786318916,0.1,-2.4822650333118177,"0.1877083333333333,0.2816816239316239,0.35079047619047615,0.1,0.29,0.2088942133251532","0,0,0"
34.2,3,AV,1,0,0,60,586.3474640105957,0.3,-1.5191729749365432,"0.16968181818181816,0.26308024691358023,0.35070634920634924,0.3,0.6,0.02897083965289678","0,0,0"
17.5,6,AV,1,0,0,18,601.3137559373858,0.3,-0.7971962673412313,"0.1599,0.296514652014652,0.337474358974359,0.3,0.18,0.029710309114645228","0,0,0"
36.21666666666667,20,AV,1,0,0,67,767.6170681366935,0.4,-2.808134493368746,"0.20928787878787877,0.32773462783171525,0.3647628205128205,0.4,0.67,0.03792718884414417","0,0,0"
44.86666666666667,295,AV,1,0,0,98,13430.196447392702,0.3,-45.64910206613782,"0.20818518518518517,0.29510666666666663,0.36312643678160916,0.3,0.98,0.6635725259609666","0,0,0"
21.15,22,AV,2,0,0,7,779.0639592631991,0.3,-1.2482729347285348,"0.20666666666666667,0.2917422680412371,0.3491041666666667,0.3,0.07,0.0384927682449347","0,0,0"
25.466666666666665,121,AV,1,0,0,35,2078.9202215407213,0.1,-1.336948694660868,"0.19433333333333333,0.2875342679127726,0.3427916666666666,0.1,0.35,0.10271736143866485","0,0,0"
24.033333333333335,255,AV,1,0,0,31,5825.425317043349,1.0,-35.354643548722684,"0.14421428571428568,0.2720776699029127,0.3025434782608696,1.0,0.31,0.28782841766829664","0,0,0"
16.816666666666666,158,AV,1,0,0,16,2780.081336731352,0.5,-5.902992568943465,"0.1493095238095238,0.2856632996632997,0.34086363636363637,0.5,0.16,0.1373610283526348","0,0,0"
33.06666666666667,139,AV,1,0,0,56,2326.172138461347,0.1,-1.942392896762337,"0.1670555555555556,0.23007885304659495,0.3091576576576577,0.1,0.56,0.11493383047561351","0,0,0"
37.55,9,AV,2,0,0,54,646.5589615252754,0.3,-1.8392643185813704,"0.15684848484848485,0.26045532646048114,0.3121439393939394,0.3,0.54,0.03194582930805295","0,0,0"
35.15,33,AV,2,0,0,60,877.6907461205365,0.6,-4.674368140323766,"0.2089242424242424,0.2817508960573476,0.3294675925925927,0.6,0.6,0.043365818787322166","0,0,0"
14.566666666666666,153,AV,1,0,0,9,2667.9339807116767,0.2,-1.9627729790757624,"0.1411,0.2726555555555555,0.34700000000000003,0.2,0.09,0.13181994005915215","0,0,0"
45.0,272,AV,2,0,0,94,7336.658338656486,0.3,-25.011335245419836,"0.16836666666666666,0.2476401515151515,0.3173783783783783,0.3,0.94,0.3624969243722426","0,0,0"
44.8,185,AV,1,0,0,94,3245.380745418587,0.2,-7.343083706805691,"0.15721666666666667,0.27351685393258424,0.33830487804878046,0.2,0.94,0.16035100509349434","0,0,0"
26.75,17,AV,2,0,0,7,743.7553910389753,0.2,-1.0048210459743732,"0.12945,0.27865451388888884,0.33943010752688174,0.2,0.07,0.036748207329806624","0,0,0"
24.3,50,AV,2,0,0,16,1074.3823512953045,0.2,-1.3185601584078739,"0.18628787878787878,0.2805072463768116,0.3442522522522522,0.2,0.16,0.05308415357061393","0,0,0"
34.43333333333333,236,AV,1,0,0,63,4704.305573257116,0.2,-8.181056661910102,"0.17270370370370372,0.25825,0.3259569892473118,0.2,0.63,0.2324350164471723","0,0,0"
43.95,246,AV,1,0,0,92,5394.467136051333,0.6,-35.92224706506911,"0.1770151515151515,0.2848114478114478,0.35283333333333333,0.6,0.92,0.2665352065179911","0,0,0"
41.81666666666667,182,AV,2,0,0,86,3151.1733449572957,0.5,-16.637823910980337,"0.15187777777777778,0.25568300653594767,0.31871014492753624,0.5,0.86,0.1556963119969945","0,0,0"
26.633333333333333,224,AV,2,0,0,23,4376.119511966378,0.2,-5.886396447914371,"0.15666666666666668,0.25058703703703705,0.3113686868686869,0.2,0.23,0.2162196725742125","0,0,0"
34.833333333333336,176,AV,1,0,0,64,3017.17067826153,0.4,-10.615970904994274,"0.147,0.2814333333333333,0.35775490196078436,0.4,0.64,0.14907537474018487","0,0,0"
12.7,11,AV,1,0,0,2,650.412147456106,0.2,-0.4171835491258862,"0.14203703703703702,0.2790462046204621,0.33056111111111114,0.2,0.02,0.03213621135727569","0,0,0"
12.65,8,AV,1,0,0,5,617.4453946714843,0.1,-0.19723950107561308,"0.19024358974358976,0.28091666666666665,0.34551234567901234,0.1,0.05,0.03050735719243069","0,0,0"
30.716666666666665,213,AV,1,0,0,50,4116.183110063293,0.2,-6.385627501554418,"0.17895454545454545,0.33222743055555554,0.37670707070707066,0.2,0.5,0.2033764758662804","0,0,0"
25.266666666666666,161,AV,1,0,0,35,2835.850686157305,0.4,-7.237625656926724,"0.18061904761904762,0.2968301587301587,0.3497619047619047,0.4,0.35,0.14011653592951495","0,0,0"
31.6,98,AV,1,0,0,49,1717.0377309640771,0.4,-5.48064568671362,"0.19134615384615383,0.2861286231884058,0.3499857142857143,0.4,0.49,0.0848371108173414","0,0,0"
36.78333333333333,177,AV,2,0,0,64,3022.892107624705,0.1,-2.807880000642982,"0.16892592592592592,0.2670796296296296,0.3260081300813008,0.1,0.64,0.14935806482215805","0,0,0"
13.516666666666667,164,AV,1,0,0,6,2857.712092786687,0.1,-0.9754227724116178,"0.21630555555555556,0.30792407407407413,0.3671510416666668,0.1,0.06,0.1411966860877753","0,0,0"
33.88333333333333,141,AV,1,0,0,58,2361.523720441912,0.1,-2.0206135200582525,"0.17723611111111112,0.24604713804713807,0.32409770114942527,0.1,0.58,0.1166805166572675","0,0,0"
42.983333333333334,248,AV,1,0,0,90,5434.023139443809,0.3,-17.694880904830285,"0.1812435897435897,0.30725925925925923,0.36929761904761904,0.3,0.9,0.26848962894143685","0,0,0"
19.883333333333333,256,AV,1,0,0,22,5844.130995646287,0.2,-5.868727506570724,"0.13049999999999998,0.25810774410774406,0.3455752688172043,0.2,0.22,0.28875264647231946","0,0,0"
38.733333333333334,277,AV,1,0,0,73,8011.326014866212,0.7,-54.85195774825064,"0.2060925925925926,0.28910416666666666,0.36846,0.7,0.73,0.395831577058847","0,0,0"
36.266666666666666,40,AV,1,0,0,67,950.4213588862824,0.5,-4.352097805001159,"0.16332291666666665,0.2729291187739464,0.33237837837837836,0.5,0.67,0.04695936536102284","0,0,0"
27.05,15,AV,1,0,0,36,727.2326469992182,0.4,-1.987034656699884,"0.18435416666666665,0.27909385113268603,0.3684310344827586,0.4,0.36,0.03593183513143892","0,0,0"
20.183333333333334,250,AV,1,0,0,25,5611.673516276995,0.3,-8.58047554067101,"0.18420370370370376,0.2566176470588235,0.3240277777777778,0.3,0.25,0.27726715574492605","0,0,0"
