travel_time,id,kind,action,origin,destination,start_time,income,urgency,reward,observation,cost_table
13.633333333333333,291,AV,1,0,0,5,11861.36896338871,0.2,-8.1671715589663,"0.29697101449275365,0.29792297979797977,0.33076388888888886,0.2,0.05,0.5860583346804944","0,0,0"
33.55,66,AV,1,0,0,71,1135.438045570021,0.3,-2.8859050324904696,"0.25756756756756755,0.28629824561403505,0.33266666666666667,0.3,0.71,0.05610085414032447","0,0,0"
46.43333333333333,262,AV,0,0,0,81,5912.288420941998,0.2,-14.865013081434684,"0.2332701149425288,0.26215000000000005,0.31797619047619047,0.2,0.81,0.2921202364434439","0,0,0"
36.21666666666667,39,AV,2,0,0,57,881.2906222289953,0.2,-1.6119903384710497,"0.2742569444444445,0.2783964285714286,0.301875,0.2,0.57,0.04354368505248021","0,0,0"
40.6,264,AV,1,0,0,94,6130.868263041086,0.1,-6.285688168673437,"0.2278009259259259,0.24796933333333337,0.3178076923076923,0.1,0.94,0.3029200470429381","0,0,0"
23.933333333333334,62,AV,2,0,0,25,1104.4445206976068,0.1,-0.6675009813643786,"0.2963636363636364,0.31232179487179484,0.3532843137254902,0.1,0.25,0.05456949518600221","0,0,0"
32.733333333333334,281,AV,0,0,0,51,8475.089255911002,0.6,-43.03301843083133,"0.278963963963964,0.2740964912280702,0.31846666666666673,0.6,0.51,0.41874565329841523","0,0,0"
40.0,162,AV,1,0,0,80,2538.843693606908,0.3,-7.693465738202751,"0.2770570175438597,0.2923964646464646,0.38018181818181823,0.3,0.8,0.12544171854715278","0,0,0"
20.683333333333334,19,AV,1,0,0,27,617.4453946714843,0.1,-0.3224956796242896,"0.29834895833333336,0.3252108585858586,0.3305625,0.1,0.27,0.03050735719243069","0,0,0"
36.266666666666666,205,AV,1,0,0,77,3458.1247672483346,0.4,-12.66814729550905,"0.3217526881720429,0.2984611872146119,0.4079487179487179,0.4,0.77,0.17086247367116114","0,0,0"
40.35,175,AV,1,0,0,84,2815.231094880572,0.1,-2.8685498656169464,"0.29440625,0.2793551724137931,0.347,0.1,0.84,0.1390977426213619","0,0,0"
29.65,101,AV,2,0,0,30,1592.6375082496468,0.5,-5.962336126212376,"0.3139047619047619,0.2800238095238095,0.3844444444444445,0.5,0.3,0.0786906206792357","0,0,0"
26.45,49,AV,1,0,0,48,959.5289757906356,0.1,-0.6408975103450079,"0.2533851851851852,0.28284230769230767,0.3368,0.1,0.48,0.04740936357053375","0,0,0"
45.2,24,AV,1,0,0,100,640.5426603936758,0.6,-4.386746704514265,"0.27692857142857147,0.2944242424242424,0.3591274509803922,0.6,1.0,0.03164856990797825","0,0,0"
55.18333333333333,45,AV,0,0,0,97,912.6272274022258,0.1,-2.2717629418892127,"0.2707847222222222,0.27211785714285713,0.33093589743589746,0.1,0.97,0.04509199526010037","0,0,0"
19.016666666666666,108,AV,0,0,0,26,1649.648602545546,0.4,-4.168769453711226,"0.30088709677419356,0.3138976377952756,0.35603174603174603,0.4,0.26,0.08150748162374356","0,0,0"
35.56666666666667,289,AV,1,0,0,75,11515.391842589095,0.5,-51.712639293108445,"0.2968866666666667,0.3212051282051282,0.3794298245614035,0.5,0.75,0.5689639524149042","0,0,0"
17.066666666666666,278,AV,1,0,0,16,8139.327108000771,0.1,-3.507858147555888,"0.29421875000000003,0.2654710144927537,0.32990833333333325,0.1,0.16,0.40215598259005225","0,0,0"
40.63333333333333,96,AV,1,0,0,88,1530.0661682302475,0.6,-9.419952823599353,"0.25566666666666665,0.25476642335766425,0.31660000000000005,0.6,0.88,0.07559903357460358","0,0,0"
24.816666666666666,297,AV,1,0,0,43,17322.90883950548,0.1,-10.85598117088538,"0.176,0.242406862745098,0.3218095238095238,0.1,0.43,0.8559075379611304","0,0,0"
40.86666666666667,271,AV,1,0,0,89,7334.728577480919,0.1,-7.569341107737043,"0.35480882352941173,0.34224586288416076,0.37821111111111105,0.1,0.89,0.3624015768095477","0,0,0"
12.866666666666667,127,AV,1,0,0,3,1888.2149669861096,0.4,-2.454043694466796,"0.3047051282051282,0.23603864734299512,0.306036231884058,0.4,0.03,0.09329480623074009","0,0,0"
20.616666666666667,54,AV,0,0,0,28,1022.032321197676,0.3,-2.59628027944637,"0.17935294117647058,0.26320437956204384,0.3089298245614035,0.3,0.28,0.05049759112961852","0,0,0"
28.416666666666668,91,AV,1,0,0,53,1496.328062426438,0.7,-7.5162775357994684,"0.2864791666666667,0.32996200980392165,0.3863148148148148,0.7,0.53,0.07393206763132296","0,0,0"
41.38333333333333,158,AV,1,0,0,97,2496.2043409386315,0.1,-2.6086175835650764,"0.27699494949494946,0.30462619047619044,0.375921568627451,0.1,0.97,0.12333495093088893","0,0,0"
28.666666666666668,157,AV,1,0,0,55,2486.38103050259,0.3,-5.399716379374311,"0.20329487179487182,0.2580165394402036,0.3099777777777778,0.3,0.55,0.12284959102235175","0,0,0"
44.15,105,AV,2,0,0,92,1626.914224999384,0.5,-9.069225130520556,"0.25682971014492756,0.29097637795275594,0.31085714285714283,0.5,0.92,0.0803841988487261","0,0,0"
39.56666666666667,152,AV,0,0,0,71,2398.572127464108,0.3,-8.189659382070444,"0.35506989247311826,0.3213705128205129,0.3593771929824562,0.3,0.71,0.11851104126104732","0,0,0"
29.7,250,AV,1,0,0,56,5158.4050556257225,0.1,-3.868803791719292,"0.23042929292929287,0.2731643192488262,0.3331111111111111,0.1,0.56,0.2548716160705086","0,0,0"
22.3,191,AV,1,0,0,32,3048.604611013583,0.3,-5.150294153454766,"0.3235964912280702,0.28872703412073497,0.31934782608695655,0.3,0.32,0.15062849380578247","0,0,0"
31.383333333333333,27,AV,1,0,0,58,727.2326469992182,0.4,-2.305351976935232,"0.3250666666666667,0.30175899280575547,0.35963541666666665,0.4,0.58,0.03593183513143892","0,0,0"
41.1,231,AV,1,0,0,91,4549.115907877681,0.1,-4.7214309043882,"0.3358030303030304,0.3153639705882353,0.3757424242424242,0.1,0.91,0.22476725085176577","0,0,0"
39.61666666666667,202,AV,1,0,0,87,3387.2787239910285,0.9,-30.4983391171465,"0.3097555555555555,0.3109823232323232,0.3638859649122807,0.9,0.87,0.16736204178524355","0,0,0"
44.31666666666667,218,AV,1,0,0,100,3793.837230001502,0.2,-8.49142524795791,"0.250328125,0.30312293144208036,0.3444833333333333,0.2,1.0,0.18744968948578491","0,0,0"
38.7,130,AV,1,0,0,81,1927.298426803608,1.0,-18.834961898307988,"0.23780303030303035,0.27121153846153845,0.31521052631578944,1.0,0.81,0.09522588075045987","0,0,0"
37.583333333333336,171,AV,1,0,0,79,2767.495209174315,0.1,-2.6265579531515493,"0.263990990990991,0.28225438596491226,0.33404999999999996,0.1,0.79,0.1367391604233156","0,0,0"
18.366666666666667,208,AV,1,0,0,23,3558.5090095449787,0.1,-1.6504532527435045,"0.2948372093023256,0.31736172839506177,0.37695833333333334,0.1,0.23,0.17582235832276605","0,0,0"
23.016666666666666,232,AV,1,0,0,33,4559.760277629775,0.1,-2.65026470682101,"0.27295945945945943,0.31390887290167874,0.3778928571428571,0.1,0.33,0.2252931784769742","0,0,0"
17.183333333333334,156,AV,1,0,0,19,2478.182963693478,0.4,-4.30135797233666,"0.2909139784946237,0.28757888040712476,0.3616031746031746,0.4,0.19,0.12244453277008954","0,0,0"
26.333333333333332,143,AV,1,0,0,45,2218.0502812558643,0.1,-1.474966096121324,"0.284404761904762,0.2737113821138211,0.3466269841269842,0.1,0.45,0.10959163803796217","0,0,0"
40.15,183,AV,1,0,0,91,2953.464044858564,0.3,-8.983453136444798,"0.34570512820512816,0.29389906103286384,0.35584848484848486,0.3,0.91,0.1459276939290168","0,0,0"
14.466666666666667,132,AV,1,0,0,4,1945.516475481125,0.7,-4.975150717602405,"0.26330072463768106,0.28464435695538065,0.31275490196078437,0.7,0.04,0.09612601624932422","0,0,0"
35.0,26,AV,1,0,0,73,676.2529471816457,0.5,-2.9884915595148485,"0.24397222222222223,0.2673380952380953,0.3121825396825397,0.5,0.73,0.033412979334117666","0,0,0"
12.066666666666666,176,AV,1,0,0,3,2818.3733061874163,0.5,-4.293986266160962,"0.24957207207207208,0.25774074074074066,0.3384222222222222,0.5,0.03,0.13925299612805134","0,0,0"
19.716666666666665,172,AV,1,0,0,28,2793.3389947689566,0.1,-1.3907912587591227,"0.25829629629629625,0.2806769230769231,0.32646527777777784,0.1,0.28,0.13801607592895285","0,0,0"
37.05,203,AV,2,0,0,27,3389.778327720714,0.5,-15.857485737632885,"0.3271622807017544,0.31095498783454983,0.3300222222222223,0.5,0.27,0.1674855446965603","0,0,0"
27.933333333333334,20,AV,1,0,0,54,623.7253316558669,0.3,-1.319903605877819,"0.29991441441441435,0.3289734848484849,0.35870634920634925,0.3,0.54,0.03081764257536799","0,0,0"
8.916666666666666,190,AV,0,0,0,5,3046.5766145774583,0.3,-3.0579778898976513,"0.26225185185185185,0.2961234096692112,0.3489523809523809,0.3,0.05,0.15052829253746666","0,0,0"
43.03333333333333,46,AV,0,0,0,76,934.0011274976006,0.6,-7.089876038380819,"0.27543999999999996,0.28029411764705886,0.33571875,0.6,0.76,0.04614805820984811","0,0,0"
25.8,193,AV,1,0,0,47,3101.095365071405,0.2,-4.040821233274862,"0.24903535353535353,0.2702822384428224,0.29888333333333333,0.2,0.47,0.15322200927639995","0,0,0"
18.233333333333334,283,AV,1,0,0,16,8795.495569618428,0.5,-20.248889211200673,"0.28112499999999996,0.28538160919540223,0.3280476190476191,0.5,0.16,0.43457660765217343","0,0,0"
37.36666666666667,284,AV,1,0,0,83,8981.750106371177,0.4,-33.90081437455249,"0.2198148148148148,0.2632158273381294,0.33432222222222224,0.4,0.83,0.4437792573608979","0,0,0"
20.433333333333334,181,AV,1,0,0,28,2909.8477340427667,0.6,-9.00877101499099,"0.32738333333333336,0.2938785714285713,0.34168181818181814,0.6,0.28,0.1437726557913017","0,0,0"
23.033333333333335,209,AV,1,0,0,40,3628.2404526711953,0.1,-2.11036544848131,"0.3118791666666667,0.321419014084507,0.360125,0.1,0.4,0.1792677189349818","0,0,0"
23.15,274,AV,1,0,0,42,7572.106998522375,1.0,-44.26623156964469,"0.29630128205128203,0.2791094147582697,0.3528777777777778,1.0,0.42,0.37413020632558763","0,0,0"
20.683333333333334,38,AV,0,0,0,30,877.2934597877683,0.6,-3.7492959181732837,"0.23717676767676768,0.2827842465753425,0.32510606060606057,0.6,0.3,0.04334618926839462","0,0,0"
40.583333333333336,121,AV,1,0,0,85,1824.367004680513,0.4,-7.478676189220622,"0.2108928571428571,0.28091210045662096,0.2893958333333333,0.4,0.85,0.09014014250035135","0,0,0"
41.06666666666667,106,AV,1,0,0,89,1635.9686818612918,0.1,-1.6965601145228213,"0.19656944444444446,0.28383205128205125,0.32923148148148146,0.1,0.89,0.08083157047389894","0,0,0"
35.266666666666666,163,AV,1,0,0,74,2553.8725848963804,0.3,-6.82322523944538,"0.33709259259259255,0.27510955710955715,0.3694358974358975,0.3,0.74,0.1261842809805775","0,0,0"
19.116666666666667,201,AV,1,0,0,24,3386.12741774329,0.3,-4.903899176959032,"0.2601547619047619,0.275783908045977,0.3378076923076923,0.3,0.24,0.16730515689916173","0,0,0"
36.8,239,AV,1,0,0,77,4662.282088415262,1.0,-43.32625779133374,"0.36391666666666667,0.312719298245614,0.33044444444444443,1.0,0.77,0.23035867824203715","0,0,0"
56.68333333333333,89,AV,0,0,0,99,1467.6871321740252,0.9,-19.907590668650982,"0.32032222222222223,0.326451690821256,0.35346969696969693,0.9,0.99,0.07251694801576773","0,0,0"
21.316666666666666,166,AV,1,0,0,30,2629.980017260476,0.2,-2.8314347155523136,"0.23195959595959598,0.2870947242206235,0.34132407407407406,0.2,0.3,0.1299446728211638","0,0,0"
32.45,160,AV,1,0,0,65,2530.9644311939346,0.3,-6.221954226685089,"0.24689444444444447,0.24753131991051455,0.272,0.3,0.65,0.12505241210010515","0,0,0"
16.566666666666666,28,AV,1,0,0,10,753.7709081553346,0.2,-0.6306803726484871,"0.295483870967742,0.3270426065162908,0.3404473684210526,0.2,0.1,0.03724306397749163","0,0,0"
19.166666666666668,196,AV,1,0,0,26,3257.3450634265246,0.4,-6.306307782728122,"0.2751756756756757,0.283322463768116,0.3430888888888889,0.4,0.26,0.1609421500371313","0,0,0"
33.68333333333333,147,AV,1,0,0,69,2283.7291705859197,0.1,-1.9425154266642022,"0.2788333333333333,0.3134925925925925,0.37503571428571425,0.1,0.69,0.1128367660348439","0,0,0"
35.733333333333334,40,AV,1,0,0,76,892.1845339920479,0.7,-5.635482106966606,"0.20410416666666667,0.2636307870370371,0.31036458333333333,0.7,0.76,0.044081942297973305","0,0,0"
33.03333333333333,220,AV,1,0,0,61,3898.759045987068,0.4,-13.008990621458532,"0.3034333333333334,0.31243026004728136,0.37090350877192985,0.4,0.61,0.19263377109878843","0,0,0"
27.3,259,AV,1,0,0,50,5721.231751015957,0.5,-19.720912475092884,"0.29801111111111106,0.31069029850746266,0.3646041666666667,0.5,0.5,0.2826803181547486","0,0,0"
13.65,174,AV,1,0,0,6,2813.5576138103806,0.3,-2.9094743506448255,"0.26981007751937985,0.2856144278606966,0.3381410256410256,0.3,0.06,0.1390150576014335","0,0,0"
30.5,140,AV,1,0,0,59,2142.030696222753,0.4,-6.599185478262016,"0.26012222222222225,0.29841393442622954,0.31845,0.4,0.59,0.10583558664582342","0,0,0"
29.283333333333335,69,AV,0,0,0,37,1150.4391077840953,0.2,-2.7014490844921344,"0.2810714285714286,0.3022308558558559,0.3444047619047619,0.2,0.37,0.056842041567067104","0,0,0"
21.316666666666666,92,AV,1,0,0,29,1509.578116022191,0.3,-2.437816174737856,"0.3308970588235294,0.3112551020408164,0.37074074074074076,0.3,0.29,0.07458673947980204","0,0,0"
15.716666666666667,8,AV,1,0,0,9,542.8991684878858,0.2,-0.4309376396330609,"0.27359803921568626,0.26029020979020984,0.3325128205128205,0.2,0.09,0.02682410298216846","0,0,0"
29.966666666666665,53,AV,1,0,0,57,1017.530975349866,0.2,-1.540000583904932,"0.2922142857142857,0.29985945273631837,0.33969444444444447,0.2,0.57,0.050275184149485695","0,0,0"
38.483333333333334,169,AV,2,0,0,78,2754.938443140308,0.2,-5.354505778797114,"0.3030572916666666,0.3020962962962963,0.375640350877193,0.2,0.78,0.13611874321737782","0,0,0"
31.083333333333332,256,AV,0,0,0,44,5502.789496653042,0.1,-5.319319196657376,"0.27907051282051276,0.28038590604026853,0.3559222222222222,0.1,0.44,0.27188730562719554","0,0,0"
27.2,4,AV,1,0,0,49,506.5869000089976,0.1,-0.347958678794059,"0.26135483870967735,0.29521969696969697,0.32066666666666666,0.1,0.49,0.025029950244917432","0,0,0"
13.2,36,AV,1,0,0,3,859.2772315809713,0.1,-0.28642574386032377,"0.31232758620689655,0.31390375586854463,0.33347368421052637,0.1,0.03,0.042456025516412095","0,0,0"
29.3,206,AV,0,0,0,39,3523.1638559153366,0.4,-11.427141512961553,"0.2670773809523809,0.2841986301369862,0.3403125,0.4,0.39,0.1740759897594787","0,0,0"
24.833333333333332,184,AV,1,0,0,44,2965.4163440895786,0.1,-1.8596255693154344,"0.2797716049382716,0.2650567375886525,0.3407361111111111,0.1,0.44,0.14651824503694982","0,0,0"
18.066666666666666,215,AV,1,0,0,22,3758.845856207275,0.5,-8.574471608014912,"0.31884722222222217,0.3067464285714286,0.35,0.5,0.22,0.18572080082906037","0,0,0"
15.366666666666667,261,AV,1,0,0,9,5899.132481879994,0.5,-11.445707382772211,"0.31273456790123455,0.3085833333333333,0.36269230769230765,0.5,0.09,0.29147021469961026","0,0,0"
25.483333333333334,199,AV,1,0,0,49,3366.895459871004,0.3,-6.499978735028743,"0.2858563218390805,0.2558141025641026,0.3241746031746032,0.3,0.49,0.16635492516469105","0,0,0"
41.3,214,AV,0,0,0,73,3752.1132597063192,1.0,-40.131888289361356,"0.2896,0.2931772300469483,0.34746153846153854,1.0,0.73,0.1853881499937643","0,0,0"
43.5,79,AV,1,0,0,100,1317.647826688136,0.1,-1.447416173255907,"0.2873815789473684,0.28225252525252525,0.351625,0.1,1.0,0.06510365653304864","0,0,0"
36.25,86,AV,1,0,0,74,1411.5824788559885,0.2,-2.5843366090166455,"0.3081547619047619,0.3108128205128205,0.35134848484848485,0.2,0.74,0.06974487341013964","0,0,0"
36.43333333333333,31,AV,2,0,0,67,793.0252767736928,0.2,-1.459219911639135,"0.3308846153846153,0.33852511415525116,0.3721203703703704,0.2,0.67,0.0391825829295129","0,0,0"
37.1,275,AV,1,0,0,82,7612.519032757181,0.4,-28.527722839928426,"0.2793578431372549,0.3016127450980392,0.3417,0.4,0.82,0.3761269243737155","0,0,0"
42.06666666666667,6,AV,2,0,0,87,522.440884226393,0.5,-2.774917491135134,"0.2777388888888889,0.29060071942446053,0.3288571428571428,0.5,0.87,0.02581327969172718","0,0,0"
32.8,136,AV,1,0,0,69,2113.1349678504243,0.3,-5.250820223143478,"0.29714141414141415,0.3063881118881119,0.3651190476190477,0.3,0.69,0.10440787771091574","0,0,0"
42.833333333333336,110,AV,2,0,0,99,1664.0464513081895,0.4,-7.199662255660011,"0.2531282051282051,0.3071073825503356,0.3606111111111111,0.4,0.99,0.08221886487932402","0,0,0"
29.416666666666668,95,AV,2,0,0,23,1528.3774584247917,0.4,-4.541390932861544,"0.29598611111111106,0.3102721088435374,0.3655833333333333,0.4,0.23,0.07551559611815158","0,0,0"
17.25,149,AV,1,0,0,17,2329.0008356791827,0.2,-2.0290537583568637,"0.28125641025641024,0.30107276995305166,0.41307407407407404,0.2,0.17,0.1150735935658535","0,0,0"
29.95,41,AV,2,0,0,31,898.3728471886773,0.9,-6.115060630295656,"0.2890944444444445,0.29994483568075114,0.32349074074074075,0.9,0.31,0.044387700641524724","0,0,0"
37.416666666666664,61,AV,1,0,0,82,1100.389953660579,0.7,-7.278042138794612,"0.30312179487179486,0.29853777777777774,0.3596666666666667,0.7,0.82,0.05436916309845774","0,0,0"
24.433333333333334,286,AV,1,0,0,42,9280.176126726552,0.3,-17.177699749723644,"0.30878494623655917,0.3074976019184652,0.34401666666666664,0.3,0.42,0.4585241874827607","0,0,0"
22.183333333333334,227,AV,1,0,0,32,4237.057085974603,0.2,-4.747073216693768,"0.30378333333333335,0.32480439814814815,0.34703125,0.2,0.32,0.20934873768929974","0,0,0"
14.066666666666666,100,AV,0,0,0,9,1587.6148581174584,0.3,-2.6918521972867864,"0.2685570175438597,0.27070897435897445,0.31817708333333333,0.3,0.09,0.07844245657766878","0,0,0"
36.96666666666667,165,AV,1,0,0,83,2612.3907844155665,0.4,-9.75468478086486,"0.2920952380952381,0.3203163017031629,0.4042314814814814,0.4,0.83,0.12907560648141725","0,0,0"
58.28333333333333,113,AV,0,0,0,100,1703.2333497257905,0.2,-6.013642276086776,"0.3193666666666666,0.3150513698630137,0.36361111111111116,0.2,1.0,0.08415505019644881","0,0,0"
39.63333333333333,224,AV,0,0,0,71,3958.913906791885,0.2,-8.924492651810693,"0.2789871794871795,0.26200566893424043,0.3247222222222222,0.2,0.71,0.19560596239095915","0,0,0"
31.35,229,AV,1,0,0,63,4412.688598555705,0.9,-31.440406264709402,"0.25866071428571424,0.26909101654846335,0.33641666666666664,0.9,0.63,0.21802651443652019","0,0,0"
38.083333333333336,21,AV,2,0,0,67,627.4062491148882,0.1,-0.6033768010216835,"0.29055,0.32065427927927925,0.36130555555555555,0.1,0.67,0.0309995130123124","0,0,0"
34.06666666666667,125,AV,1,0,0,71,1848.7234685638712,0.5,-7.952000778081973,"0.2536666666666666,0.27178045977011495,0.3075555555555556,0.5,0.71,0.09134357093312716","0,0,0"
13.15,292,AV,1,0,0,0,12726.503958899895,0.3,-12.678297504510121,"0.3458188405797102,0.31013695090439275,0.356861111111111,0.3,0.0,0.6288037864329918","0,0,0"
18.383333333333333,60,AV,1,0,0,19,1089.3140785512585,0.9,-4.55118722970469,"0.2670882352941177,0.28378423772609823,0.3620555555555556,0.9,0.19,0.05382191522667051","0,0,0"
43.46666666666667,98,AV,1,0,0,98,1552.9853059451273,0.1,-1.7046236018118235,"0.30542635658914735,0.30634825870646765,0.33502564102564103,0.1,0.98,0.07673144516410514","0,0,0"
10.583333333333334,253,AV,0,0,0,7,5427.330032863625,0.1,-2.4504859305001694,"0.25678508771929826,0.2969285714285714,0.3525119047619048,0.1,0.07,0.26815892926348833","0,0,0"
21.516666666666666,13,AV,1,0,0,29,597.1498506777683,0.1,-0.32446147189604324,"0.24716666666666665,0.29200245098039224,0.3377222222222222,0.1,0.29,0.029504574735270385","0,0,0"
27.516666666666666,146,AV,1,0,0,52,2280.385817754286,0.2,-3.1691220413403425,"0.3033271604938272,0.30557142857142855,0.37266666666666665,0.2,0.52,0.1126715743273096","0,0,0"
40.166666666666664,118,AV,1,0,0,87,1797.659883656486,0.1,-1.8233839729007288,"0.3005119047619048,0.30398717948717946,0.352921052631579,0.1,0.87,0.08882057045771759","0,0,0"
27.916666666666668,161,AV,1,0,0,51,2533.2754137277425,0.4,-7.143495484838333,"0.27815104166666665,0.25604830917874394,0.35244999999999993,0.4,0.51,0.12516659542746134","0,0,0"
51.56666666666667,15,AV,0,0,0,89,601.3137559373858,0.1,-1.783023889255165,"0.2618388888888889,0.26616666666666666,0.30898809523809523,0.1,0.89,0.029710309114645228","0,0,0"
14.533333333333333,43,AV,1,0,0,6,904.859336063587,0.6,-1.9925185379986055,"0.23059615384615384,0.27876538461538464,0.33647058823529413,0.6,0.06,0.044708191546047354","0,0,0"
41.85,242,AV,1,0,0,92,4717.175795221327,0.1,-4.985197147222539,"0.320828125,0.28532973621103114,0.3452105263157895,0.1,0.92,0.23307092119599135","0,0,0"
43.3,228,AV,1,0,0,99,4245.708624069837,0.9,-41.78163259595999,"0.22459803921568636,0.26585539215686277,0.32382500000000003,0.9,0.99,0.20977620150263931","0,0,0"
16.966666666666665,216,AV,1,0,0,14,3773.073658575576,1.0,-16.16577855399805,"0.29941379310344823,0.2786825980392157,0.3425666666666667,1.0,0.14,0.1864237822629797","0,0,0"
28.95,296,AV,1,0,0,54,15725.918848752755,0.1,-11.496599764429098,"0.24724666666666664,0.27572643678160924,0.34807499999999997,0.1,0.54,0.7770018654902042","0,0,0"
13.6,37,AV,1,0,0,4,863.3540159882258,0.1,-0.29650541963231997,"0.2857820512820513,0.28479842342342343,0.36201041666666667,0.1,0.04,0.04265745534191888","0,0,0"
36.96666666666667,135,AV,1,0,0,78,2088.64210540395,0.2,-3.8995018432541766,"0.2564444444444444,0.259985401459854,0.31460784313725493,0.2,0.78,0.10319770996204586","0,0,0"
44.233333333333334,273,AV,1,0,0,96,7511.51421120444,0.1,-8.390386665209,"0.24194000000000002,0.2662487745098039,0.36438194444444444,0.1,0.96,0.3711363775239707","0,0,0"
41.78333333333333,276,AV,1,0,0,93,7958.958807233507,0.1,-8.39777345527542,"0.22907291666666665,0.25965845070422533,0.30253125,0.1,0.93,0.3932441658930853","0,0,0"
49.8,124,AV,0,0,0,85,1838.9541098615327,0.3,-7.937872323568509,"0.3010882352941177,0.2738816425120773,0.3617407407407407,0.3,0.85,0.09086087672559844","0,0,0"
6.916666666666667,234,AV,0,0,0,5,4577.590037133467,0.3,-3.3986109411747334,"0.3196444444444444,0.30624404761904755,0.34378333333333333,0.3,0.05,0.2261741289975035","0,0,0"
18.983333333333334,76,AV,1,0,0,22,1279.3396024785957,0.5,-3.0664305707557244,"0.2019047619047619,0.2985755395683453,0.31786458333333334,0.5,0.22,0.06321088562657848","0,0,0"
43.1,279,AV,1,0,0,95,8331.964781214912,0.1,-9.068375809857645,"0.27594949494949494,0.28406250000000005,0.31765000000000004,0.1,0.95,0.4116740166642871","0,0,0"
21.266666666666666,295,AV,1,0,0,30,14754.343640924068,0.2,-15.84725798469622,"0.28697101449275364,0.28401666666666664,0.3164166666666667,0.2,0.3,0.7289973096860264","0,0,0"
12.216666666666667,59,AV,0,0,0,8,1083.524948441525,0.2,-1.6685385414205707,"0.24578508771929827,0.27980676328502413,0.35075,0.2,0.08,0.053535880118764236","0,0,0"
25.95,290,AV,0,0,0,32,11662.42845360034,0.3,-23.92727411900976,"0.3062569444444445,0.2976258278145696,0.3247777777777777,0.3,0.32,0.5762288837775733","0,0,0"
15.15,83,AV,1,0,0,13,1365.417472605012,0.1,-0.5223756239890388,"0.22066111111111109,0.2533432835820895,0.3058888888888889,0.1,0.13,0.06746390678921493","0,0,0"
13.883333333333333,268,AV,0,0,0,14,7081.334819999852,0.2,-5.9652793813635325,"0.27628571428571425,0.31780430107526886,0.3292857142857143,0.2,0.14,0.34988164559535495","0,0,0"
56.8,270,AV,0,0,0,97,7130.271245067938,0.1,-11.22725774545098,"0.33437878787878783,0.3352189781021898,0.39331666666666665,0.1,0.97,0.3522995452382328","0,0,0"
42.13333333333333,88,AV,1,0,0,95,1447.5744631551047,0.7,-10.7812616582461,"0.2702258064516129,0.30525,0.30728888888888883,0.7,0.95,0.07152320122755207","0,0,0"
16.483333333333334,221,AV,1,0,0,10,3919.41152379869,0.4,-6.525754203765833,"0.3077833333333333,0.30863470319634706,0.3223095238095238,0.4,0.1,0.1936541892976206","0,0,0"
19.2,16,AV,1,0,0,23,610.4868582393152,0.1,-0.29599362823724373,"0.36161458333333335,0.33875445292620876,0.39272549019607844,0.1,0.23,0.03016354289191967","0,0,0"
36.71666666666667,226,AV,1,0,0,76,4135.471393234625,0.6,-23.006170402262324,"0.24908602150537631,0.2840528735632184,0.3237619047619048,0.6,0.76,0.20432949057724065","0,0,0"
27.866666666666667,189,AV,1,0,0,53,3032.1279287666234,0.1,-2.1337196535765126,"0.23590952380952385,0.26349148418491486,0.3255104166666667,0.1,0.53,0.14981439747436257","0,0,0"
36.6,51,AV,1,0,0,75,985.8695826897422,0.3,-2.733547479276103,"0.2866250000000001,0.28109398496240595,0.3377301587301587,0.3,0.75,0.04871082651814225","0,0,0"
34.483333333333334,280,AV,1,0,0,68,8436.938288223368,0.7,-51.42768401866121,"0.24709689922480624,0.292264631043257,0.3482395833333333,0.7,0.68,0.4168606522788469","0,0,0"
43.95,198,AV,1,0,0,99,3269.866339895674,0.7,-25.403393420931923,"0.32760555555555565,0.3355507246376812,0.40751754385964906,0.7,0.99,0.161560813739292","0,0,0"
13.233333333333333,299,AV,1,0,0,4,20239.22920549412,0.1,-6.76344612338482,"0.30384374999999997,0.3231380952380952,0.39820370370370367,0.1,0.04,1.0","0,0,0"
15.95,200,AV,1,0,0,16,3368.9508766880413,0.1,-1.3569385475549056,"0.28600000000000003,0.3079652777777778,0.34110833333333335,0.1,0.16,0.16645648124650464","0,0,0"
20.566666666666666,77,AV,1,0,0,27,1282.6858023855964,1.0,-6.661760438315766,"0.33355982905982906,0.292704260651629,0.35313636363636364,1.0,0.27,0.06337621800524892","0,0,0"
54.916666666666664,144,AV,0,0,0,94,2255.9253983027734,0.1,-4.128482402107592,"0.29610555555555557,0.3102626262626263,0.36076851851851854,0.1,0.94,0.11146300955425625","0,0,0"
37.9,245,AV,0,0,0,62,4925.450001742355,0.1,-5.714003915808972,"0.2328725490196078,0.26360833333333333,0.33065625,0.1,0.62,0.24336154068581314","0,0,0"
34.05,58,AV,1,0,0,63,1074.3823512953045,0.5,-4.619030184546101,"0.2211142857142857,0.2581119047619047,0.3685333333333334,0.5,0.63,0.05308415357061393","0,0,0"
38.38333333333333,107,AV,1,0,0,84,1639.6236094811811,0.1,-1.5892479682807912,"0.3261025641025641,0.3035338164251208,0.3482307692307692,0.1,0.84,0.08101215677897904","0,0,0"
28.1,244,AV,1,0,0,55,4889.272753955773,0.1,-3.469408191569627,"0.3039137931034483,0.27250913242009134,0.3128888888888889,0.1,0.55,0.24157405918544247","0,0,0"
34.333333333333336,194,AV,0,0,0,52,3132.463358685509,1.0,-28.15856278995012,"0.2946813725490196,0.3245945626477541,0.3979761904761905,1.0,0.52,0.15477187035537765","0,0,0"
53.233333333333334,139,AV,0,0,0,89,2139.4702648744856,0.3,-9.628116194455943,"0.2493703703703703,0.2865353535353536,0.3292380952380952,0.3,0.89,0.10570907830292801","0,0,0"
49.8,267,AV,0,0,0,86,6918.069898529506,1.0,-87.99996993605286,"0.2838974358974358,0.2996579601990049,0.33543137254901967,1.0,0.86,0.34181488970200175","0,0,0"
29.166666666666668,230,AV,1,0,0,56,4549.070920567666,0.5,-16.75268121000298,"0.21784234234234237,0.2794953703703703,0.3397962962962964,0.5,0.56,0.22476502807393375","0,0,0"
39.78333333333333,117,AV,1,0,0,87,1794.439334206041,0.4,-7.2109876948650165,"0.31357017543859655,0.34436940298507457,0.37118518518518523,0.4,0.87,0.08866144634198442","0,0,0"
14.066666666666666,148,AV,1,0,0,5,2294.767722006211,1.0,-8.151447632042265,"0.2699733333333334,0.2979245495495495,0.3361764705882353,1.0,0.05,0.11338216978061968","0,0,0"
33.0,277,AV,1,0,0,64,8028.27043643778,0.5,-33.45112681849075,"0.26346464646464646,0.27186785714285716,0.335735294117647,0.5,0.64,0.39666878392080435","0,0,0"
41.46666666666667,272,AV,1,0,0,91,7336.658338656486,0.1,-7.6824940852598225,"0.24139655172413793,0.28122374429223745,0.35117777777777776,0.1,0.91,0.3624969243722426","0,0,0"
38.9,112,AV,1,0,0,85,1691.6338586686718,0.1,-1.6617312399548316,"0.2819607843137255,0.2704646118721461,0.3659166666666668,0.1,0.85,0.08358193098625824","0,0,0"
42.88333333333333,213,AV,1,0,0,89,3729.3449139509553,0.3,-12.115662201509858,"0.2814702380952381,0.29323515981735165,0.3312708333333333,0.3,0.89,0.1842631888836256","0,0,0"
21.433333333333334,78,AV,1,0,0,30,1294.2551843223837,0.4,-2.8020406852501436,"0.29998437499999997,0.2898149425287357,0.3260128205128205,0.4,0.3,0.06394784955402583","0,0,0"
37.95,254,AV,2,0,0,69,5458.612723313221,0.2,-10.462341053017008,"0.31495588235294114,0.3104862068965518,0.35407575757575754,0.2,0.69,0.2697045755987304","0,0,0"
22.283333333333335,57,AV,0,0,0,31,1062.4074567339185,0.1,-1.5978277650055763,"0.31329629629629624,0.29423306233062335,0.3048666666666666,0.1,0.31,0.052492486050087245","0,0,0"
48.28333333333333,237,AV,0,0,0,85,4645.51881630073,0.4,-23.656680152901036,"0.2516052631578948,0.28511750599520386,0.32855128205128203,0.4,0.85,0.2295304217929239","0,0,0"
19.466666666666665,211,AV,1,0,0,25,3651.018124108644,0.2,-3.589553172524323,"0.2878294573643411,0.28589763779527555,0.34534375000000006,0.2,0.25,0.18039314081771168","0,0,0"
39.96666666666667,116,AV,1,0,0,89,1783.933402668827,0.2,-3.600902609090781,"0.269647619047619,0.30056172839506173,0.3644083333333333,0.2,0.89,0.08814235881001646","0,0,0"
46.3,269,AV,0,0,0,80,7099.697064525982,0.4,-34.20363374621747,"0.2881458333333333,0.28617561521252793,0.3377777777777778,0.4,0.8,0.3507889056663633","0,0,0"
22.516666666666666,263,AV,1,0,0,40,5984.209260784091,0.5,-17.013187523820093,"0.2984010416666667,0.30725115740740744,0.38101190476190483,0.5,0.4,0.2956737729497932","0,0,0"
23.55,10,AV,1,0,0,38,567.9518330451218,0.1,-0.33775923404577324,"0.2498111111111111,0.2962615571776156,0.33069166666666666,0.1,0.38,0.028061929991431995","0,0,0"
22.35,129,AV,1,0,0,39,1922.439846447592,0.1,-1.0850133981844365,"0.2616190476190476,0.2846313868613139,0.36904166666666677,0.1,0.39,0.09498582317184927","0,0,0"
43.083333333333336,235,AV,1,0,0,97,4617.1597275219765,0.1,-5.023298777628076,"0.2801421568627451,0.28087962962962965,0.3201805555555556,0.1,0.97,0.22812922768168498","0,0,0"
19.116666666666667,52,AV,0,0,0,26,1014.5614647146556,0.1,-1.4897735690352316,"0.26229444444444444,0.2525766423357664,0.3414333333333333,0.1,0.26,0.05012846360963409","0,0,0"
34.63333333333333,126,AV,1,0,0,73,1862.7228332236152,0.1,-1.6290985048142563,"0.32424,0.2997106481481482,0.3128809523809524,0.1,0.73,0.09203526548916015","0,0,0"
38.6,18,AV,1,0,0,84,616.3739675020589,0.3,-1.8024269049681418,"0.23599509803921564,0.2578728395061728,0.3494642857142858,0.3,0.84,0.030454419051430016","0,0,0"
15.366666666666667,179,AV,1,0,0,12,2872.269398564857,0.1,-1.1145759198134673,"0.21947916666666664,0.26297463768115936,0.35733333333333334,0.1,0.12,0.1419159479544386","0,0,0"
29.016666666666666,192,AV,2,0,0,34,3064.640983136323,0.1,-2.24559762274425,"0.2592068965517241,0.25388043478260874,0.29155555555555557,0.1,0.34,0.1514208348559242","0,0,0"
25.733333333333334,68,AV,1,0,0,45,1141.5133047894662,0.4,-2.9671658966244716,"0.28475862068965513,0.2910037313432836,0.3284777777777777,0.4,0.45,0.0564010266003407","0,0,0"
22.966666666666665,85,AV,1,0,0,34,1405.7852601227096,0.2,-1.6306162360682606,"0.2526178861788619,0.2526642156862745,0.31421794871794867,0.2,0.34,0.0694584386514629","0,0,0"
37.666666666666664,145,AV,0,0,0,68,2276.662146114732,0.1,-3.16551197399802,"0.3143888888888889,0.32560239651416123,0.3906923076923077,0.1,0.68,0.1124875914492194","0,0,0"
30.0,120,AV,1,0,0,58,1823.811293294481,0.4,-5.526700888771154,"0.25925000000000004,0.2779335664335664,0.34875000000000006,0.4,0.58,0.09011268535856054","0,0,0"
44.81666666666667,255,AV,2,0,0,99,5480.041794665195,0.3,-18.60584897203878,"0.34656589147286815,0.3297567901234567,0.4160138888888889,0.3,0.99,0.27076336450488875","0,0,0"
32.53333333333333,111,AV,2,0,0,39,1682.490559712908,0.1,-1.3822481365991566,"0.22420138888888888,0.2808937007874016,0.3045,0.1,0.39,0.08313016976240285","0,0,0"
44.35,35,AV,1,0,0,97,857.6590975250949,0.7,-6.723744111784487,"0.23138888888888887,0.26353613053613056,0.3551785714285714,0.7,0.97,0.04237607513690668","0,0,0"
17.266666666666666,265,AV,0,0,0,19,6248.181898567973,0.3,-9.17312682691467,"0.2585921052631579,0.27469259259259254,0.3464117647058824,0.3,0.19,0.3087163960212402","0,0,0"
58.46666666666667,186,AV,0,0,0,100,2969.8754393798326,0.1,-5.384816094841942,"0.27688235294117647,0.26318045112781957,0.3127261904761905,0.1,1.0,0.1467385644594426","0,0,0"
32.0,123,AV,1,0,0,62,1832.3133019091129,0.4,-5.922628854655719,"0.23461111111111113,0.25917407407407406,0.3189035087719298,0.4,0.62,0.09053276107035316","0,0,0"
29.766666666666666,266,AV,1,0,0,58,6434.117121135291,0.1,-4.836419687856746,"0.2335357142857143,0.27560595238095237,0.3175984848484848,0.1,0.58,0.3179032687365728","0,0,0"
27.733333333333334,164,AV,0,0,0,36,2580.565825479665,0.4,-8.22905982087233,"0.32423655913978494,0.3182380952380953,0.3323070175438596,0.4,0.36,0.12750316720456661","0,0,0"
12.1,287,AV,1,0,0,1,9884.322174397852,0.3,-9.060628659864696,"0.2755808080808081,0.2894252873563219,0.33672222222222215,0.3,0.01,0.48837443728907737","0,0,0"
26.066666666666666,63,AV,1,0,0,51,1111.987968807459,0.7,-5.123756011154907,"0.2692952380952381,0.2921520681265207,0.3534444444444445,0.7,0.51,0.05494220938540485","0,0,0"
10.483333333333333,298,AV,0,0,0,6,17693.100214811147,0.8,-38.4712459094822,"0.2789592592592593,0.335389303482587,0.36439393939393944,0.8,0.06,0.874198322236906","0,0,0"
41.18333333333333,97,AV,1,0,0,93,1538.317647081207,0.3,-4.799473366082907,"0.27998290598290604,0.25350972222222223,0.3321578947368422,0.3,0.93,0.07600673086224138","0,0,0"
17.3,138,AV,0,0,0,25,2131.3254046090938,0.1,-1.9311093308014478,"0.3594166666666668,0.3121311274509803,0.3497619047619047,0.1,0.25,0.10530664893258515","0,0,0"
30.75,11,AV,1,0,0,62,571.0932451196882,0.6,-2.660775346580365,"0.2293541666666667,0.28034632034632034,0.3159861111111111,0.6,0.62,0.028217144008856807","0,0,0"
29.983333333333334,84,AV,1,0,0,58,1386.7650627050614,0.1,-1.0499959376289585,"0.30704166666666666,0.28083593749999997,0.3536555555555556,0.1,0.58,0.0685186697885022","0,0,0"
17.033333333333335,241,AV,1,0,0,17,4689.4303597647895,0.3,-6.0512598834338585,"0.2599583333333333,0.28342838541666665,0.333025641025641,0.3,0.17,0.2317000470794511","0,0,0"
44.6,170,AV,0,0,0,77,2756.9260540590044,0.1,-4.1050227780563535,"0.28137407407407405,0.3178981481481482,0.33608823529411763,0.1,0.77,0.1362169490778143","0,0,0"
26.066666666666666,240,AV,0,0,0,32,4669.869929992837,0.4,-13.295751802203363,"0.27960144927536235,0.2823440170940171,0.33304545454545453,0.4,0.32,0.23073358587812023","0,0,0"
36.15,73,AV,0,0,0,55,1240.6560786390864,0.1,-2.1325686172424994,"0.25267708333333333,0.27157881136950907,0.32815686274509803,0.1,0.55,0.06129957154209703","0,0,0"
24.783333333333335,159,AV,1,0,0,43,2497.1975937909187,0.5,-7.814252571479579,"0.253984126984127,0.28452505446623094,0.32477083333333334,0.5,0.43,0.12338402655734695","0,0,0"
53.18333333333333,56,AV,0,0,0,91,1059.8377785859489,0.4,-6.693505642201621,"0.3007722222222223,0.31629805352798057,0.32103921568627447,0.4,0.91,0.052365520832099985","0,0,0"
17.716666666666665,293,AV,1,0,0,17,14297.77376075636,1.0,-63.96689186735694,"0.2719279279279279,0.3018223844282239,0.3634375,1.0,0.17,0.7064386501870882","0,0,0"
22.116666666666667,104,AV,1,0,0,33,1614.9573615816892,0.1,-0.9019564052268104,"0.2445043859649123,0.2696605839416059,0.35133333333333333,0.1,0.33,0.0797934222289105","0,0,0"
28.983333333333334,7,AV,1,0,0,57,539.5213747330826,0.1,-0.39487696576634285,"0.2761488095238095,0.30631392694063925,0.3479270833333334,0.1,0.57,0.026657209583190285","0,0,0"
28.8,50,AV,2,0,0,32,985.0802174553831,0.2,-1.4328439526623755,"0.24060000000000004,0.26136997635933806,0.30588095238095236,0.2,0.32,0.04867182477423469","0,0,0"
30.383333333333333,243,AV,1,0,0,58,4754.245589533712,0.1,-3.6477229418013284,"0.25900595238095236,0.28909259259259257,0.3275,0.1,0.58,0.234902502524312","0,0,0"
13.65,288,AV,1,0,0,4,10450.70686878338,0.2,-7.204653977721875,"0.272018018018018,0.2798935897435897,0.3324901960784314,0.2,0.04,0.5163589365323479","0,0,0"
32.25,48,AV,1,0,0,64,954.0002559944874,0.3,-2.3307960799865315,"0.2836724137931034,0.2796788321167883,0.34911538461538455,0.3,0.64,0.04713619507483592","0,0,0"
26.7,9,AV,1,0,0,50,566.7055292848979,0.5,-1.9104845494831786,"0.24517619047619046,0.32065328467153287,0.35462037037037036,0.5,0.5,0.02800035137361163","0,0,0"
43.95,81,AV,1,0,0,100,1342.087988935639,0.2,-2.9790286421071386,"0.2512307692307692,0.2825456790123457,0.3778854166666667,0.2,1.0,0.06631122041798494","0,0,0"
24.066666666666666,142,AV,0,0,0,31,2215.952556227922,0.2,-3.693464218176026,"0.2568989898989899,0.26441666666666663,0.3148823529411765,0.2,0.31,0.10948799154991444","0,0,0"
18.25,197,AV,1,0,0,17,3257.969850357721,0.2,-3.0029267560115356,"0.2857083333333333,0.303802380952381,0.3665833333333333,0.2,0.17,0.1609730201322744","0,0,0"
14.05,257,AV,1,0,0,8,5578.433439706214,0.2,-3.9584338296905206,"0.2703400000000001,0.29016527777777773,0.33951960784313717,0.2,0.08,0.2756247969261546","0,0,0"
16.916666666666668,222,AV,1,0,0,14,3933.772930850901,0.1,-1.680462762968714,"0.2748034188034188,0.29904589371980667,0.3338333333333333,0.1,0.14,0.19436377200486682","0,0,0"
15.683333333333334,204,AV,0,0,0,16,3414.9419898187493,0.6,-9.11479902126122,"0.22394444444444442,0.2605277777777778,0.32796825396825396,0.6,0.16,0.16872885598290138","0,0,0"
26.083333333333332,25,AV,1,0,0,49,670.158540600369,0.1,-0.4414133485015056,"0.3161805555555556,0.33950877192982454,0.3818730158730158,0.1,0.49,0.033111860822172434","0,0,0"
32.81666666666667,219,AV,2,0,0,56,3824.993837156676,0.2,-6.339573118991158,"0.3636382113821138,0.3325912698412698,0.35763888888888884,0.2,0.56,0.18898910617200515","0,0,0"
32.766666666666666,30,AV,1,0,0,66,783.6834518391023,0.3,-1.9453556392874682,"0.24726881720430105,0.3074042288557214,0.35785416666666664,0.3,0.66,0.038721012736313315","0,0,0"
34.233333333333334,153,AV,1,0,0,65,2403.836358207942,0.1,-2.078063922457539,"0.2361904761904762,0.28221553884711775,0.33027777777777784,0.1,0.65,0.11877114161815011","0,0,0"
36.65,102,AV,1,0,0,82,1594.6992934726818,0.3,-4.427706750437409,"0.26071875,0.26926041666666667,0.3438666666666667,0.3,0.82,0.07879249141759738","0,0,0"
21.383333333333333,2,AV,1,0,0,30,437.5592869272848,0.2,-0.4725492972455441,"0.1961904761904762,0.24852757793764987,0.292948717948718,0.2,0.3,0.021619365168734063","0,0,0"
36.266666666666666,185,AV,0,0,0,53,2966.188350320237,0.2,-6.433018392505754,"0.27394444444444443,0.28497549019607843,0.3261018518518518,0.2,0.53,0.14655638908990856","0,0,0"
40.266666666666666,150,AV,1,0,0,89,2344.9936519099742,0.1,-2.384471659517886,"0.23921428571428574,0.2655100250626567,0.2984333333333334,0.1,0.89,0.1158637825630931","0,0,0"
26.316666666666666,223,AV,1,0,0,48,3942.222625638348,0.1,-2.619852494058481,"0.3633333333333333,0.3115220588235294,0.3584047619047619,0.1,0.48,0.19478126294296802","0,0,0"
31.433333333333334,155,AV,1,0,0,62,2476.7926805910606,0.1,-1.9660063112772477,"0.2698133333333333,0.2847027363184079,0.3328928571428571,0.1,0.62,0.12237584027749006","0,0,0"
19.016666666666666,178,AV,1,0,0,18,2857.712092786687,0.1,-1.372327229743102,"0.2694114583333333,0.30382824427480914,0.33964999999999995,0.1,0.18,0.1411966860877753","0,0,0"
27.416666666666668,119,AV,1,0,0,51,1799.695682844959,0.5,-6.230007151262538,"0.30786111111111114,0.2908574879227053,0.3419230769230769,0.5,0.51,0.08892115725219493","0,0,0"
31.1,14,AV,0,0,0,40,600.3305173079323,0.2,-1.9429433882968028,"0.2904032258064516,0.29540100250626566,0.37898611111111113,0.2,0.4,0.029661728280885674","0,0,0"
28.05,207,AV,1,0,0,55,3531.3895067900216,1.0,-25.01400900642932,"0.2738452380952381,0.2980702947845806,0.34805555555555556,1.0,0.55,0.17448241091273348","0,0,0"
30.266666666666666,251,AV,1,0,0,58,5168.6614957092925,0.4,-15.801833798330094,"0.305828125,0.29785925925925927,0.33803846153846157,0.4,0.58,0.255378376480178","0,0,0"
16.4,71,AV,1,0,0,14,1200.7903182940884,0.9,-4.475673004550693,"0.2666538461538462,0.2982093333333332,0.3332878787878788,0.9,0.14,0.05932984433854443","0,0,0"
30.533333333333335,75,AV,1,0,0,59,1275.9312017726234,0.2,-1.9675976108143487,"0.2276625,0.2378002645502646,0.28712745098039216,0.2,0.59,0.06304247996886464","0,0,0"
24.216666666666665,260,AV,1,0,0,43,5807.233742044462,0.1,-3.551309186528031,"0.24057619047619044,0.27675174825174825,0.3546944444444444,0.1,0.43,0.28692959020732056","0,0,0"
27.9,115,AV,1,0,0,53,1723.69240549938,0.3,-3.643258947987325,"0.3101623931623932,0.30030107526881716,0.32086274509803914,0.3,0.53,0.08516591160652838","0,0,0"
36.63333333333333,294,AV,1,0,0,76,14505.369879802229,0.8,-107.34950503638147,"0.25694607843137257,0.27316535433070865,0.3167456140350878,0.8,0.76,0.7166957660553899","0,0,0"
19.466666666666665,167,AV,1,0,0,27,2744.255474143275,0.9,-12.141251491664185,"0.20097619047619047,0.2406366120218579,0.33676923076923077,0.9,0.27,0.13559090844222083","0,0,0"
21.216666666666665,187,AV,1,0,0,30,2971.291490045772,0.1,-1.5919419473182945,"0.2823177083333333,0.2371452991452991,0.2895357142857143,0.1,0.3,0.14680853010149164","0,0,0"
15.783333333333333,168,AV,0,0,0,13,2747.619709803412,0.1,-2.09511610487535,"0.2722817460317461,0.2862654320987654,0.3670384615384616,0.1,0.13,0.13575713194935043","0,0,0"
34.5,29,AV,1,0,0,74,761.8437659652793,0.5,-3.318637616894209,"0.3032444444444444,0.31640689655172416,0.35377777777777775,0.5,0.74,0.03764193577878302","0,0,0"
40.31666666666667,180,AV,1,0,0,88,2898.378436294527,0.2,-5.9016645095929805,"0.2758118279569893,0.28358897243107767,0.3248939393939394,0.2,0.88,0.14320596930182183","0,0,0"
45.166666666666664,177,AV,1,0,0,100,2853.537244729806,0.2,-6.509331593617654,"0.2816845238095238,0.2525335820895523,0.32197619047619047,0.2,1.0,0.14099041103577145","0,0,0"
26.066666666666666,282,AV,1,0,0,44,8493.635575370567,0.2,-11.18185693592556,"0.27935648148148146,0.256103406326034,0.3189444444444445,0.2,0.44,0.41966200832712014","0,0,0"
31.983333333333334,103,AV,2,0,0,44,1614.9493849180149,0.1,-1.3043299114720837,"0.24370967741935484,0.2624411764705883,0.3197555555555555,0.1,0.44,0.0797930281099649","0,0,0"
24.616666666666667,0,AV,1,0,0,46,417.8295094645922,0.6,-1.5584196603010168,"0.24941111111111114,0.25428088578088576,0.33174509803921565,0.6,0.46,0.020644536667985786","0,0,0"
29.816666666666666,32,AV,1,0,0,57,806.3598325453933,0.2,-1.214291027292684,"0.2854565217391304,0.2856867612293145,0.3301145833333333,0.2,0.57,0.039841429945686846","0,0,0"
42.56666666666667,122,AV,1,0,0,96,1830.3424648913517,0.4,-7.869856322108608,"0.2300428571428571,0.25966542288557215,0.32549999999999996,0.4,0.96,0.09043538399152518","0,0,0"
43.55,236,AV,1,0,0,94,4630.913868273173,0.5,-25.464179162032405,"0.2843658536585366,0.28928947368421054,0.3341025641025641,0.5,0.94,0.2288088059705391","0,0,0"
35.333333333333336,212,AV,2,0,0,56,3724.6301341612702,0.1,-3.323323183679248,"0.3076869918699187,0.2986185185185185,0.3377619047619047,0.1,0.56,0.1840302363466582","0,0,0"
32.85,94,AV,1,0,0,69,1519.7273932229994,0.1,-1.2606829511963518,"0.21434848484848487,0.24381400966183572,0.2870888888888889,0.1,0.69,0.07508820507899855","0,0,0"
24.1,72,AV,1,0,0,42,1205.4292211271013,0.1,-0.7336071775041199,"0.3062863247863248,0.30358208955223875,0.31665686274509797,0.1,0.42,0.059559047871243866","0,0,0"
34.833333333333336,141,AV,1,0,0,67,2187.907521251699,0.3,-5.77364484774754,"0.2799382716049383,0.29261397058823524,0.3711014492753623,0.3,0.67,0.10810231452182832","0,0,0"
34.2,23,AV,1,0,0,71,639.9143284368583,0.3,-1.6579598509500422,"0.2718373015873016,0.3095089743589744,0.34770370370370374,0.3,0.71,0.03161752465667753","0,0,0"
36.81666666666667,64,AV,1,0,0,79,1122.7546975855585,0.7,-7.306883791567968,"0.243962962962963,0.2725034965034964,0.3226363636363636,0.7,0.79,0.0554741826472708","0,0,0"
31.983333333333334,188,AV,1,0,0,63,3031.4508351358254,0.1,-2.4483813773676975,"0.3050111111111111,0.3169359903381642,0.3613020833333333,0.1,0.63,0.14978094295769478","0,0,0"
41.31666666666667,173,AV,0,0,0,72,2797.307504072895,1.0,-30.18571255301644,"0.27690322580645155,0.29332725060827247,0.3548333333333334,1.0,0.72,0.13821215599028547","0,0,0"
32.8,195,AV,1,0,0,67,3251.3322332141274,0.1,-2.6930226578137217,"0.22150757575757574,0.2576031746031746,0.3354166666666666,0.1,0.67,0.16064506213169047","0,0,0"
15.133333333333333,67,AV,1,0,0,8,1141.0395517097602,0.1,-0.43605383541770304,"0.22024305555555557,0.2482296587926509,0.3360378787878788,0.1,0.08,0.056377618936200136","0,0,0"
35.483333333333334,12,AV,1,0,0,73,595.9176043698985,0.3,-1.6019047723529216,"0.28740625000000003,0.29312910798122066,0.3480520833333334,0.3,0.73,0.029443690682060725","0,0,0"
38.68333333333333,44,AV,2,0,0,83,905.8209551718018,0.7,-6.193970142540514,"0.35072972972972977,0.323263788968825,0.3904880952380953,0.7,0.83,0.044755704180963","0,0,0"
26.6,65,AV,1,0,0,49,1129.1321270070612,0.1,-0.7584574388481776,"0.26789166666666664,0.30244010416666667,0.33153571428571427,0.1,0.49,0.05578928503366858","0,0,0"
14.333333333333334,249,AV,1,0,0,5,5144.150368411208,0.2,-3.723879896324612,"0.33057777777777775,0.32635144927536225,0.36319298245614035,0.2,0.05,0.25416730628332335","0,0,0"
24.333333333333332,252,AV,0,0,0,31,5386.149373461946,0.2,-7.619341822604749,"0.23784615384615382,0.26712132352941187,0.30597777777777774,0.2,0.31,0.2661242342173697","0,0,0"
27.6,70,AV,0,0,0,35,1167.011530479414,0.1,-1.8133716727583795,"0.33096428571428577,0.29548333333333326,0.3527941176470588,0.1,0.35,0.05766086833794136","0,0,0"
43.016666666666666,3,AV,0,0,0,76,477.1303205766694,0.1,-1.518296867596121,"0.2550047619047619,0.2790229468599034,0.3210980392156862,0.1,0.76,0.02357453022208712","0,0,0"
45.166666666666664,109,AV,1,0,0,99,1661.9571573900298,1.0,-18.955824480332407,"0.2999952380952381,0.2887086720867209,0.32362280701754387,1.0,0.99,0.08211563496394797","0,0,0"
45.25,154,AV,1,0,0,100,2436.431929205765,0.3,-8.352162484587943,"0.29356481481481483,0.2998028169014085,0.3363888888888889,0.3,1.0,0.12038165606348158","0,0,0"
21.533333333333335,5,AV,1,0,0,25,508.6019702527906,0.4,-1.1062520969134775,"0.26595588235294115,0.3118896713615024,0.333547619047619,0.4,0.25,0.025129512843044734","0,0,0"
22.983333333333334,210,AV,1,0,0,37,3630.005597296026,0.9,-18.961279237390983,"0.30839784946236565,0.29702419354838716,0.3572017543859649,0.9,0.37,0.17935493295913799","0,0,0"
32.46666666666667,17,AV,1,0,0,64,615.3970356119416,0.4,-2.0181707497846166,"0.2922254901960784,0.29051598173515975,0.3397333333333334,0.4,0.64,0.030406149827330708","0,0,0"
24.15,90,AV,1,0,0,42,1474.5167950508735,0.1,-0.899231833345419,"0.2958737373737374,0.27303076923076913,0.326,0.1,0.42,0.07285439480326665","0,0,0"
22.066666666666666,217,AV,1,0,0,32,3783.636689084741,0.2,-4.216780283121378,"0.26014444444444446,0.29274549549549556,0.3491527777777778,0.2,0.32,0.18694569099783895","0,0,0"
17.566666666666666,34,AV,1,0,0,22,850.3216016091212,0.2,-0.7544099058047254,"0.2519747474747474,0.28768192488262917,0.34291111111111117,0.2,0.22,0.04201353682867991","0,0,0"
15.666666666666666,238,AV,1,0,0,9,4660.29795945294,0.2,-3.6874411463684877,"0.31217982456140353,0.32778282828282834,0.38878333333333337,0.2,0.09,0.23026064442157015","0,0,0"
23.683333333333334,225,AV,1,0,0,41,4104.202624979457,0.1,-2.454575728154802,"0.30638095238095236,0.29972931442080375,0.3758124999999999,0.1,0.41,0.20278453212365097","0,0,0"
8.816666666666666,22,AV,0,0,0,6,632.5893922142865,0.4,-1.5633666472750127,"0.2092202380952381,0.2294303482587065,0.3022266666666667,0.4,0.06,0.031255606910295004","0,0,0"
51.4,82,AV,0,0,0,87,1348.5865378412918,0.4,-8.00175232778206,"0.2333333333333333,0.2856950354609929,0.3223111111111111,0.4,0.87,0.0666323071965214","0,0,0"
47.916666666666664,285,AV,0,0,0,84,9095.945853089892,0.7,-78.04373328848236,"0.3270666666666666,0.317837064676617,0.3555614035087719,0.7,0.84,0.44942155458275634","0,0,0"
6.933333333333334,248,AV,0,0,0,4,4967.653125719208,0.1,-1.8697574496208715,"0.2574068627450981,0.26465172413793103,0.3335757575757575,0.1,0.04,0.24544675468029653","0,0,0"
38.916666666666664,134,AV,1,0,0,82,2022.4315636845977,0.1,-1.9875327025267406,"0.31713888888888886,0.3163510101010101,0.34884722222222214,0.1,0.82,0.09992631355425287","0,0,0"
34.46666666666667,80,AV,1,0,0,73,1323.5149786113286,0.1,-1.1519482221246748,"0.2550919540229885,0.27329425287356324,0.33390625,0.1,0.73,0.06539354662044386","0,0,0"
19.216666666666665,258,AV,1,0,0,25,5611.673516276995,0.4,-10.892692869136994,"0.2586111111111112,0.2884770531400966,0.3196666666666667,0.4,0.25,0.27726715574492605","0,0,0"
19.683333333333334,133,AV,1,0,0,26,2011.9739719035176,0.5,-5.000297266031259,"0.32583333333333336,0.32861192214111923,0.36618421052631583,0.5,0.26,0.09940961444111464","0,0,0"
13.5,42,AV,1,0,0,3,902.2448599555772,0.3,-0.9227504249545676,"0.27575,0.30275347222222226,0.33925,0.3,0.03,0.04457901290582028","0,0,0"
19.5,74,AV,1,0,0,24,1269.7848662283686,0.2,-1.2505457015885448,"0.22449494949494953,0.28199537037037037,0.31344444444444447,0.2,0.24,0.06273879569898216","0,0,0"
15.066666666666666,128,AV,1,0,0,9,1921.5023446668008,0.9,-6.579689846889348,"0.38343548387096776,0.2778333333333334,0.3391354166666667,0.9,0.09,0.09493950214987396","0,0,0"
14.616666666666667,233,AV,1,0,0,7,4569.840806868062,0.7,-11.807345418082082,"0.2536203703703704,0.27038167938931296,0.31977083333333334,0.7,0.07,0.22579124730834796","0,0,0"
32.2,33,AV,1,0,0,63,827.3783452591958,0.2,-1.345534480674046,"0.25825000000000004,0.2718555555555556,0.3296754385964912,0.2,0.63,0.040879933561629736","0,0,0"
32.9,93,AV,0,0,0,44,1517.942512651984,1.0,-13.611189057133908,"0.3298988095238095,0.3206155717761557,0.3838854166666667,1.0,0.44,0.07500001592155126","0,0,0"
30.3,151,AV,1,0,0,58,2382.718205806423,0.3,-5.469421336055653,"0.3124876543209876,0.2949097744360902,0.35923913043478256,0.3,0.58,0.1177277149052501","0,0,0"
38.78333333333333,1,AV,1,0,0,84,424.9057127261393,0.1,-0.4161429265630161,"0.2243428571428571,0.25224349881796687,0.3143333333333333,0.1,0.84,0.02099416476842877","0,0,0"
17.083333333333332,55,AV,1,0,0,17,1038.299283744561,0.9,-4.031275628174905,"0.26829032258064517,0.2546004728132387,0.3056041666666667,0.9,0.17,0.051301325421163044","0,0,0"
44.68333333333333,247,AV,0,0,0,80,4950.268578812107,0.4,-23.342878888544206,"0.268171568627451,0.2975194647201946,0.3217894736842105,0.4,0.8,0.24458780166728444","0,0,0"
23.016666666666666,87,AV,1,0,0,39,1444.5182772575097,0.2,-1.6791917010880648,"0.24461290322580645,0.27951918465227815,0.3099833333333333,0.2,0.39,0.07137219814998598","0,0,0"
23.866666666666667,99,AV,2,0,0,5,1581.438059619256,0.1,-0.95312260158871,"0.2697840909090909,0.29336923076923077,0.35665625,0.1,0.05,0.07813726716380881","0,0,0"
24.683333333333334,114,AV,2,0,0,9,1716.9764066453156,0.3,-3.2106591644466067,"0.29460555555555556,0.2866792929292929,0.33516666666666667,0.3,0.09,0.08483408084430542","0,0,0"
37.516666666666666,182,AV,1,0,0,83,2942.323800284961,0.1,-2.7875298293103734,"0.2607285714285715,0.2817092457420925,0.3183333333333333,0.1,0.83,0.14537726562660996","0,0,0"
34.583333333333336,47,AV,0,0,0,52,943.1907669438916,0.4,-4.294816231327568,"0.2985952380952381,0.2865897435897436,0.32708333333333334,0.4,0.52,0.046602109070826375","0,0,0"
12.433333333333334,246,AV,0,0,0,8,4934.883137056144,1.0,-16.49420378890523,"0.23108974358974357,0.2840401891252955,0.3431587301587301,1.0,0.08,0.2438276224331965","0,0,0"
22.666666666666668,131,AV,0,0,0,30,1929.5758599688188,0.3,-4.3134130928757495,"0.25115384615384617,0.270213768115942,0.30541025641025643,0.3,0.3,0.09533840643718873","0,0,0"
27.466666666666665,137,AV,1,0,0,51,2123.4400354784907,0.1,-1.4728237283116805,"0.303896551724138,0.3047058165548098,0.3475,0.1,0.51,0.10491704075874904","0,0,0"
