travel_time,id,kind,action,origin,destination,start_time,income,urgency,reward,observation,cost_table
26.933333333333334,44,AV,1,0,0,61,881.2906222289953,0.1,-0.3693333333333333,"0.6407514795593194,0.2609746322921829,0.29513641888733055,0.1,0.61,0.04354368505248021","0,0,0"
46.81666666666667,137,AV,0,0,0,49,2294.767722006211,0.5,-1.098898852379007,"0.3859668473351401,0.18551958036017654,0.22049254891204967,0.5,0.49,0.11338216978061968","0,0,0"
62.46666666666667,50,AV,0,0,0,59,946.2003450753726,0.1,-1.0417242555392459,"0.5821512286471178,0.24356546700942572,0.2783863208814836,0.1,0.59,0.04675080930545112","0,0,0"
20.616666666666667,63,AV,0,0,0,33,1104.4445206976068,0.1,-0.5777964265848101,"0.12239565094606046,0.10110385155797987,0.13344406764333522,0.1,0.33,0.05456949518600221","0,0,0"
16.566666666666666,84,AV,1,0,0,45,1405.7852601227096,0.1,-0.26566666666666666,"0.3213243144757215,0.16162029702970312,0.19435177384629776,0.1,0.45,0.0694584386514629","0,0,0"
17.516666666666666,132,AV,2,0,0,36,2198.5025098873134,0.2,-0.37516666666666665,"0.16635189803269598,0.11438909916729754,0.14866892624728853,0.2,0.36,0.10862580227563756","0,0,0"
60.8,196,AV,0,0,0,58,3534.445695738256,0.2,-0.8928789388281542,"0.5491446333881874,0.23415224032586546,0.26980973051184703,0.2,0.58,0.1746334141410286","0,0,0"
16.6,139,AV,1,0,0,46,2318.1098695731453,0.2,-0.366,"0.33243683492496584,0.16510260260260248,0.19847758636658328,0.2,0.46,0.11453548186231685","0,0,0"
88.65,118,AV,0,0,0,82,1929.5758599688188,0.6,-1.6419745818621756,"0.8312675343456257,0.31701743111559144,0.3481129763226043,0.6,0.82,0.09533840643718873","0,0,0"
26.05,106,AV,1,0,0,59,1723.69240549938,0.9,-1.1605,"0.5821512286471178,0.24356546700942572,0.2783863208814836,0.9,0.59,0.08516591160652838","0,0,0"
29.55,104,AV,2,0,0,60,1659.6531244520008,0.1,-0.39549999999999996,"0.6132772362126545,0.25185557785582885,0.2850470538955599,0.1,0.6,0.08200179500914358","0,0,0"
11.916666666666666,263,AV,0,0,0,25,6031.594525491932,0.5,-0.6689047581003795,"0.08184670669577875,0.0894251455978074,0.12361613570914333,0.5,0.25,0.2980150313162421","0,0,0"
32.333333333333336,287,AV,1,0,0,94,10450.70686878338,0.1,-0.42333333333333334,"0.8533671239140378,0.3227994817786694,0.3549873632938149,0.1,0.94,0.5163589365323479","0,0,0"
21.683333333333334,103,AV,1,0,0,52,1639.6236094811811,0.1,-0.3168333333333333,"0.4165674508767291,0.19400969588245354,0.22634904428904434,0.1,0.52,0.08101215677897904","0,0,0"
6.883333333333334,220,AV,0,0,0,15,4266.216809230351,0.7,-0.8391532475371597,"0.05344603524229074,0.07663825757575754,0.11220766773162931,0.7,0.15,0.2107894903464134","0,0,0"
48.7,148,AV,0,0,0,51,2472.005569054355,0.2,-0.8083589498970112,"0.4017845004919059,0.189471537407978,0.22160080608225743,0.2,0.51,0.12213931390150505","0,0,0"
31.283333333333335,252,AV,2,0,0,65,5480.041794665195,0.1,-0.4128333333333334,"0.7038424300603395,0.27877040351313265,0.31039826417896593,0.1,0.65,0.27076336450488875","0,0,0"
21.633333333333333,134,AV,1,0,0,48,2239.257430619588,0.2,-0.41633333333333333,"0.3637290709200686,0.17677854288871903,0.21274326923076917,0.2,0.48,0.11063946200143439","0,0,0"
30.05,221,AV,2,0,0,60,4281.8327360815,0.2,-0.5005,"0.6132772362126545,0.25185557785582885,0.2850470538955599,0.2,0.6,0.21156105761770602","0,0,0"
27.0,46,AV,2,0,0,58,904.859336063587,0.2,-0.47000000000000003,"0.5491446333881874,0.23415224032586546,0.26980973051184703,0.2,0.58,0.044708191546047354","0,0,0"
12.116666666666667,143,AV,2,0,0,20,2398.572127464108,0.3,-0.4211666666666667,"0.06165020678246488,0.08255640432098774,0.11924264948794201,0.3,0.2,0.11851104126104732","0,0,0"
29.35,151,AV,0,0,0,41,2520.718778515204,0.6,-1.0125136728289506,"0.25156567936060154,0.14284720502022977,0.17476948522747865,0.6,0.41,0.12454618468528102","0,0,0"
14.7,81,AV,1,0,0,39,1389.0632502942228,0.6,-0.747,"0.22541346596665737,0.1353920487047479,0.16971434587310502,0.6,0.39,0.06863222093048628","0,0,0"
67.76666666666667,100,AV,0,0,0,61,1594.6992934726818,0.1,-0.9657899079748808,"0.6407514795593194,0.2609746322921829,0.29513641888733055,0.1,0.61,0.07879249141759738","0,0,0"
31.05,10,AV,0,0,0,42,566.7055292848979,0.7,-1.539875459559319,"0.2689888038548754,0.14705786116633524,0.1794165767709457,0.7,0.42,0.02800035137361163","0,0,0"
28.45,215,AV,1,0,0,65,4135.471393234625,0.5,-0.7845,"0.7038424300603395,0.27877040351313265,0.31039826417896593,0.5,0.65,0.20432949057724065","0,0,0"
27.733333333333334,73,AV,1,0,0,60,1251.6500609663929,0.1,-0.3773333333333333,"0.6132772362126545,0.25185557785582885,0.2850470538955599,0.1,0.6,0.06184277317372448","0,0,0"
21.783333333333335,258,AV,1,0,0,52,5849.7981009167725,0.3,-0.5178333333333334,"0.4165674508767291,0.19400969588245354,0.22634904428904434,0.3,0.52,0.28903265245540044","0,0,0"
32.333333333333336,282,AV,2,0,0,62,8689.506535985933,0.4,-0.7233333333333334,"0.6739353833649416,0.27054874489200215,0.3032919466218737,0.4,0.62,0.42933979588645044","0,0,0"
15.983333333333333,67,AV,2,0,0,35,1148.2139867956057,0.3,-0.4598333333333333,"0.14710182852878076,0.10829886638326254,0.14191616955892974,0.3,0.35,0.05673210057248192","0,0,0"
13.083333333333334,58,AV,2,0,0,24,1052.4070316009115,0.2,-0.3308333333333333,"0.07636720021703751,0.08787835175190618,0.12282980360213593,0.2,0.24,0.05199837508215116","0,0,0"
18.766666666666666,224,AV,2,0,0,41,4381.240268036911,0.1,-0.2876666666666666,"0.25156567936060154,0.14284720502022977,0.17476948522747865,0.1,0.41,0.21647268399171962","0,0,0"
41.81666666666667,228,AV,0,0,0,48,4446.537177105173,0.2,-0.6856348982480136,"0.3637290709200686,0.17677854288871903,0.21274326923076917,0.2,0.48,0.21969893872727725","0,0,0"
87.0,192,AV,0,0,0,81,3476.696831582168,0.1,-1.05628880070152,"0.8244514095289562,0.3158450639085098,0.34730611961056984,0.1,0.81,0.1717801007282623","0,0,0"
22.616666666666667,76,AV,2,0,0,49,1293.252850487379,0.9,-1.1261666666666668,"0.3859668473351401,0.18551958036017654,0.22049254891204967,0.9,0.49,0.06389832524532672","0,0,0"
19.3,129,AV,2,0,0,44,2141.869626207308,0.2,-0.393,"0.3056976970033292,0.15651128129117264,0.18905002771618623,0.2,0.44,0.10582762833803366","0,0,0"
31.0,198,AV,1,0,0,73,3654.013033637752,0.8,-1.11,"0.7927545910597512,0.3067732037841985,0.3389214902609334,0.8,0.73,0.18054111629141673","0,0,0"
10.333333333333334,141,AV,1,0,0,25,2329.0008356791827,0.2,-0.30333333333333334,"0.08184670669577875,0.0894251455978074,0.12361613570914333,0.2,0.25,0.1150735935658535","0,0,0"
23.966666666666665,211,AV,1,0,0,55,3958.913906791885,0.5,-0.7396666666666667,"0.4957681178894564,0.21779588350841242,0.2518058764209754,0.5,0.55,0.19560596239095915","0,0,0"
12.416666666666666,45,AV,2,0,0,24,892.1845339920479,0.3,-0.42416666666666664,"0.07636720021703751,0.08787835175190618,0.12282980360213593,0.3,0.24,0.044081942297973305","0,0,0"
22.433333333333334,61,AV,2,0,0,52,1083.524948441525,0.3,-0.5243333333333333,"0.4165674508767291,0.19400969588245354,0.22634904428904434,0.3,0.52,0.053535880118764236","0,0,0"
14.7,47,AV,2,0,0,35,912.6272274022258,0.1,-0.247,"0.14710182852878076,0.10829886638326254,0.14191616955892974,0.1,0.35,0.04509199526010037","0,0,0"
81.81666666666666,0,AV,0,0,0,74,381.3218977270381,0.5,-2.1049035464216006,"0.7951105400775405,0.30743797856049004,0.33935628715134913,0.5,0.74,0.018840732216399075","0,0,0"
22.7,219,AV,2,0,0,52,4227.85786318916,0.4,-0.627,"0.4165674508767291,0.19400969588245354,0.22634904428904434,0.4,0.52,0.2088942133251532","0,0,0"
32.916666666666664,279,AV,0,0,0,43,8326.33528790118,0.3,-0.6651969236316875,"0.28597201089508784,0.15137607998025174,0.1830172586520946,0.3,0.43,0.41139586905023645","0,0,0"
27.583333333333332,286,AV,2,0,0,58,10426.353459350525,0.4,-0.6758333333333333,"0.5491446333881874,0.23415224032586546,0.26980973051184703,0.4,0.58,0.5151556590169055","0,0,0"
36.2,113,AV,2,0,0,89,1832.3133019091129,0.3,-0.662,"0.8439378461817859,0.32045855490841546,0.351682509157509,0.3,0.89,0.09053276107035316","0,0,0"
28.1,197,AV,2,0,0,58,3628.2404526711953,0.1,-0.381,"0.5491446333881874,0.23415224032586546,0.26980973051184703,0.1,0.58,0.1792677189349818","0,0,0"
20.3,66,AV,1,0,0,49,1141.5133047894662,0.2,-0.403,"0.3859668473351401,0.18551958036017654,0.22049254891204967,0.2,0.49,0.0564010266003407","0,0,0"
24.583333333333332,208,AV,1,0,0,58,3933.772930850901,0.1,-0.3458333333333333,"0.5491446333881874,0.23415224032586546,0.26980973051184703,0.1,0.58,0.19436377200486682","0,0,0"
36.36666666666667,142,AV,2,0,0,70,2347.541384251396,0.9,-1.2636666666666667,"0.7642871133077063,0.29801634152520856,0.33054081539998187,0.9,0.7,0.11598966346080683","0,0,0"
57.6,171,AV,0,0,0,57,2965.4163440895786,0.2,-0.8771662327274667,"0.5257083898995384,0.22765898345153654,0.26228864701019566,0.2,0.57,0.14651824503694982","0,0,0"
25.55,276,AV,1,0,0,59,7958.958807233507,0.1,-0.35550000000000004,"0.5821512286471178,0.24356546700942572,0.2783863208814836,0.1,0.59,0.3932441658930853","0,0,0"
23.616666666666667,204,AV,1,0,0,55,3863.855435177377,0.5,-0.7361666666666666,"0.4957681178894564,0.21779588350841242,0.2518058764209754,0.5,0.55,0.19090921872303807","0,0,0"
26.533333333333335,294,AV,2,0,0,57,14754.343640924068,0.2,-0.4653333333333334,"0.5257083898995384,0.22765898345153654,0.26228864701019566,0.2,0.57,0.7289973096860264","0,0,0"
21.383333333333333,2,AV,2,0,0,44,465.3670128771111,0.6,-0.8138333333333333,"0.3056976970033292,0.15651128129117264,0.18905002771618623,0.6,0.44,0.02299331699602389","0,0,0"
48.56666666666667,195,AV,0,0,0,49,3531.3895067900216,0.1,-0.6706190627201667,"0.3859668473351401,0.18551958036017654,0.22049254891204967,0.1,0.49,0.17448241091273348","0,0,0"
23.016666666666666,146,AV,1,0,0,54,2446.4664131825853,0.3,-0.5301666666666667,"0.4714217493448991,0.20957652582159628,0.24345781051100193,0.3,0.54,0.12087744984470407","0,0,0"
34.8,80,AV,0,0,0,43,1386.7650627050614,0.1,-0.6643308032975764,"0.28597201089508784,0.15137607998025174,0.1830172586520946,0.1,0.43,0.0685186697885022","0,0,0"
29.5,223,AV,2,0,0,60,4376.119511966378,0.9,-1.195,"0.6132772362126545,0.25185557785582885,0.2850470538955599,0.9,0.6,0.2162196725742125","0,0,0"
22.583333333333332,185,AV,0,0,0,38,3368.9508766880413,0.2,-0.5148818267607367,"0.1951838369963369,0.12459358530961787,0.16061496827174326,0.2,0.38,0.16645648124650464","0,0,0"
25.666666666666668,109,AV,1,0,0,58,1822.2981036688468,0.3,-0.5566666666666666,"0.5491446333881874,0.23415224032586546,0.26980973051184703,0.3,0.58,0.09003792017801585","0,0,0"
22.866666666666667,43,AV,2,0,0,52,877.6907461205365,0.7,-0.9286666666666666,"0.4165674508767291,0.19400969588245354,0.22634904428904434,0.7,0.52,0.043365818787322166","0,0,0"
43.416666666666664,120,AV,0,0,0,48,1950.0200213032829,0.1,-0.6880112409390359,"0.3637290709200686,0.17677854288871903,0.21274326923076917,0.1,0.48,0.09634853192798135","0,0,0"
11.45,19,AV,2,0,0,12,636.6552097563458,0.2,-0.3145,"0.04763969171483615,0.058490693739424726,0.08384455958549243,0.2,0.12,0.03145649487400044","0,0,0"
23.05,95,AV,2,0,0,47,1546.5147326922538,0.2,-0.4305,"0.35523924658154515,0.17423861520230216,0.21053758125057226,0.2,0.47,0.07641174063449208","0,0,0"
8.383333333333333,262,AV,2,0,0,10,6020.57275324985,0.9,-0.9838333333333333,"0.0,0.0,0.0,0.9,0.1,0.2974704566128196","0,0,0"
27.3,65,AV,1,0,0,61,1122.7546975855585,0.2,-0.47300000000000003,"0.6407514795593194,0.2609746322921829,0.29513641888733055,0.2,0.61,0.0554741826472708","0,0,0"
27.333333333333332,89,AV,2,0,0,58,1490.1599361877834,0.5,-0.7733333333333333,"0.5491446333881874,0.23415224032586546,0.26980973051184703,0.5,0.58,0.0736273067051025","0,0,0"
67.88333333333334,206,AV,0,0,0,61,3882.59008652233,0.5,-1.2561013408526933,"0.6407514795593194,0.2609746322921829,0.29513641888733055,0.5,0.61,0.1918348790411626","0,0,0"
24.216666666666665,51,AV,1,0,0,57,961.7772661313056,0.9,-1.1421666666666668,"0.5257083898995384,0.22765898345153654,0.26228864701019566,0.9,0.57,0.04752044933955402","0,0,0"
10.983333333333333,140,AV,1,0,0,33,2318.2944376966047,0.2,-0.30983333333333335,"0.12239565094606046,0.10110385155797987,0.13344406764333522,0.2,0.33,0.11454460118803748","0,0,0"
24.25,275,AV,2,0,0,52,7912.643587116454,0.6,-0.8425,"0.4165674508767291,0.19400969588245354,0.22634904428904434,0.6,0.52,0.3909557773558143","0,0,0"
21.65,285,AV,1,0,0,51,9280.176126726552,0.1,-0.3165,"0.4017845004919059,0.189471537407978,0.22160080608225743,0.1,0.51,0.4585241874827607","0,0,0"
15.133333333333333,35,AV,1,0,0,39,837.3801312568858,0.1,-0.2513333333333333,"0.22541346596665737,0.1353920487047479,0.16971434587310502,0.1,0.39,0.04137411176852384","0,0,0"
20.566666666666666,8,AV,2,0,0,41,541.9839687696077,0.1,-0.30566666666666664,"0.25156567936060154,0.14284720502022977,0.17476948522747865,0.1,0.41,0.02677888388271631","0,0,0"
8.633333333333333,83,AV,0,0,0,19,1404.912317929139,0.2,-0.49986979121150493,"0.05933412914961344,0.08177111252924911,0.11962191253115805,0.2,0.19,0.06941530745389073","0,0,0"
5.183333333333334,194,AV,0,0,0,13,3508.846318545673,0.4,-0.5373315207046008,"0.050952042628774494,0.07307727797001148,0.10692001216544987,0.4,0.13,0.17336857460921315","0,0,0"
69.63333333333334,49,AV,0,0,0,65,933.6906207466446,0.2,-1.2176389064364441,"0.7038424300603395,0.27877040351313265,0.31039826417896593,0.2,0.65,0.04613271638295326","0,0,0"
16.566666666666666,280,AV,2,0,0,36,8348.421721831439,0.1,-0.26566666666666666,"0.16635189803269598,0.11438909916729754,0.14866892624728853,0.1,0.36,0.41248713758156286","0,0,0"
16.25,6,AV,1,0,0,45,522.440884226393,0.1,-0.2625,"0.3213243144757215,0.16162029702970312,0.19435177384629776,0.1,0.45,0.02581327969172718","0,0,0"
18.85,242,AV,1,0,0,46,4968.170350229253,0.1,-0.2885,"0.33243683492496584,0.16510260260260248,0.19847758636658328,0.1,0.46,0.24547231022417584","0,0,0"
34.516666666666666,246,AV,0,0,0,43,5144.150368411208,0.3,-0.7034853351570389,"0.28597201089508784,0.15137607998025174,0.1830172586520946,0.3,0.43,0.25416730628332335","0,0,0"
26.483333333333334,64,AV,1,0,0,59,1111.987968807459,0.2,-0.4648333333333334,"0.5821512286471178,0.24356546700942572,0.2783863208814836,0.2,0.59,0.05494220938540485","0,0,0"
64.31666666666666,222,AV,0,0,0,60,4343.557359248321,0.4,-1.1122344779530167,"0.6132772362126545,0.25185557785582885,0.2850470538955599,0.4,0.6,0.21461080929254078","0,0,0"
43.38333333333333,24,AV,0,0,0,47,682.056612603955,0.5,-1.373679519787945,"0.35523924658154515,0.17423861520230216,0.21053758125057226,0.5,0.47,0.033699732617228556","0,0,0"
25.633333333333333,231,AV,1,0,0,59,4609.601315671212,0.2,-0.4563333333333333,"0.5821512286471178,0.24356546700942572,0.2783863208814836,0.2,0.59,0.2277557741388637","0,0,0"
33.3,154,AV,2,0,0,65,2574.4307659940623,0.2,-0.5329999999999999,"0.7038424300603395,0.27877040351313265,0.31039826417896593,0.2,0.65,0.12720004007342384","0,0,0"
55.81666666666667,40,AV,0,0,0,55,863.5619359671642,0.3,-1.2055650263037305,"0.4957681178894564,0.21779588350841242,0.2518058764209754,0.3,0.55,0.0426677284593794","0,0,0"
32.56666666666667,160,AV,1,0,0,90,2754.938443140308,0.2,-0.5256666666666667,"0.8506796690307327,0.3223133215369057,0.3543633864760855,0.2,0.9,0.13611874321737782","0,0,0"
31.95,261,AV,2,0,0,63,5985.732437913218,0.8,-1.1195,"0.6831433569611052,0.2736621881801439,0.30687987072945533,0.8,0.63,0.2957490316028605","0,0,0"
30.233333333333334,265,AV,1,0,0,66,6197.036257351283,0.4,-0.7023333333333334,"0.7284581367379032,0.28647333826308413,0.3192732407407404,0.4,0.66,0.30618934122595154","0,0,0"
73.25,254,AV,0,0,0,67,5578.433439706214,0.1,-0.8862785389469126,"0.7377828904428911,0.28956605866403723,0.3232725560455714,0.1,0.67,0.2756247969261546","0,0,0"
19.5,107,AV,2,0,0,43,1794.439334206041,0.1,-0.29500000000000004,"0.28597201089508784,0.15137607998025174,0.1830172586520946,0.1,0.43,0.08866144634198442","0,0,0"
15.516666666666667,218,AV,2,0,0,35,4200.245935785981,0.1,-0.25516666666666665,"0.14710182852878076,0.10829886638326254,0.14191616955892974,0.1,0.35,0.2075299357075212","0,0,0"
76.61666666666666,245,AV,0,0,0,68,5051.78348307234,0.3,-1.1255516345706253,"0.7486386382280571,0.2928157039259814,0.326646966333703,0.3,0.68,0.24960355119161295","0,0,0"
32.05,178,AV,2,0,0,62,3048.604611013583,0.9,-1.2205,"0.6739353833649416,0.27054874489200215,0.3032919466218737,0.9,0.62,0.15062849380578247","0,0,0"
15.466666666666667,25,AV,1,0,0,40,742.6585956180782,0.4,-0.5546666666666666,"0.2390636981202308,0.13898558089571972,0.1714601628247345,0.4,0.4,0.03669401576896401","0,0,0"
13.166666666666666,162,AV,1,0,0,38,2767.495209174315,0.1,-0.23166666666666666,"0.1951838369963369,0.12459358530961787,0.16061496827174326,0.1,0.38,0.1367391604233156","0,0,0"
32.9,56,AV,0,0,0,42,1046.6558973464134,0.9,-1.5156271529741434,"0.2689888038548754,0.14705786116633524,0.1794165767709457,0.9,0.42,0.05171421731131388","0,0,0"
17.233333333333334,111,AV,1,0,0,46,1824.367004680513,0.2,-0.37233333333333335,"0.33243683492496584,0.16510260260260248,0.19847758636658328,0.2,0.46,0.09014014250035135","0,0,0"
8.466666666666667,36,AV,1,0,0,21,844.3352662229099,0.4,-0.4846666666666667,"0.06301580787353701,0.08285489610019933,0.11941873030166615,0.4,0.21,0.04171775800600685","0,0,0"
9.183333333333334,251,AV,1,0,0,23,5427.330032863625,0.6,-0.6918333333333333,"0.07094362002826576,0.08508644636015335,0.12000601630867143,0.6,0.23,0.26815892926348833","0,0,0"
15.116666666666667,193,AV,2,0,0,37,3487.44186130441,0.9,-1.0511666666666666,"0.18706195462478192,0.12201349009900973,0.1576914508493457,0.9,0.37,0.17231100186155868","0,0,0"
69.5,59,AV,0,0,0,61,1059.8377785859489,0.3,-1.2780621874984155,"0.6407514795593194,0.2609746322921829,0.29513641888733055,0.3,0.61,0.052365520832099985","0,0,0"
15.483333333333333,55,AV,0,0,0,28,1022.032321197676,0.3,-0.748366124594223,"0.09747082635399218,0.09396040515653774,0.12696956168831167,0.3,0.28,0.05049759112961852","0,0,0"
57.516666666666666,187,AV,0,0,0,57,3387.2787239910285,0.2,-0.8637333375683538,"0.5257083898995384,0.22765898345153654,0.26228864701019566,0.2,0.57,0.16736204178524355","0,0,0"
26.566666666666666,212,AV,1,0,0,59,4021.28082322038,0.8,-1.0656666666666668,"0.5821512286471178,0.24356546700942572,0.2783863208814836,0.8,0.59,0.19868744913115402","0,0,0"
45.016666666666666,108,AV,0,0,0,48,1805.1606101798543,0.2,-0.8163568650945561,"0.3637290709200686,0.17677854288871903,0.21274326923076917,0.2,0.48,0.08919117382641367","0,0,0"
59.05,3,AV,0,0,0,57,473.5024380788758,0.1,-1.3240764631269464,"0.5257083898995384,0.22765898345153654,0.26228864701019566,0.1,0.57,0.02339528018934334","0,0,0"
10.633333333333333,156,AV,1,0,0,30,2622.7149314101284,0.9,-1.0063333333333333,"0.10302623757778388,0.09556328794755427,0.1277589743589744,0.9,0.3,0.1295857122215983","0,0,0"
10.75,34,AV,1,0,0,31,825.4433072334436,0.1,-0.20750000000000002,"0.1055748204123518,0.09647275079285594,0.12871964978788708,0.1,0.31,0.040784325275063815","0,0,0"
61.03333333333333,237,AV,0,0,0,58,4689.4303597647895,0.2,-0.8743069883371464,"0.5491446333881874,0.23415224032586546,0.26980973051184703,0.2,0.58,0.2317000470794511","0,0,0"
15.1,241,AV,1,0,0,40,4967.653125719208,0.1,-0.251,"0.2390636981202308,0.13898558089571972,0.1714601628247345,0.1,0.4,0.24544675468029653","0,0,0"
32.93333333333333,270,AV,2,0,0,63,7099.697064525982,0.3,-0.6293333333333333,"0.6831433569611052,0.2736621881801439,0.30687987072945533,0.3,0.63,0.3507889056663633","0,0,0"
31.966666666666665,122,AV,2,0,0,63,1993.780724220221,0.4,-0.7196666666666667,"0.6831433569611052,0.2736621881801439,0.30687987072945533,0.4,0.63,0.09851070433448084","0,0,0"
36.28333333333333,272,AV,0,0,0,44,7332.887514065835,0.6,-1.003744911401938,"0.3056976970033292,0.15651128129117264,0.18905002771618623,0.6,0.44,0.3623106117141683","0,0,0"
74.96666666666667,48,AV,0,0,0,67,921.9548251796884,0.2,-1.2750622194710355,"0.7377828904428911,0.28956605866403723,0.3232725560455714,0.2,0.67,0.04555286250374671","0,0,0"
25.933333333333334,1,AV,0,0,0,39,388.2787303527966,0.4,-1.4319741620684407,"0.22541346596665737,0.1353920487047479,0.16971434587310502,0.4,0.39,0.01918446233354553","0,0,0"
80.05,99,AV,0,0,0,71,1592.6375082496468,0.9,-1.888866780542365,"0.774419540229885,0.3015755128205129,0.3346532046052035,0.9,0.71,0.0786906206792357","0,0,0"
17.183333333333334,203,AV,0,0,0,32,3824.993837156676,0.1,-0.35026483225125216,"0.10754738607771859,0.09679234222998247,0.12858405915441853,0.1,0.32,0.18898910617200515","0,0,0"
25.683333333333334,243,AV,1,0,0,59,5003.647877951615,0.1,-0.35683333333333334,"0.5821512286471178,0.24356546700942572,0.2783863208814836,0.1,0.59,0.2472252192585145","0,0,0"
29.883333333333333,77,AV,2,0,0,60,1294.2551843223837,0.5,-0.7988333333333333,"0.6132772362126545,0.25185557785582885,0.2850470538955599,0.5,0.6,0.06394784955402583","0,0,0"
34.166666666666664,230,AV,2,0,0,66,4577.590037133467,0.1,-0.44166666666666665,"0.7284581367379032,0.28647333826308413,0.3192732407407404,0.1,0.66,0.2261741289975035","0,0,0"
5.2,291,AV,0,0,0,12,13079.31179296209,0.3,-0.3749369866510429,"0.04763969171483615,0.058490693739424726,0.08384455958549243,0.3,0.12,0.6462356673845856","0,0,0"
30.15,159,AV,1,0,0,65,2750.2432356670683,0.2,-0.5015000000000001,"0.7038424300603395,0.27877040351313265,0.31039826417896593,0.2,0.65,0.13588675772892034","0,0,0"
79.98333333333333,125,AV,0,0,0,71,2044.1603053436156,0.5,-1.446592860565994,"0.774419540229885,0.3015755128205129,0.3346532046052035,0.5,0.71,0.10099990886948945","0,0,0"
6.85,91,AV,0,0,0,13,1507.5005543882637,0.8,-1.067504901939647,"0.050952042628774494,0.07307727797001148,0.10692001216544987,0.8,0.13,0.07448408924481369","0,0,0"
74.91666666666667,78,AV,0,0,0,67,1310.9401185904849,0.2,-1.1780100712933848,"0.7377828904428911,0.28956605866403723,0.3232725560455714,0.2,0.67,0.06477223540877823","0,0,0"
10.766666666666667,158,AV,1,0,0,27,2645.062412614309,0.1,-0.20766666666666667,"0.08724929819795342,0.09128910519125683,0.12519092970521548,0.1,0.27,0.13068987883670405","0,0,0"
31.633333333333333,11,AV,2,0,0,61,586.3474640105957,0.8,-1.1163333333333334,"0.6407514795593194,0.2609746322921829,0.29513641888733055,0.8,0.61,0.02897083965289678","0,0,0"
31.216666666666665,115,AV,1,0,0,74,1880.1756700095973,0.2,-0.5121666666666667,"0.7951105400775405,0.30743797856049004,0.33935628715134913,0.2,0.74,0.09289759263654204","0,0,0"
18.816666666666666,32,AV,2,0,0,40,818.0604611907775,0.6,-0.7881666666666667,"0.2390636981202308,0.13898558089571972,0.1714601628247345,0.6,0.4,0.040419546262597174","0,0,0"
24.116666666666667,94,AV,0,0,0,38,1541.4014724042315,0.5,-0.9357947407738421,"0.1951838369963369,0.12459358530961787,0.16061496827174326,0.5,0.38,0.07615909957607497","0,0,0"
21.5,7,AV,1,0,0,51,539.5213747330826,0.3,-0.515,"0.4017845004919059,0.189471537407978,0.22160080608225743,0.3,0.51,0.026657209583190285","0,0,0"
13.616666666666667,186,AV,0,0,0,27,3382.383844415393,0.1,-0.3248615084704217,"0.08724929819795342,0.09128910519125683,0.12519092970521548,0.1,0.27,0.16712019069862674","0,0,0"
14.5,5,AV,2,0,0,36,497.26542980048754,0.2,-0.345,"0.16635189803269598,0.11438909916729754,0.14866892624728853,0.2,0.36,0.024569385758302514","0,0,0"
59.45,234,AV,0,0,0,57,4669.869929992837,0.3,-0.9587416179673895,"0.5257083898995384,0.22765898345153654,0.26228864701019566,0.3,0.57,0.23073358587812023","0,0,0"
45.166666666666664,15,AV,0,0,0,48,600.3305173079323,0.1,-1.0513913872177605,"0.3637290709200686,0.17677854288871903,0.21274326923076917,0.1,0.48,0.029661728280885674","0,0,0"
26.033333333333335,27,AV,1,0,0,59,753.7709081553346,0.7,-0.9603333333333333,"0.5821512286471178,0.24356546700942572,0.2783863208814836,0.7,0.59,0.03724306397749163","0,0,0"
12.633333333333333,101,AV,2,0,0,16,1596.1763216794554,0.3,-0.42633333333333334,"0.05473482769136926,0.07793041383219959,0.11369221520889679,0.3,0.16,0.07886546989873305","0,0,0"
20.266666666666666,157,AV,2,0,0,44,2629.980017260476,0.2,-0.4026666666666667,"0.3056976970033292,0.15651128129117264,0.18905002771618623,0.2,0.44,0.1299446728211638","0,0,0"
30.633333333333333,163,AV,2,0,0,62,2797.307504072895,0.8,-1.1063333333333334,"0.6739353833649416,0.27054874489200215,0.3032919466218737,0.8,0.62,0.13821215599028547","0,0,0"
14.483333333333333,271,AV,1,0,0,38,7130.271245067938,0.6,-0.7448333333333332,"0.1951838369963369,0.12459358530961787,0.16061496827174326,0.6,0.38,0.3522995452382328","0,0,0"
15.466666666666667,37,AV,2,0,0,34,854.5785374972068,0.2,-0.3546666666666667,"0.1337223777528928,0.10423041417165667,0.1374802536231883,0.2,0.34,0.04222386775802824","0,0,0"
87.0,225,AV,0,0,0,78,4412.688598555705,0.4,-1.3379857627157719,"0.814198372238619,0.31319833081697696,0.34540854172520313,0.4,0.78,0.21802651443652019","0,0,0"
32.0,278,AV,1,0,0,79,8139.327108000771,0.1,-0.42000000000000004,"0.8174798387096778,0.31412064050972477,0.3464494949494948,0.1,0.79,0.40215598259005225","0,0,0"
24.633333333333333,117,AV,1,0,0,58,1921.5023446668008,0.1,-0.3463333333333333,"0.5491446333881874,0.23415224032586546,0.26980973051184703,0.1,0.58,0.09493950214987396","0,0,0"
52.233333333333334,264,AV,0,0,0,54,6081.635477498837,0.1,-0.6716621694843911,"0.4714217493448991,0.20957652582159628,0.24345781051100193,0.1,0.54,0.3004875045265025","0,0,0"
10.283333333333333,116,AV,0,0,0,23,1899.102970895097,0.5,-0.7608026507414368,"0.07094362002826576,0.08508644636015335,0.12000601630867143,0.5,0.23,0.0938327715750938","0,0,0"
76.61666666666666,53,AV,0,0,0,68,985.8695826897422,0.5,-1.570466551020043,"0.7486386382280571,0.2928157039259814,0.326646966333703,0.5,0.68,0.04871082651814225","0,0,0"
31.433333333333334,57,AV,2,0,0,63,1047.1205397958274,0.3,-0.6143333333333334,"0.6831433569611052,0.2736621881801439,0.30687987072945533,0.3,0.63,0.051737174828356464","0,0,0"
22.966666666666665,41,AV,1,0,0,54,870.7377108213431,0.3,-0.5296666666666666,"0.4714217493448991,0.20957652582159628,0.24345781051100193,0.3,0.54,0.04302227629226974","0,0,0"
21.45,128,AV,1,0,0,49,2117.047321722312,0.4,-0.6145,"0.3859668473351401,0.18551958036017654,0.22049254891204967,0.4,0.49,0.10460118318871651","0,0,0"
27.633333333333333,176,AV,1,0,0,61,3032.1279287666234,0.3,-0.5763333333333334,"0.6407514795593194,0.2609746322921829,0.29513641888733055,0.3,0.61,0.14981439747436257","0,0,0"
88.71666666666667,21,AV,0,0,0,81,640.5426603936758,0.3,-1.6555195470440967,"0.8244514095289562,0.3158450639085098,0.34730611961056984,0.3,0.81,0.03164856990797825","0,0,0"
22.783333333333335,250,AV,2,0,0,46,5386.149373461946,0.1,-0.32783333333333337,"0.33243683492496584,0.16510260260260248,0.19847758636658328,0.1,0.46,0.2661242342173697","0,0,0"
22.166666666666668,114,AV,1,0,0,52,1869.7531794209297,0.1,-0.32166666666666666,"0.4165674508767291,0.19400969588245354,0.22634904428904434,0.1,0.52,0.09238262783808823","0,0,0"
33.2,166,AV,2,0,0,67,2857.712092786687,0.2,-0.532,"0.7377828904428911,0.28956605866403723,0.3232725560455714,0.2,0.67,0.1411966860877753","0,0,0"
23.133333333333333,201,AV,2,0,0,48,3783.636689084741,0.2,-0.43133333333333335,"0.3637290709200686,0.17677854288871903,0.21274326923076917,0.2,0.48,0.18694569099783895","0,0,0"
14.666666666666666,69,AV,1,0,0,36,1150.2916000513435,0.2,-0.3466666666666667,"0.16635189803269598,0.11438909916729754,0.14866892624728853,0.2,0.36,0.05683475335805212","0,0,0"
17.033333333333335,165,AV,2,0,0,38,2835.850686157305,0.3,-0.4703333333333333,"0.1951838369963369,0.12459358530961787,0.16061496827174326,0.3,0.38,0.14011653592951495","0,0,0"
33.46666666666667,155,AV,2,0,0,70,2587.8859091729414,0.1,-0.43466666666666665,"0.7642871133077063,0.29801634152520856,0.33054081539998187,0.1,0.7,0.12786484519234737","0,0,0"
30.2,90,AV,2,0,0,61,1496.328062426438,0.5,-0.802,"0.6407514795593194,0.2609746322921829,0.29513641888733055,0.5,0.61,0.07393206763132296","0,0,0"
31.433333333333334,30,AV,2,0,0,61,783.6834518391023,0.4,-0.7143333333333334,"0.6407514795593194,0.2609746322921829,0.29513641888733055,0.4,0.61,0.038721012736313315","0,0,0"
8.516666666666667,23,AV,0,0,0,21,676.2529471816457,0.9,-1.4287876538287652,"0.06301580787353701,0.08285489610019933,0.11941873030166615,0.9,0.21,0.033412979334117666","0,0,0"
16.983333333333334,217,AV,0,0,0,28,4196.147454418583,0.1,-0.3413274843989965,"0.09747082635399218,0.09396040515653774,0.12696956168831167,0.1,0.28,0.207327433856992","0,0,0"
29.066666666666666,60,AV,2,0,0,59,1074.3823512953045,0.6,-0.8906666666666667,"0.5821512286471178,0.24356546700942572,0.2783863208814836,0.6,0.59,0.05308415357061393","0,0,0"
28.433333333333334,97,AV,1,0,0,63,1567.0706205360798,0.3,-0.5843333333333334,"0.6831433569611052,0.2736621881801439,0.30687987072945533,0.3,0.63,0.07742738641996724","0,0,0"
19.083333333333332,205,AV,2,0,0,43,3866.930621896856,0.2,-0.39083333333333337,"0.28597201089508784,0.15137607998025174,0.1830172586520946,0.2,0.43,0.19106116061214143","0,0,0"
25.65,14,AV,2,0,0,52,597.1498506777683,0.4,-0.6565000000000001,"0.4165674508767291,0.19400969588245354,0.22634904428904434,0.4,0.52,0.029504574735270385","0,0,0"
18.716666666666665,174,AV,0,0,0,32,3024.224513765153,0.3,-0.5863656509466071,"0.10754738607771859,0.09679234222998247,0.12858405915441853,0.3,0.32,0.14942389767216036","0,0,0"
27.5,164,AV,0,0,0,40,2815.231094880572,0.3,-0.6815631878482525,"0.2390636981202308,0.13898558089571972,0.1714601628247345,0.3,0.4,0.1390977426213619","0,0,0"
50.78333333333333,71,AV,0,0,0,53,1174.3503864217532,0.2,-0.9632937167663396,"0.45351911335280065,0.20314412568305998,0.234308721092226,0.2,0.53,0.05802347384370573","0,0,0"
36.016666666666666,13,AV,2,0,0,96,591.6693204447811,0.4,-0.7601666666666667,"0.8559530244530248,0.3230295705623388,0.3547667311055877,0.4,0.96,0.02923378723751827","0,0,0"
11.9,190,AV,0,0,0,23,3456.1529418207683,0.6,-0.8058017142325751,"0.07094362002826576,0.08508644636015335,0.12000601630867143,0.6,0.23,0.17076504775599677","0,0,0"
27.033333333333335,20,AV,1,0,0,59,639.9143284368583,0.1,-0.3703333333333334,"0.5821512286471178,0.24356546700942572,0.2783863208814836,0.1,0.59,0.03161752465667753","0,0,0"
30.7,152,AV,1,0,0,72,2538.843693606908,0.2,-0.507,"0.780478343259339,0.3032455464200068,0.3364644347668295,0.2,0.72,0.12544171854715278","0,0,0"
25.7,4,AV,2,0,0,55,491.0984231068265,0.8,-1.057,"0.4957681178894564,0.21779588350841242,0.2518058764209754,0.8,0.55,0.024264680147676444","0,0,0"
26.9,240,AV,1,0,0,60,4959.361066312568,0.3,-0.569,"0.6132772362126545,0.25185557785582885,0.2850470538955599,0.3,0.6,0.24503705234813514","0,0,0"
26.8,227,AV,2,0,0,56,4429.527615460413,0.1,-0.368,"0.5124859464798852,0.2240801175568615,0.2593506648326457,0.1,0.56,0.2188585133596875","0,0,0"
24.75,133,AV,1,0,0,58,2222.040577514192,0.2,-0.4475,"0.5491446333881874,0.23415224032586546,0.26980973051184703,0.2,0.58,0.1097887945708426","0,0,0"
26.666666666666668,247,AV,1,0,0,59,5168.6614957092925,0.1,-0.3666666666666667,"0.5821512286471178,0.24356546700942572,0.2783863208814836,0.1,0.59,0.255378376480178","0,0,0"
10.233333333333333,31,AV,0,0,0,21,813.126641713825,0.1,-0.5712795522983038,"0.06301580787353701,0.08285489610019933,0.11941873030166615,0.1,0.21,0.040175771194542055","0,0,0"
28.233333333333334,68,AV,1,0,0,63,1148.9174546898266,0.1,-0.3823333333333333,"0.6831433569611052,0.2736621881801439,0.30687987072945533,0.1,0.63,0.05676685821503235","0,0,0"
15.5,87,AV,1,0,0,41,1460.8215047913693,0.8,-0.9550000000000001,"0.25156567936060154,0.14284720502022977,0.17476948522747865,0.8,0.41,0.07217772425813608","0,0,0"
11.3,74,AV,1,0,0,33,1261.43865123121,0.3,-0.413,"0.12239565094606046,0.10110385155797987,0.13344406764333522,0.3,0.33,0.06232641759345169","0,0,0"
81.78333333333333,239,AV,0,0,0,72,4818.617258984985,0.3,-1.1800918576933264,"0.780478343259339,0.3032455464200068,0.3364644347668295,0.3,0.72,0.2380830420990997","0,0,0"
38.38333333333333,267,AV,0,0,0,44,6709.13861087917,0.4,-0.8285484625622237,"0.3056976970033292,0.15651128129117264,0.18905002771618623,0.4,0.44,0.3314918044931234","0,0,0"
53.95,210,AV,0,0,0,54,3942.222625638348,0.3,-0.9155992030356028,"0.4714217493448991,0.20957652582159628,0.24345781051100193,0.3,0.54,0.19478126294296802","0,0,0"
15.616666666666667,257,AV,1,0,0,41,5825.994272151124,0.1,-0.25616666666666665,"0.25156567936060154,0.14284720502022977,0.17476948522747865,0.1,0.41,0.28785652916908544","0,0,0"
31.883333333333333,179,AV,2,0,0,61,3065.2253709468137,0.8,-1.1188333333333333,"0.6407514795593194,0.2609746322921829,0.29513641888733055,0.8,0.61,0.15144970887106365","0,0,0"
13.183333333333334,202,AV,2,0,0,32,3793.837230001502,0.1,-0.23183333333333334,"0.10754738607771859,0.09679234222998247,0.12858405915441853,0.1,0.32,0.18744968948578491","0,0,0"
30.916666666666668,181,AV,1,0,0,72,3151.1733449572957,0.5,-0.8091666666666667,"0.780478343259339,0.3032455464200068,0.3364644347668295,0.5,0.72,0.1556963119969945","0,0,0"
27.516666666666666,135,AV,2,0,0,57,2260.56382504795,0.3,-0.5751666666666666,"0.5257083898995384,0.22765898345153654,0.26228864701019566,0.3,0.57,0.11169218956393358","0,0,0"
71.5,283,AV,0,0,0,65,8987.033628468456,0.9,-1.6483814262194016,"0.7038424300603395,0.27877040351313265,0.31039826417896593,0.9,0.65,0.4440403108844108","0,0,0"
15.983333333333333,236,AV,2,0,0,35,4687.914961676448,0.6,-0.7598333333333334,"0.14710182852878076,0.10829886638326254,0.14191616955892974,0.6,0.35,0.23162517278098077","0,0,0"
11.116666666666667,180,AV,2,0,0,22,3119.7161673652217,0.3,-0.4111666666666667,"0.06875196850393704,0.08464827363665701,0.12069924141008498,0.3,0.22,0.15414204442718335","0,0,0"
18.9,238,AV,1,0,0,46,4707.821121085941,0.3,-0.489,"0.33243683492496584,0.16510260260260248,0.19847758636658328,0.3,0.46,0.2326087161366778","0,0,0"
21.966666666666665,199,AV,1,0,0,52,3752.1132597063192,0.2,-0.41966666666666663,"0.4165674508767291,0.19400969588245354,0.22634904428904434,0.2,0.52,0.1853881499937643","0,0,0"
46.81666666666667,102,AV,0,0,0,48,1635.9686818612918,0.1,-0.7515442602149006,"0.3637290709200686,0.17677854288871903,0.21274326923076917,0.1,0.48,0.08083157047389894","0,0,0"
22.8,93,AV,1,0,0,53,1530.0661682302475,0.2,-0.42800000000000005,"0.45351911335280065,0.20314412568305998,0.234308721092226,0.2,0.53,0.07559903357460358","0,0,0"
7.783333333333333,191,AV,1,0,0,19,3465.4556083993225,0.2,-0.2778333333333334,"0.05933412914961344,0.08177111252924911,0.11962191253115805,0.2,0.19,0.17122468317412964","0,0,0"
24.416666666666668,126,AV,1,0,0,57,2052.607856914241,0.1,-0.3441666666666667,"0.5257083898995384,0.22765898345153654,0.26228864701019566,0.1,0.57,0.10141729391339874","0,0,0"
32.43333333333333,184,AV,1,0,0,72,3256.7228478661937,0.7,-1.0243333333333333,"0.780478343259339,0.3032455464200068,0.3364644347668295,0.7,0.72,0.16091140699084167","0,0,0"
26.033333333333335,28,AV,0,0,0,39,776.0711537761008,0.4,-1.0468958263989512,"0.22541346596665737,0.1353920487047479,0.16971434587310502,0.4,0.39,0.03834489672983343","0,0,0"
78.26666666666667,213,AV,0,0,0,69,4113.319853961603,0.3,-1.1556004551030474,"0.7566376396838369,0.2958993990181141,0.32937726982388943,0.3,0.69,0.20323500525627752","0,0,0"
78.56666666666666,259,AV,0,0,0,70,5913.041300376779,0.2,-1.0364019794710748,"0.7642871133077063,0.29801634152520856,0.33054081539998187,0.2,0.7,0.2921574354606168","0,0,0"
38.38333333333333,105,AV,0,0,0,44,1682.490559712908,0.2,-0.7621404259158857,"0.3056976970033292,0.15651128129117264,0.18905002771618623,0.2,0.44,0.08313016976240285","0,0,0"
50.61666666666667,79,AV,0,0,0,52,1317.647826688136,0.4,-1.1338451054146286,"0.4165674508767291,0.19400969588245354,0.22634904428904434,0.4,0.52,0.06510365653304864","0,0,0"
14.733333333333333,209,AV,2,0,0,17,3941.04555698938,0.3,-0.4473333333333333,"0.05618771109379059,0.07926869271587071,0.11536285266457674,0.3,0.17,0.19472310516250035","0,0,0"
22.383333333333333,86,AV,0,0,0,35,1454.957177165027,0.2,-0.6300249688731145,"0.14710182852878076,0.10829886638326254,0.14191616955892974,0.2,0.35,0.07188797371641335","0,0,0"
14.15,232,AV,2,0,0,21,4617.971391102537,0.2,-0.3415,"0.06301580787353701,0.08285489610019933,0.11941873030166615,0.2,0.21,0.2281693311644965","0,0,0"
20.233333333333334,62,AV,1,0,0,50,1097.8259349569896,0.1,-0.30233333333333334,"0.3991651036084315,0.18899863001969336,0.22196602475928487,0.1,0.5,0.05424247750793666","0,0,0"
24.966666666666665,207,AV,1,0,0,58,3919.41152379869,0.4,-0.6496666666666666,"0.5491446333881874,0.23415224032586546,0.26980973051184703,0.4,0.58,0.1936541892976206","0,0,0"
83.65,175,AV,0,0,0,74,3031.4508351358254,0.2,-1.135462515414359,"0.7951105400775405,0.30743797856049004,0.33935628715134913,0.2,0.74,0.14978094295769478","0,0,0"
85.36666666666666,110,AV,0,0,0,77,1823.811293294481,0.3,-1.3181573686943355,"0.809294602833065,0.311694762267989,0.34390699177980977,0.3,0.77,0.09011268535856054","0,0,0"
12.15,169,AV,1,0,0,35,2909.8477340427667,0.3,-0.4215,"0.14710182852878076,0.10829886638326254,0.14191616955892974,0.3,0.35,0.1437726557913017","0,0,0"
36.96666666666667,249,AV,2,0,0,86,5341.061461458292,0.1,-0.4696666666666667,"0.8411468286468287,0.31960960395210575,0.3503855088495579,0.1,0.86,0.26389648574207625","0,0,0"
13.583333333333334,298,AV,0,0,0,27,19040.472291926453,0.1,-0.251589245025041,"0.08724929819795342,0.09128910519125683,0.12519092970521548,0.1,0.27,0.9407706241479663","0,0,0"
27.433333333333334,52,AV,0,0,0,39,979.5720138781878,0.8,-1.3805895306825011,"0.22541346596665737,0.1353920487047479,0.16971434587310502,0.8,0.39,0.04839966996432227","0,0,0"
24.116666666666667,18,AV,1,0,0,56,627.4062491148882,0.5,-0.7411666666666666,"0.5124859464798852,0.2240801175568615,0.2593506648326457,0.5,0.56,0.0309995130123124","0,0,0"
12.55,88,AV,1,0,0,36,1475.2077210572677,0.2,-0.3255,"0.16635189803269598,0.11438909916729754,0.14866892624728853,0.2,0.36,0.07288853276372843","0,0,0"
22.366666666666667,38,AV,1,0,0,53,861.805442805673,0.1,-0.32366666666666666,"0.45351911335280065,0.20314412568305998,0.234308721092226,0.1,0.53,0.04258094189534294","0,0,0"
18.516666666666666,214,AV,2,0,0,42,4116.183110063293,0.1,-0.2851666666666667,"0.2689888038548754,0.14705786116633524,0.1794165767709457,0.1,0.42,0.2033764758662804","0,0,0"
66.18333333333334,39,AV,0,0,0,60,863.3540159882258,0.5,-1.5093153562861186,"0.6132772362126545,0.25185557785582885,0.2850470538955599,0.5,0.6,0.04265745534191888","0,0,0"
7.916666666666667,150,AV,1,0,0,19,2476.7926805910606,0.3,-0.37916666666666665,"0.05933412914961344,0.08177111252924911,0.11962191253115805,0.3,0.19,0.12237584027749006","0,0,0"
28.616666666666667,289,AV,1,0,0,65,10751.672106064549,0.1,-0.38616666666666666,"0.7038424300603395,0.27877040351313265,0.31039826417896593,0.1,0.65,0.5312293268137855","0,0,0"
12.583333333333334,161,AV,1,0,0,35,2756.9260540590044,0.3,-0.42583333333333334,"0.14710182852878076,0.10829886638326254,0.14191616955892974,0.3,0.35,0.1362169490778143","0,0,0"
66.45,92,AV,0,0,0,60,1527.6889462703334,0.1,-0.9608750544457453,"0.6132772362126545,0.25185557785582885,0.2850470538955599,0.1,0.6,0.07548157742369105","0,0,0"
23.683333333333334,292,AV,2,0,0,52,13430.196447392702,0.1,-0.3368333333333333,"0.4165674508767291,0.19400969588245354,0.22634904428904434,0.1,0.52,0.6635725259609666","0,0,0"
26.75,172,AV,2,0,0,53,2969.8754393798326,0.4,-0.6675,"0.45351911335280065,0.20314412568305998,0.234308721092226,0.4,0.53,0.1467385644594426","0,0,0"
11.3,273,AV,1,0,0,34,7658.5640246764915,0.3,-0.413,"0.1337223777528928,0.10423041417165667,0.1374802536231883,0.3,0.34,0.37840196120697644","0,0,0"
18.616666666666667,260,AV,2,0,0,41,5984.209260784091,0.1,-0.2861666666666667,"0.25156567936060154,0.14284720502022977,0.17476948522747865,0.1,0.41,0.2956737729497932","0,0,0"
62.583333333333336,144,AV,0,0,0,59,2401.1770329784995,0.8,-1.5507720595828802,"0.5821512286471178,0.24356546700942572,0.2783863208814836,0.8,0.59,0.11863974702785017","0,0,0"
28.883333333333333,256,AV,1,0,0,64,5670.319740923212,0.9,-1.1888333333333334,"0.701927948787796,0.27824460759913733,0.3099091757677588,0.9,0.64,0.28016480683878775","0,0,0"
11.733333333333333,145,AV,2,0,0,22,2411.397471856681,0.1,-0.21733333333333332,"0.06875196850393704,0.08464827363665701,0.12069924141008498,0.1,0.22,0.11914472865409743","0,0,0"
27.25,119,AV,2,0,0,56,1945.516475481125,0.1,-0.37250000000000005,"0.5124859464798852,0.2240801175568615,0.2593506648326457,0.1,0.56,0.09612601624932422","0,0,0"
73.26666666666667,229,AV,0,0,0,66,4459.768546990965,0.3,-1.099934731553669,"0.7284581367379032,0.28647333826308413,0.3192732407407404,0.3,0.66,0.22035268743240086","0,0,0"
28.35,138,AV,1,0,0,61,2314.8193170712048,0.2,-0.48350000000000004,"0.6407514795593194,0.2609746322921829,0.29513641888733055,0.2,0.61,0.11437289896607457","0,0,0"
21.616666666666667,288,AV,2,0,0,47,10721.15711953896,0.2,-0.4161666666666667,"0.35523924658154515,0.17423861520230216,0.21053758125057226,0.2,0.47,0.529721611958849","0,0,0"
30.133333333333333,177,AV,1,0,0,68,3046.5766145774583,0.2,-0.5013333333333334,"0.7486386382280571,0.2928157039259814,0.326646966333703,0.2,0.68,0.15052829253746666","0,0,0"
12.233333333333333,299,AV,1,0,0,34,20239.22920549412,0.1,-0.22233333333333333,"0.1337223777528928,0.10423041417165667,0.1374802536231883,0.1,0.34,1.0","0,0,0"
18.166666666666668,124,AV,2,0,0,38,2043.1688306873104,0.1,-0.2816666666666667,"0.1951838369963369,0.12459358530961787,0.16061496827174326,0.1,0.38,0.10095092110191003","0,0,0"
23.4,131,AV,1,0,0,54,2177.5877894542577,0.1,-0.33399999999999996,"0.4714217493448991,0.20957652582159628,0.24345781051100193,0.1,0.54,0.1075924269321053","0,0,0"
22.416666666666668,54,AV,1,0,0,52,1005.9867386644172,0.9,-1.1241666666666668,"0.4165674508767291,0.19400969588245354,0.22634904428904434,0.9,0.52,0.04970479500233799","0,0,0"
15.45,82,AV,0,0,0,27,1391.0507319816634,0.2,-0.5701643126686156,"0.08724929819795342,0.09128910519125683,0.12519092970521548,0.2,0.27,0.06873042040573611","0,0,0"
15.1,22,AV,2,0,0,34,658.4091024775607,0.2,-0.351,"0.1337223777528928,0.10423041417165667,0.1374802536231883,0.2,0.34,0.032531332877974904","0,0,0"
30.683333333333334,16,AV,1,0,0,70,610.4868582393152,0.8,-1.1068333333333333,"0.7642871133077063,0.29801634152520856,0.33054081539998187,0.8,0.7,0.03016354289191967","0,0,0"
42.13333333333333,26,AV,0,0,0,46,743.7553910389753,0.8,-1.6246917541454777,"0.33243683492496584,0.16510260260260248,0.19847758636658328,0.8,0.46,0.036748207329806624","0,0,0"
24.666666666666668,167,AV,2,0,0,51,2857.8751728516777,0.2,-0.44666666666666666,"0.4017845004919059,0.189471537407978,0.22160080608225743,0.2,0.51,0.14120474371009553","0,0,0"
64.23333333333333,295,AV,0,0,0,60,15387.119225735782,0.4,-1.0618301602311346,"0.6132772362126545,0.25185557785582885,0.2850470538955599,0.4,0.6,0.7602621161856702","0,0,0"
29.5,266,AV,2,0,0,57,6563.608435155774,0.2,-0.495,"0.5257083898995384,0.22765898345153654,0.26228864701019566,0.2,0.57,0.3243013045859485","0,0,0"
23.75,33,AV,1,0,0,54,822.5771428470101,0.2,-0.4375,"0.4714217493448991,0.20957652582159628,0.24345781051100193,0.2,0.54,0.04064271096963091","0,0,0"
33.3,226,AV,2,0,0,69,4416.224882412617,0.4,-0.733,"0.7566376396838369,0.2958993990181141,0.32937726982388943,0.4,0.69,0.21820123867235977","0,0,0"
14.816666666666666,189,AV,1,0,0,38,3427.0421228311798,0.3,-0.44816666666666666,"0.1951838369963369,0.12459358530961787,0.16061496827174326,0.3,0.38,0.1693267114095866","0,0,0"
12.85,290,AV,1,0,0,37,11861.36896338871,0.1,-0.2285,"0.18706195462478192,0.12201349009900973,0.1576914508493457,0.1,0.37,0.5860583346804944","0,0,0"
23.783333333333335,182,AV,1,0,0,56,3158.0604616132755,0.9,-1.1378333333333335,"0.5124859464798852,0.2240801175568615,0.2593506648326457,0.9,0.56,0.1560365975180513","0,0,0"
37.11666666666667,284,AV,2,0,0,89,9030.678864893336,0.1,-0.4711666666666666,"0.8439378461817859,0.32045855490841546,0.351682509157509,0.1,0.89,0.44619677820743675","0,0,0"
83.56666666666666,12,AV,0,0,0,74,586.8516376274475,0.7,-2.046869125286114,"0.7951105400775405,0.30743797856049004,0.33935628715134913,0.7,0.74,0.028995750365243225","0,0,0"
12.733333333333333,173,AV,1,0,0,36,2971.291490045772,0.4,-0.5273333333333333,"0.16635189803269598,0.11438909916729754,0.14866892624728853,0.4,0.36,0.14680853010149164","0,0,0"
17.466666666666665,121,AV,2,0,0,38,1986.5043233563797,0.6,-0.7746666666666666,"0.1951838369963369,0.12459358530961787,0.16061496827174326,0.6,0.38,0.09815118467145603","0,0,0"
32.65,253,AV,1,0,0,75,5557.427333357366,0.4,-0.7265,"0.8065804164422907,0.3105056036678554,0.3422206721915286,0.4,0.75,0.27458690629625127","0,0,0"
39.766666666666666,149,AV,0,0,0,45,2476.7673195544394,0.1,-0.6187922958815938,"0.3213243144757215,0.16162029702970312,0.19435177384629776,0.1,0.45,0.12237458721412664","0,0,0"
35.68333333333333,42,AV,2,0,0,80,877.2934597877683,0.2,-0.5568333333333333,"0.8223012010397064,0.31555563947633414,0.3472944335481458,0.2,0.8,0.04334618926839462","0,0,0"
24.4,70,AV,2,0,0,53,1150.4391077840953,0.8,-1.044,"0.45351911335280065,0.20314412568305998,0.234308721092226,0.8,0.53,0.056842041567067104","0,0,0"
21.766666666666666,170,AV,2,0,0,48,2953.464044858564,0.1,-0.31766666666666665,"0.3637290709200686,0.17677854288871903,0.21274326923076917,0.1,0.48,0.1459276939290168","0,0,0"
32.53333333333333,281,AV,1,0,0,79,8480.737499651503,0.1,-0.42533333333333334,"0.8174798387096778,0.31412064050972477,0.3464494949494948,0.1,0.79,0.4190247273522319","0,0,0"
90.43333333333334,153,AV,0,0,0,82,2561.5826276178027,0.4,-1.4214484311504165,"0.8312675343456257,0.31701743111559144,0.3481129763226043,0.4,0.82,0.12656522645251916","0,0,0"
23.083333333333332,9,AV,1,0,0,54,542.8991684878858,0.2,-0.43083333333333335,"0.4714217493448991,0.20957652582159628,0.24345781051100193,0.2,0.54,0.02682410298216846","0,0,0"
54.0,123,AV,0,0,0,54,1997.7276787447236,0.1,-0.7901706179435356,"0.4714217493448991,0.20957652582159628,0.24345781051100193,0.1,0.54,0.09870571939579707","0,0,0"
85.2,168,AV,0,0,0,77,2891.134206742707,0.2,-1.155765504659154,"0.809294602833065,0.311694762267989,0.34390699177980977,0.2,0.77,0.14284803919103217","0,0,0"
52.4,29,AV,0,0,0,53,779.2240782816187,0.2,-1.1089983699959247,"0.45351911335280065,0.20314412568305998,0.234308721092226,0.2,0.53,0.038500679564916006","0,0,0"
24.816666666666666,112,AV,2,0,0,52,1830.3424648913517,0.2,-0.4481666666666667,"0.4165674508767291,0.19400969588245354,0.22634904428904434,0.2,0.52,0.09043538399152518","0,0,0"
13.266666666666667,216,AV,1,0,0,36,4164.701887555128,0.1,-0.2326666666666667,"0.16635189803269598,0.11438909916729754,0.14866892624728853,0.1,0.36,0.20577373996162773","0,0,0"
71.43333333333334,85,AV,0,0,0,65,1444.5182772575097,0.2,-1.122015025370879,"0.7038424300603395,0.27877040351313265,0.31039826417896593,0.2,0.65,0.07137219814998598","0,0,0"
18.933333333333334,188,AV,0,0,0,32,3398.605365942332,0.1,-0.37760483522829336,"0.10754738607771859,0.09679234222998247,0.12858405915441853,0.1,0.32,0.16792167979498696","0,0,0"
14.533333333333333,72,AV,1,0,0,38,1234.5997004771,0.1,-0.24533333333333335,"0.1951838369963369,0.12459358530961787,0.16061496827174326,0.1,0.38,0.06100033197617807","0,0,0"
20.566666666666666,296,AV,0,0,0,34,17322.90883950548,0.3,-0.5229847743112581,"0.1337223777528928,0.10423041417165667,0.1374802536231883,0.3,0.34,0.8559075379611304","0,0,0"
27.233333333333334,244,AV,2,0,0,56,5009.92015912814,0.1,-0.3723333333333333,"0.5124859464798852,0.2240801175568615,0.2593506648326457,0.1,0.56,0.24753512637567007","0,0,0"
29.35,98,AV,0,0,0,40,1592.2311391495805,0.2,-0.6819148554965655,"0.2390636981202308,0.13898558089571972,0.1714601628247345,0.2,0.4,0.07867054238989274","0,0,0"
30.366666666666667,268,AV,1,0,0,62,6918.069898529506,0.7,-1.0036666666666667,"0.6739353833649416,0.27054874489200215,0.3032919466218737,0.7,0.62,0.34181488970200175","0,0,0"
55.666666666666664,96,AV,0,0,0,54,1552.9853059451273,0.3,-1.0498429954133341,"0.4714217493448991,0.20957652582159628,0.24345781051100193,0.3,0.54,0.07673144516410514","0,0,0"
14.916666666666666,297,AV,2,0,0,33,18628.94525544202,0.7,-0.8491666666666666,"0.12239565094606046,0.10110385155797987,0.13344406764333522,0.7,0.33,0.9204374863438488","0,0,0"
14.35,235,AV,1,0,0,37,4679.48341028673,0.3,-0.4435,"0.18706195462478192,0.12201349009900973,0.1576914508493457,0.3,0.37,0.23120857828995","0,0,0"
33.016666666666666,147,AV,2,0,0,69,2458.2611968747465,0.1,-0.4301666666666667,"0.7566376396838369,0.2958993990181141,0.32937726982388943,0.1,0.69,0.1214602182679679","0,0,0"
17.416666666666668,130,AV,2,0,0,38,2158.6935677652164,0.3,-0.4741666666666667,"0.1951838369963369,0.12459358530961787,0.16061496827174326,0.3,0.38,0.10665888240344744","0,0,0"
35.7,17,AV,2,0,0,82,616.3739675020589,0.5,-0.857,"0.8312675343456257,0.31701743111559144,0.3481129763226043,0.5,0.82,0.030454419051430016","0,0,0"
39.78333333333333,293,AV,0,0,0,46,14505.369879802229,0.7,-1.1185153292069945,"0.33243683492496584,0.16510260260260248,0.19847758636658328,0.7,0.46,0.7166957660553899","0,0,0"
31.016666666666666,255,AV,0,0,0,41,5611.673516276995,0.8,-1.1636266548733634,"0.25156567936060154,0.14284720502022977,0.17476948522747865,0.8,0.41,0.27726715574492605","0,0,0"
21.15,136,AV,2,0,0,45,2280.385817754286,0.1,-0.3115,"0.3213243144757215,0.16162029702970312,0.19435177384629776,0.1,0.45,0.1126715743273096","0,0,0"
25.566666666666666,269,AV,2,0,0,54,7081.334819999852,0.1,-0.3556666666666667,"0.4714217493448991,0.20957652582159628,0.24345781051100193,0.1,0.54,0.34988164559535495","0,0,0"
18.583333333333332,183,AV,2,0,0,42,3159.4556453821087,0.1,-0.28583333333333333,"0.2689888038548754,0.14705786116633524,0.1794165767709457,0.1,0.42,0.15610553214765938","0,0,0"
17.533333333333335,75,AV,2,0,0,42,1275.9312017726234,0.1,-0.2753333333333333,"0.2689888038548754,0.14705786116633524,0.1794165767709457,0.1,0.42,0.06304247996886464","0,0,0"
36.733333333333334,233,AV,2,0,0,84,4660.29795945294,0.4,-0.7673333333333334,"0.8383405717427158,0.3188230129005411,0.34930241452400745,0.4,0.84,0.23026064442157015","0,0,0"
14.2,274,AV,2,0,0,32,7897.119961473183,0.1,-0.242,"0.10754738607771859,0.09679234222998247,0.12858405915441853,0.1,0.32,0.390188770594556","0,0,0"
19.033333333333335,277,AV,2,0,0,43,8028.27043643778,0.3,-0.49033333333333334,"0.28597201089508784,0.15137607998025174,0.1830172586520946,0.3,0.43,0.39666878392080435","0,0,0"
36.35,200,AV,0,0,0,43,3773.073658575576,0.8,-1.2430107721573762,"0.28597201089508784,0.15137607998025174,0.1830172586520946,0.8,0.43,0.1864237822629797","0,0,0"
24.266666666666666,248,AV,0,0,0,38,5307.329693361759,0.1,-0.3991922675493913,"0.1951838369963369,0.12459358530961787,0.16061496827174326,0.1,0.38,0.2622298329385507","0,0,0"
20.933333333333334,127,AV,2,0,0,46,2108.868816674547,0.1,-0.30933333333333335,"0.33243683492496584,0.16510260260260248,0.19847758636658328,0.1,0.46,0.10419709146344741","0,0,0"
