travel_time,id,kind,action,origin,destination,start_time,income,urgency,reward,observation,cost_table
26.033333333333335,147,AV,0,0,0,38,2496.2043409386315,0.8,-30.93511111111111,"0.2525212121212121,0.136948717948718,0.17068253968253966,0.8,0.38,0.12333495093088893","0,0,0"
5.35,101,AV,0,0,0,2,1628.9397076974285,0.4,-30.93511111111111,"0.051333333333333335,0.06944444444444445,0.10308333333333333,0.4,0.02,0.0804842759157665","0,0,0"
38.18333333333333,2,AV,0,0,0,47,437.5592869272848,0.1,-30.935111111111116,"0.39002898550724635,0.1788243243243243,0.21204136253041359,0.1,0.47,0.021619365168734063","0,0,0"
14.483333333333333,222,AV,1,0,0,38,4416.224882412617,0.4,-30.935111111111116,"0.2525212121212121,0.136948717948718,0.17068253968253966,0.4,0.38,0.21820123867235977","0,0,0"
15.95,22,AV,2,0,0,36,632.5893922142865,0.1,-30.93511111111111,"0.20251884057971012,0.12460634920634922,0.15938472222222222,0.1,0.36,0.031255606910295004","0,0,0"
17.566666666666666,89,AV,2,0,0,40,1526.0895405694364,0.3,-30.935111111111116,"0.28444100294985253,0.14664583333333334,0.1809083969465649,0.3,0.4,0.07540255239340664","0,0,0"
21.55,84,AV,1,0,0,52,1460.106853854364,0.4,-30.93511111111111,"0.48533190883190885,0.21025389408099693,0.24473419540229888,0.4,0.52,0.07214241407266661","0,0,0"
11.9,254,AV,0,0,0,27,5654.280440205098,0.8,-30.93511111111111,"0.08865362318840578,0.08779371584699454,0.12206310679611652,0.8,0.27,0.2793723210896882","0,0,0"
19.733333333333334,190,AV,1,0,0,48,3476.696831582168,0.3,-30.93511111111111,"0.4056290849673202,0.1853903903903904,0.22022440944881896,0.3,0.48,0.1717801007282623","0,0,0"
27.65,208,AV,0,0,0,40,4061.843573313689,0.3,-30.93511111111111,"0.28444100294985253,0.14664583333333334,0.1809083969465649,0.3,0.4,0.20069161389857007","0,0,0"
27.333333333333332,63,AV,2,0,0,54,1074.3823512953045,0.2,-30.93511111111111,"0.5144983974358974,0.22086082474226806,0.2566834532374101,0.2,0.54,0.05308415357061393","0,0,0"
16.566666666666666,207,AV,2,0,0,38,4021.28082322038,0.1,-30.93511111111111,"0.2525212121212121,0.136948717948718,0.17068253968253966,0.1,0.38,0.19868744913115402","0,0,0"
71.31666666666666,133,AV,0,0,0,63,2222.040577514192,0.2,-30.93511111111111,"0.6804102564102564,0.26937237237237244,0.3031547619047619,0.2,0.63,0.1097887945708426","0,0,0"
22.583333333333332,109,AV,0,0,0,36,1782.711710770346,0.1,-30.93511111111111,"0.20251884057971012,0.12460634920634922,0.15938472222222222,0.1,0.36,0.08808199623958074","0,0,0"
32.833333333333336,41,AV,0,0,0,43,827.3783452591958,0.1,-30.93511111111111,"0.3181558641975308,0.15824474474474473,0.1925771349862259,0.1,0.43,0.040879933561629736","0,0,0"
29.466666666666665,266,AV,2,0,0,62,6446.254396158338,0.4,-30.93511111111111,"0.6730470430107526,0.26693657817109145,0.3000695792880259,0.4,0.62,0.31850295931272143","0,0,0"
19.816666666666666,29,AV,2,0,0,44,742.4887258523852,0.7,-30.93511111111111,"0.3267952380952381,0.16157227138643068,0.19591256830601092,0.7,0.44,0.0366856226743472","0,0,0"
46.81666666666667,298,AV,0,0,0,50,17322.90883950548,0.6,-30.93511111111111,"0.45229059829059826,0.19865350877192983,0.2323470948012233,0.6,0.5,0.8559075379611304","0,0,0"
88.86666666666666,141,AV,0,0,0,75,2382.718205806423,0.1,-30.93511111111111,"0.8319510703363915,0.314566371681416,0.34029943502824855,0.1,0.75,0.1177277149052501","0,0,0"
33.2,268,AV,2,0,0,64,6709.13861087917,0.1,-30.93511111111111,"0.6938466076696166,0.272183908045977,0.3061336336336336,0.1,0.64,0.3314918044931234","0,0,0"
60.71666666666667,46,AV,0,0,0,59,905.8209551718018,0.2,-30.93511111111111,"0.6089249249249249,0.2526561679790026,0.28770588235294114,0.2,0.59,0.044755704180963","0,0,0"
27.533333333333335,49,AV,2,0,0,58,938.3100494872764,0.1,-30.93511111111111,"0.5978931623931625,0.2484276485788114,0.2815957446808511,0.1,0.58,0.04636095772029518","0,0,0"
14.533333333333333,137,AV,1,0,0,38,2276.662146114732,0.1,-30.935111111111116,"0.2525212121212121,0.136948717948718,0.17068253968253966,0.1,0.38,0.1124875914492194","0,0,0"
16.7,98,AV,1,0,0,42,1592.2311391495805,0.6,-30.935111111111116,"0.3029235474006116,0.15334276729559748,0.18676133333333336,0.6,0.42,0.07867054238989274","0,0,0"
39.81666666666667,95,AV,0,0,0,47,1572.8756307612184,0.9,-30.93511111111111,"0.39002898550724635,0.1788243243243243,0.21204136253041359,0.9,0.47,0.07771420614843609","0,0,0"
24.133333333333333,251,AV,0,0,0,36,5480.041794665195,0.1,-30.93511111111111,"0.20251884057971012,0.12460634920634922,0.15938472222222222,0.1,0.36,0.27076336450488875","0,0,0"
21.216666666666665,228,AV,1,0,0,50,4549.115907877681,0.7,-30.93511111111111,"0.45229059829059826,0.19865350877192983,0.2323470948012233,0.7,0.5,0.22476725085176577","0,0,0"
15.716666666666667,110,AV,2,0,0,31,1804.2001824470888,0.1,-30.93511111111111,"0.14296060606060604,0.10645041322314051,0.14162691131498473,0.1,0.31,0.08914372005616313","0,0,0"
6.783333333333333,239,AV,0,0,0,21,4843.3187157075145,0.1,-30.93511111111111,"0.060970430107526875,0.07805277777777778,0.11353333333333333,0.1,0.21,0.23930351628177382","0,0,0"
43.35,131,AV,0,0,0,49,2212.8825544422834,0.3,-30.93511111111111,"0.42357456140350874,0.19147536231884058,0.22614264264264267,0.3,0.49,0.10933630584318776","0,0,0"
90.65,247,AV,0,0,0,77,5304.212874057136,0.4,-30.93511111111111,"0.8381476190476189,0.3157415254237289,0.3415056980056981,0.4,0.77,0.2620758340252039","0,0,0"
13.483333333333333,235,AV,2,0,0,29,4747.153558918807,0.2,-30.93511111111111,"0.11335652173913041,0.0964272486772487,0.13107070707070712,0.2,0.29,0.23455209241022626","0,0,0"
31.05,111,AV,2,0,0,64,1805.1606101798543,0.4,-30.935111111111116,"0.6938466076696166,0.272183908045977,0.3061336336336336,0.4,0.64,0.08919117382641367","0,0,0"
20.183333333333334,135,AV,1,0,0,49,2250.3510049999354,0.1,-30.93511111111111,"0.42357456140350874,0.19147536231884058,0.22614264264264267,0.1,0.49,0.11118758437643748","0,0,0"
12.733333333333333,206,AV,2,0,0,27,3987.5502105766736,0.4,-30.93511111111111,"0.08865362318840578,0.08779371584699454,0.12206310679611652,0.4,0.27,0.19702085341739287","0,0,0"
19.316666666666666,280,AV,1,0,0,48,8987.033628468456,0.9,-30.93511111111111,"0.4056290849673202,0.1853903903903904,0.22022440944881896,0.9,0.48,0.4440403108844108","0,0,0"
45.28333333333333,73,AV,0,0,0,49,1234.5997004771,0.2,-30.935111111111116,"0.42357456140350874,0.19147536231884058,0.22614264264264267,0.2,0.49,0.06100033197617807","0,0,0"
8.7,117,AV,1,0,0,26,1945.516475481125,0.4,-30.93511111111111,"0.07966525423728811,0.08524137931034483,0.1192122641509434,0.4,0.26,0.09612601624932422","0,0,0"
16.583333333333332,28,AV,1,0,0,39,682.056612603955,0.3,-30.935111111111116,"0.277051724137931,0.1451486928104575,0.17765573770491805,0.3,0.39,0.033699732617228556","0,0,0"
28.616666666666667,112,AV,1,0,0,67,1836.592480640456,0.4,-30.93511111111111,"0.7368884297520663,0.28589327485380117,0.3202873015873016,0.4,0.67,0.09074419099626069","0,0,0"
81.9,114,AV,0,0,0,69,1900.764377468582,0.2,-30.93511111111111,"0.7681571815718158,0.2920416666666667,0.32615873015873015,0.2,0.69,0.09391486000625965","0,0,0"
76.56666666666666,45,AV,0,0,0,65,902.2448599555772,0.4,-30.93511111111111,"0.7172663817663819,0.28088349514563105,0.31532638888888886,0.4,0.65,0.04457901290582028","0,0,0"
90.48333333333333,234,AV,0,0,0,75,4689.4303597647895,0.1,-30.93511111111111,"0.8319510703363915,0.314566371681416,0.34029943502824855,0.1,0.75,0.2317000470794511","0,0,0"
34.25,1,AV,2,0,0,72,424.9057127261393,0.4,-30.93511111111111,"0.8127850877192982,0.30692628205128203,0.3356789617486339,0.4,0.72,0.02099416476842877","0,0,0"
19.583333333333332,143,AV,2,0,0,40,2398.572127464108,0.3,-30.93511111111111,"0.28444100294985253,0.14664583333333334,0.1809083969465649,0.3,0.4,0.11851104126104732","0,0,0"
17.05,240,AV,0,0,0,34,4864.205776554158,0.8,-30.93511111111111,"0.16309116809116808,0.11416666666666668,0.15092156862745099,0.8,0.34,0.24033552499290464","0,0,0"
28.783333333333335,274,AV,2,0,0,56,7612.519032757181,0.3,-30.935111111111116,"0.5537238095238095,0.23378160919540236,0.2673473389355742,0.3,0.56,0.3761269243737155","0,0,0"
25.866666666666667,209,AV,1,0,0,60,4113.319853961603,0.7,-30.935111111111116,"0.6340564971751411,0.25666526610644264,0.28973139158576056,0.7,0.6,0.20323500525627752","0,0,0"
92.3,216,AV,0,0,0,84,4227.85786318916,0.5,-30.935111111111116,"0.8492393162393163,0.31956140350877194,0.34919418960244647,0.5,0.84,0.2088942133251532","0,0,0"
18.766666666666666,277,AV,2,0,0,38,8326.33528790118,0.5,-30.935111111111116,"0.2525212121212121,0.136948717948718,0.17068253968253966,0.5,0.38,0.41139586905023645","0,0,0"
18.45,174,AV,2,0,0,37,3017.17067826153,0.1,-30.93511111111111,"0.22495454545454546,0.13034250764525995,0.16500275482093663,0.1,0.37,0.14907537474018487","0,0,0"
17.2,270,AV,0,0,0,34,7177.938863287724,0.4,-30.93511111111111,"0.16309116809116808,0.11416666666666668,0.15092156862745099,0.4,0.34,0.35465475440829575","0,0,0"
24.483333333333334,288,AV,1,0,0,57,11185.875164713363,0.3,-30.935111111111116,"0.575510840108401,0.24234472934472928,0.27588500000000005,0.3,0.57,0.5526828641120808","0,0,0"
32.55,97,AV,1,0,0,84,1587.6148581174584,0.1,-30.93511111111111,"0.8492393162393163,0.31956140350877194,0.34919418960244647,0.1,0.84,0.07844245657766878","0,0,0"
30.216666666666665,93,AV,2,0,0,58,1530.6528609905624,0.3,-30.93511111111111,"0.5978931623931625,0.2484276485788114,0.2815957446808511,0.3,0.58,0.07562802147500029","0,0,0"
31.05,269,AV,1,0,0,72,6947.27484286379,0.1,-30.93511111111111,"0.8127850877192982,0.30692628205128203,0.3356789617486339,0.1,0.72,0.3432578766872154","0,0,0"
12.4,156,AV,1,0,0,31,2756.9260540590044,0.4,-30.93511111111111,"0.14296060606060604,0.10645041322314051,0.14162691131498473,0.4,0.31,0.1362169490778143","0,0,0"
25.916666666666668,281,AV,1,0,0,59,8987.822610831106,0.2,-30.93511111111111,"0.6089249249249249,0.2526561679790026,0.28770588235294114,0.2,0.59,0.4440792937110115","0,0,0"
10.266666666666667,292,AV,1,0,0,25,13079.31179296209,0.2,-30.93511111111111,"0.07107870370370371,0.08176121794871795,0.11552659574468088,0.2,0.25,0.6462356673845856","0,0,0"
60.8,182,AV,0,0,0,59,3245.380745418587,0.8,-30.935111111111116,"0.6089249249249249,0.2526561679790026,0.28770588235294114,0.8,0.59,0.16035100509349434","0,0,0"
31.35,295,AV,1,0,0,77,13748.957190518822,0.2,-30.93511111111111,"0.8381476190476189,0.3157415254237289,0.3415056980056981,0.2,0.77,0.6793221743240372","0,0,0"
15.666666666666666,195,AV,2,0,0,28,3654.013033637752,0.2,-30.93511111111111,"0.09534615384615382,0.09008750000000001,0.12323786407766994,0.2,0.28,0.18054111629141673","0,0,0"
13.033333333333333,53,AV,1,0,0,37,979.573716991658,0.7,-30.93511111111111,"0.22495454545454546,0.13034250764525995,0.16500275482093663,0.7,0.37,0.048399754113449336","0,0,0"
12.566666666666666,255,AV,2,0,0,14,5825.994272151124,0.9,-30.93511111111111,"0.05411827956989246,0.07271333333333334,0.11014367816091955,0.9,0.14,0.28785652916908544","0,0,0"
15.883333333333333,257,AV,2,0,0,34,5862.8833826120845,0.1,-30.935111111111116,"0.16309116809116808,0.11416666666666668,0.15092156862745099,0.1,0.34,0.28967918308966784","0,0,0"
13.016666666666667,152,AV,1,0,0,35,2648.588416164911,0.1,-30.93511111111111,"0.18604336043360434,0.12079166666666667,0.15694247787610618,0.1,0.35,0.13086409513292768","0,0,0"
73.3,74,AV,0,0,0,64,1261.43865123121,0.1,-30.93511111111111,"0.6938466076696166,0.272183908045977,0.3061336336336336,0.1,0.64,0.06232641759345169","0,0,0"
39.85,122,AV,0,0,0,47,2033.019749384408,0.3,-30.93511111111111,"0.39002898550724635,0.1788243243243243,0.21204136253041359,0.3,0.47,0.10044946518183244","0,0,0"
11.283333333333333,129,AV,1,0,0,31,2158.6935677652164,0.1,-30.93511111111111,"0.14296060606060604,0.10645041322314051,0.14162691131498473,0.1,0.31,0.10665888240344744","0,0,0"
27.016666666666666,154,AV,2,0,0,52,2744.255474143275,0.1,-30.93511111111111,"0.48533190883190885,0.21025389408099693,0.24473419540229888,0.1,0.52,0.13559090844222083","0,0,0"
22.116666666666667,168,AV,1,0,0,54,2909.5116230827134,0.2,-30.93511111111111,"0.5144983974358974,0.22086082474226806,0.2566834532374101,0.2,0.54,0.14375604888613547","0,0,0"
64.43333333333334,32,AV,0,0,0,60,761.8437659652793,0.1,-30.935111111111116,"0.6340564971751411,0.25666526610644264,0.28973139158576056,0.1,0.6,0.03764193577878302","0,0,0"
26.083333333333332,140,AV,2,0,0,53,2347.541384251396,0.1,-30.93511111111111,"0.5067704402515723,0.21654716981132072,0.25205338541666666,0.1,0.53,0.11598966346080683","0,0,0"
7.383333333333334,199,AV,1,0,0,16,3783.636689084741,0.9,-30.935111111111116,"0.05878030303030303,0.07703623188405798,0.11384057971014494,0.9,0.16,0.18694569099783895","0,0,0"
26.15,173,AV,1,0,0,60,2996.640782499388,0.2,-30.935111111111116,"0.6340564971751411,0.25666526610644264,0.28973139158576056,0.2,0.6,0.14806101319737625","0,0,0"
18.9,244,AV,2,0,0,39,4950.268578812107,0.2,-30.93511111111111,"0.277051724137931,0.1451486928104575,0.17765573770491805,0.2,0.39,0.24458780166728444","0,0,0"
20.833333333333332,26,AV,1,0,0,49,658.4091024775607,0.2,-30.93511111111111,"0.42357456140350874,0.19147536231884058,0.22614264264264267,0.2,0.49,0.032531332877974904","0,0,0"
20.55,78,AV,0,0,0,35,1323.5149786113286,0.2,-30.93511111111111,"0.18604336043360434,0.12079166666666667,0.15694247787610618,0.2,0.35,0.06539354662044386","0,0,0"
59.1,17,AV,0,0,0,57,600.3305173079323,0.1,-30.935111111111116,"0.575510840108401,0.24234472934472928,0.27588500000000005,0.1,0.57,0.029661728280885674","0,0,0"
81.86666666666666,35,AV,0,0,0,71,777.0630287344238,0.8,-30.935111111111116,"0.7889037940379404,0.2977514880952381,0.3339428571428572,0.8,0.71,0.03839390427593374","0,0,0"
35.016666666666666,249,AV,2,0,0,70,5341.061461458292,0.2,-30.93511111111111,"0.771588888888889,0.2936224188790561,0.32711214953271034,0.2,0.7,0.26389648574207625","0,0,0"
13.733333333333333,19,AV,1,0,0,37,616.3739675020589,0.3,-30.935111111111116,"0.22495454545454546,0.13034250764525995,0.16500275482093663,0.3,0.37,0.030454419051430016","0,0,0"
14.8,90,AV,2,0,0,30,1527.6889462703334,0.1,-30.93511111111111,"0.13008779761904762,0.10192349726775957,0.13754245283018868,0.1,0.3,0.07548157742369105","0,0,0"
33.583333333333336,82,AV,2,0,0,70,1447.5744631551047,0.2,-30.93511111111111,"0.771588888888889,0.2936224188790561,0.32711214953271034,0.2,0.7,0.07152320122755207","0,0,0"
30.933333333333334,96,AV,1,0,0,70,1573.7150367511856,0.3,-30.93511111111111,"0.771588888888889,0.2936224188790561,0.32711214953271034,0.3,0.7,0.07775568035585004","0,0,0"
26.133333333333333,256,AV,2,0,0,55,5849.7981009167725,0.2,-30.93511111111111,"0.535967289719626,0.22951246105919,0.2636005291005291,0.2,0.55,0.28903265245540044","0,0,0"
33.61666666666667,246,AV,2,0,0,65,5064.807770076448,0.6,-30.93511111111111,"0.7172663817663819,0.28088349514563105,0.31532638888888886,0.6,0.65,0.25024706813941117","0,0,0"
20.216666666666665,123,AV,1,0,0,47,2078.9202215407213,0.1,-30.93511111111111,"0.39002898550724635,0.1788243243243243,0.21204136253041359,0.1,0.47,0.10271736143866485","0,0,0"
30.866666666666667,273,AV,1,0,0,73,7511.51421120444,0.1,-30.93511111111111,"0.8270778816199376,0.3121933962264151,0.3404107611548556,0.1,0.73,0.3711363775239707","0,0,0"
31.116666666666667,102,AV,1,0,0,71,1635.9686818612918,0.3,-30.93511111111111,"0.7889037940379404,0.2977514880952381,0.3339428571428572,0.3,0.71,0.08083157047389894","0,0,0"
16.866666666666667,191,AV,1,0,0,44,3523.1638559153366,0.4,-30.93511111111111,"0.3267952380952381,0.16157227138643068,0.19591256830601092,0.4,0.44,0.1740759897594787","0,0,0"
13.65,136,AV,0,0,0,29,2255.9253983027734,0.1,-30.93511111111111,"0.11335652173913041,0.0964272486772487,0.13107070707070712,0.1,0.29,0.11146300955425625","0,0,0"
32.86666666666667,47,AV,0,0,0,44,913.5589076746268,0.1,-30.93511111111111,"0.3267952380952381,0.16157227138643068,0.19591256830601092,0.1,0.44,0.04513802864718944","0,0,0"
26.966666666666665,128,AV,1,0,0,60,2139.4702648744856,0.3,-30.93511111111111,"0.6340564971751411,0.25666526610644264,0.28973139158576056,0.3,0.6,0.10570907830292801","0,0,0"
26.95,287,AV,1,0,0,63,11049.706566164488,0.4,-30.93511111111111,"0.6804102564102564,0.26937237237237244,0.3031547619047619,0.4,0.63,0.5459549103364543","0,0,0"
8.116666666666667,210,AV,1,0,0,21,4116.183110063293,0.4,-30.93511111111111,"0.060970430107526875,0.07805277777777778,0.11353333333333333,0.4,0.21,0.2033764758662804","0,0,0"
85.23333333333333,232,AV,0,0,0,72,4660.29795945294,0.4,-30.93511111111111,"0.8127850877192982,0.30692628205128203,0.3356789617486339,0.4,0.72,0.23026064442157015","0,0,0"
19.316666666666666,299,AV,2,0,0,44,20239.22920549412,0.4,-30.93511111111111,"0.3267952380952381,0.16157227138643068,0.19591256830601092,0.4,0.44,1.0","0,0,0"
64.36666666666666,43,AV,0,0,0,60,857.6590975250949,0.7,-30.93511111111111,"0.6340564971751411,0.25666526610644264,0.28973139158576056,0.7,0.6,0.04237607513690668","0,0,0"
10.95,263,AV,1,0,0,29,6130.868263041086,0.4,-30.93511111111111,"0.11335652173913041,0.0964272486772487,0.13107070707070712,0.4,0.29,0.3029200470429381","0,0,0"
8.55,23,AV,1,0,0,25,636.6552097563458,0.1,-30.93511111111111,"0.07107870370370371,0.08176121794871795,0.11552659574468088,0.1,0.25,0.03145649487400044","0,0,0"
35.3,5,AV,2,0,0,68,491.0984231068265,0.1,-30.93511111111111,"0.7481735537190082,0.2880862068965518,0.32317961165048553,0.1,0.68,0.024264680147676444","0,0,0"
27.35,291,AV,2,0,0,53,12051.378145129962,0.2,-30.93511111111111,"0.5067704402515723,0.21654716981132072,0.25205338541666666,0.2,0.53,0.5954464976293913","0,0,0"
18.6,172,AV,1,0,0,46,2991.769966736588,0.1,-30.93511111111111,"0.3803921568627451,0.17544393939393943,0.210083908045977,0.1,0.46,0.14782035107959768","0,0,0"
34.516666666666666,243,AV,0,0,0,44,4925.450001742355,0.8,-30.935111111111116,"0.3267952380952381,0.16157227138643068,0.19591256830601092,0.8,0.44,0.24336154068581314","0,0,0"
16.983333333333334,44,AV,2,0,0,30,898.3728471886773,0.4,-30.935111111111116,"0.13008779761904762,0.10192349726775957,0.13754245283018868,0.4,0.3,0.044387700641524724","0,0,0"
7.383333333333334,160,AV,1,0,0,11,2780.081336731352,0.1,-30.935111111111116,"0.05219047619047619,0.07055882352941176,0.10793589743589743,0.1,0.11,0.1373610283526348","0,0,0"
35.31666666666667,233,AV,2,0,0,81,4687.914961676448,0.1,-30.93511111111111,"0.8472711864406779,0.31811396011396015,0.3471285714285715,0.1,0.81,0.23162517278098077","0,0,0"
34.85,237,AV,2,0,0,86,4756.448820673547,0.4,-30.93511111111111,"0.8603692528735631,0.3214085545722714,0.3515660660660661,0.4,0.86,0.23501136196344702","0,0,0"
15.3,8,AV,1,0,0,38,508.6019702527906,0.1,-30.93511111111111,"0.2525212121212121,0.136948717948718,0.17068253968253966,0.1,0.38,0.025129512843044734","0,0,0"
27.833333333333332,62,AV,2,0,0,52,1059.8377785859489,0.1,-30.93511111111111,"0.48533190883190885,0.21025389408099693,0.24473419540229888,0.1,0.52,0.052365520832099985","0,0,0"
25.883333333333333,229,AV,1,0,0,58,4609.601315671212,0.1,-30.93511111111111,"0.5978931623931625,0.2484276485788114,0.2815957446808511,0.1,0.58,0.2277557741388637","0,0,0"
29.666666666666668,55,AV,2,0,0,60,1011.0784796502788,0.1,-30.93511111111111,"0.6340564971751411,0.25666526610644264,0.28973139158576056,0.1,0.6,0.04995637281363524","0,0,0"
28.133333333333333,165,AV,2,0,0,57,2853.537244729806,0.4,-30.93511111111111,"0.575510840108401,0.24234472934472928,0.27588500000000005,0.4,0.57,0.14099041103577145","0,0,0"
27.766666666666666,92,AV,2,0,0,59,1530.0661682302475,0.4,-30.93511111111111,"0.6089249249249249,0.2526561679790026,0.28770588235294114,0.4,0.59,0.07559903357460358","0,0,0"
8.366666666666667,189,AV,0,0,0,22,3465.4556083993225,0.4,-30.93511111111111,"0.06605487804878049,0.08016041666666668,0.1145767543859649,0.4,0.22,0.17122468317412964","0,0,0"
10.75,186,AV,2,0,0,15,3386.12741774329,0.1,-30.93511111111111,"0.0557824074074074,0.07567676767676766,0.11201010101010102,0.1,0.15,0.16730515689916173","0,0,0"
53.916666666666664,24,AV,0,0,0,56,640.5426603936758,0.3,-30.93511111111111,"0.5537238095238095,0.23378160919540236,0.2673473389355742,0.3,0.56,0.03164856990797825","0,0,0"
16.733333333333334,68,AV,2,0,0,36,1129.1321270070612,0.2,-30.93511111111111,"0.20251884057971012,0.12460634920634922,0.15938472222222222,0.2,0.36,0.05578928503366858","0,0,0"
26.0,33,AV,2,0,0,55,767.6170681366935,0.1,-30.93511111111111,"0.535967289719626,0.22951246105919,0.2636005291005291,0.1,0.55,0.03792718884414417","0,0,0"
19.416666666666668,148,AV,1,0,0,48,2520.757475212996,0.8,-30.93511111111111,"0.4056290849673202,0.1853903903903904,0.22022440944881896,0.8,0.48,0.12454809665027725","0,0,0"
24.533333333333335,278,AV,1,0,0,57,8493.635575370567,0.2,-30.93511111111111,"0.575510840108401,0.24234472934472928,0.27588500000000005,0.2,0.57,0.41966200832712014","0,0,0"
62.5,283,AV,0,0,0,59,9667.367812467324,0.1,-30.93511111111111,"0.6089249249249249,0.2526561679790026,0.28770588235294114,0.1,0.59,0.4776549400331427","0,0,0"
26.8,115,AV,2,0,0,55,1927.298426803608,0.9,-30.93511111111111,"0.535967289719626,0.22951246105919,0.2636005291005291,0.9,0.55,0.09522588075045987","0,0,0"
35.38333333333333,65,AV,2,0,0,85,1089.3140785512585,0.2,-30.935111111111116,"0.8564660766961653,0.3209425287356322,0.350972972972973,0.2,0.85,0.05382191522667051","0,0,0"
10.283333333333333,276,AV,1,0,0,28,8029.700924090037,0.1,-30.93511111111111,"0.09534615384615382,0.09008750000000001,0.12323786407766994,0.1,0.28,0.39673946287985623","0,0,0"
11.816666666666666,20,AV,2,0,0,20,626.2908344343901,0.7,-30.93511111111111,"0.06008653846153848,0.07703125,0.11309119496855345,0.7,0.2,0.030944401492541913","0,0,0"
27.05,192,AV,2,0,0,54,3558.5090095449787,0.1,-30.93511111111111,"0.5144983974358974,0.22086082474226806,0.2566834532374101,0.1,0.54,0.17582235832276605","0,0,0"
85.38333333333334,221,AV,0,0,0,72,4376.119511966378,0.9,-30.935111111111116,"0.8127850877192982,0.30692628205128203,0.3356789617486339,0.9,0.72,0.2162196725742125","0,0,0"
21.45,14,AV,1,0,0,51,583.3206434887895,0.9,-30.93511111111111,"0.46829810298102975,0.20484084084084084,0.2390864779874214,0.9,0.51,0.028821287489073047","0,0,0"
6.733333333333333,296,AV,0,0,0,20,15387.119225735782,0.1,-30.93511111111111,"0.06008653846153848,0.07703125,0.11309119496855345,0.1,0.2,0.7602621161856702","0,0,0"
29.4,21,AV,0,0,0,42,627.4062491148882,0.2,-30.93511111111111,"0.3029235474006116,0.15334276729559748,0.18676133333333336,0.2,0.42,0.0309995130123124","0,0,0"
27.716666666666665,12,AV,1,0,0,62,567.9518330451218,0.3,-30.93511111111111,"0.6730470430107526,0.26693657817109145,0.3000695792880259,0.3,0.62,0.028061929991431995","0,0,0"
55.666666666666664,196,AV,0,0,0,56,3724.6301341612702,0.3,-30.93511111111111,"0.5537238095238095,0.23378160919540236,0.2673473389355742,0.3,0.56,0.1840302363466582","0,0,0"
26.2,231,AV,2,0,0,54,4645.51881630073,0.1,-30.93511111111111,"0.5144983974358974,0.22086082474226806,0.2566834532374101,0.1,0.54,0.2295304217929239","0,0,0"
18.95,183,AV,1,0,0,46,3323.1633986738134,0.9,-30.935111111111116,"0.3803921568627451,0.17544393939393943,0.210083908045977,0.9,0.46,0.16419416791681526","0,0,0"
22.666666666666668,250,AV,0,0,0,35,5354.15698790508,0.2,-30.93511111111111,"0.18604336043360434,0.12079166666666667,0.15694247787610618,0.2,0.35,0.26454352255923097","0,0,0"
67.76666666666667,242,AV,0,0,0,61,4924.983441788647,0.5,-30.93511111111111,"0.6568742937853108,0.26272176308539946,0.2949785478547855,0.5,0.61,0.24333848842680805","0,0,0"
36.25,145,AV,0,0,0,45,2472.005569054355,0.8,-30.93511111111111,"0.35716479400749057,0.16866807909604517,0.20296616541353385,0.8,0.45,0.12213931390150505","0,0,0"
8.533333333333333,285,AV,0,0,0,24,10751.672106064549,0.3,-30.93511111111111,"0.07020192307692309,0.08087543859649124,0.11490740740740742,0.3,0.24,0.5312293268137855","0,0,0"
11.483333333333333,267,AV,1,0,0,32,6563.608435155774,0.4,-30.93511111111111,"0.1547250712250712,0.11107669616519172,0.14980151515151516,0.4,0.32,0.3243013045859485","0,0,0"
11.9,166,AV,0,0,0,26,2857.8751728516777,0.3,-30.93511111111111,"0.07966525423728811,0.08524137931034483,0.1192122641509434,0.3,0.26,0.14120474371009553","0,0,0"
55.71666666666667,134,AV,0,0,0,56,2239.194506681481,0.6,-30.93511111111111,"0.5537238095238095,0.23378160919540236,0.2673473389355742,0.6,0.56,0.11063635299281217","0,0,0"
62.7,286,AV,0,0,0,59,10783.100237376317,0.3,-30.93511111111111,"0.6089249249249249,0.2526561679790026,0.28770588235294114,0.3,0.59,0.5327821592360418","0,0,0"
21.6,64,AV,1,0,0,51,1083.524948441525,0.3,-30.93511111111111,"0.46829810298102975,0.20484084084084084,0.2390864779874214,0.3,0.51,0.053535880118764236","0,0,0"
24.166666666666668,214,AV,2,0,0,51,4200.245935785981,0.3,-30.93511111111111,"0.46829810298102975,0.20484084084084084,0.2390864779874214,0.3,0.51,0.2075299357075212","0,0,0"
19.3,159,AV,1,0,0,47,2767.495209174315,0.8,-30.93511111111111,"0.39002898550724635,0.1788243243243243,0.21204136253041359,0.8,0.47,0.1367391604233156","0,0,0"
28.65,170,AV,1,0,0,68,2946.490055333797,0.4,-30.93511111111111,"0.7481735537190082,0.2880862068965518,0.32317961165048553,0.4,0.68,0.1455831161067115","0,0,0"
23.766666666666666,36,AV,1,0,0,55,779.0639592631991,0.1,-30.93511111111111,"0.535967289719626,0.22951246105919,0.2636005291005291,0.1,0.55,0.0384927682449347","0,0,0"
16.45,124,AV,2,0,0,34,2105.159940183184,0.4,-30.93511111111111,"0.16309116809116808,0.11416666666666668,0.15092156862745099,0.4,0.34,0.10401383959877876","0,0,0"
26.016666666666666,144,AV,2,0,0,52,2421.0391237858234,0.1,-30.93511111111111,"0.48533190883190885,0.21025389408099693,0.24473419540229888,0.1,0.52,0.1196211129981477","0,0,0"
10.2,175,AV,0,0,0,25,3031.4508351358254,0.2,-30.93511111111111,"0.07107870370370371,0.08176121794871795,0.11552659574468088,0.2,0.25,0.14978094295769478","0,0,0"
18.566666666666666,289,AV,1,0,0,45,11515.391842589095,0.3,-30.93511111111111,"0.35716479400749057,0.16866807909604517,0.20296616541353385,0.3,0.45,0.5689639524149042","0,0,0"
88.98333333333333,54,AV,0,0,0,74,985.0802174553831,0.2,-30.93511111111111,"0.8273611111111113,0.3137772585669782,0.3402199999999999,0.2,0.74,0.04867182477423469","0,0,0"
24.666666666666668,121,AV,2,0,0,49,2030.86588445069,0.1,-30.93511111111111,"0.42357456140350874,0.19147536231884058,0.22614264264264267,0.1,0.49,0.10034304487739054","0,0,0"
12.966666666666667,188,AV,1,0,0,34,3458.1247672483346,0.1,-30.93511111111111,"0.16309116809116808,0.11416666666666668,0.15092156862745099,0.1,0.34,0.17086247367116114","0,0,0"
31.783333333333335,161,AV,2,0,0,65,2797.307504072895,0.6,-30.93511111111111,"0.7172663817663819,0.28088349514563105,0.31532638888888886,0.6,0.65,0.13821215599028547","0,0,0"
17.9,230,AV,1,0,0,45,4635.813442599864,0.1,-30.93511111111111,"0.35716479400749057,0.16866807909604517,0.20296616541353385,0.1,0.45,0.22905088902009327","0,0,0"
52.233333333333334,217,AV,0,0,0,55,4237.057085974603,0.1,-30.93511111111111,"0.535967289719626,0.22951246105919,0.2636005291005291,0.1,0.55,0.20934873768929974","0,0,0"
74.85,204,AV,0,0,0,64,3919.41152379869,0.6,-30.93511111111111,"0.6938466076696166,0.272183908045977,0.3061336336336336,0.6,0.64,0.1936541892976206","0,0,0"
57.6,80,AV,0,0,0,56,1386.7650627050614,0.3,-30.93511111111111,"0.5537238095238095,0.23378160919540236,0.2673473389355742,0.3,0.56,0.0685186697885022","0,0,0"
12.333333333333334,142,AV,1,0,0,33,2392.7441380289174,0.1,-30.93511111111111,"0.15712021857923497,0.11213707165109037,0.1503228228228228,0.1,0.33,0.1182230861528751","0,0,0"
45.28333333333333,59,AV,0,0,0,49,1025.7249596144625,0.3,-30.93511111111111,"0.42357456140350874,0.19147536231884058,0.22614264264264267,0.3,0.49,0.050680040687321244","0,0,0"
20.416666666666668,76,AV,1,0,0,49,1297.4303329633815,0.3,-30.93511111111111,"0.42357456140350874,0.19147536231884058,0.22614264264264267,0.3,0.49,0.06410473046133508","0,0,0"
15.666666666666666,86,AV,2,0,0,36,1503.4428459110418,0.1,-30.93511111111111,"0.20251884057971012,0.12460634920634922,0.15938472222222222,0.1,0.36,0.07428360194186243","0,0,0"
33.8,0,AV,2,0,0,70,388.2787303527966,0.2,-30.93511111111111,"0.771588888888889,0.2936224188790561,0.32711214953271034,0.2,0.7,0.01918446233354553","0,0,0"
19.266666666666666,245,AV,1,0,0,46,4959.361066312568,0.1,-30.93511111111111,"0.3803921568627451,0.17544393939393943,0.210083908045977,0.1,0.46,0.24503705234813514","0,0,0"
32.766666666666666,198,AV,1,0,0,87,3778.090807703549,0.4,-30.93511111111111,"0.8616159420289854,0.321562865497076,0.35185585585585594,0.4,0.87,0.18667167456544997","0,0,0"
15.533333333333333,238,AV,2,0,0,28,4818.617258984985,0.4,-30.93511111111111,"0.09534615384615382,0.09008750000000001,0.12323786407766994,0.4,0.28,0.2380830420990997","0,0,0"
15.566666666666666,150,AV,2,0,0,35,2538.843693606908,0.6,-30.93511111111111,"0.18604336043360434,0.12079166666666667,0.15694247787610618,0.6,0.35,0.12544171854715278","0,0,0"
68.0,83,AV,0,0,0,61,1454.957177165027,0.4,-30.93511111111111,"0.6568742937853108,0.26272176308539946,0.2949785478547855,0.4,0.61,0.07188797371641335","0,0,0"
10.233333333333333,178,AV,0,0,0,25,3097.4575811220984,0.2,-30.93511111111111,"0.07107870370370371,0.08176121794871795,0.11552659574468088,0.2,0.25,0.15304227002287546","0,0,0"
14.05,104,AV,2,0,0,33,1649.648602545546,0.7,-30.93511111111111,"0.15712021857923497,0.11213707165109037,0.1503228228228228,0.7,0.33,0.08150748162374356","0,0,0"
23.65,197,AV,2,0,0,51,3759.463069718096,0.3,-30.93511111111111,"0.46829810298102975,0.20484084084084084,0.2390864779874214,0.3,0.51,0.18575129672910448","0,0,0"
18.783333333333335,181,AV,0,0,0,34,3197.7177395395383,0.1,-30.93511111111111,"0.16309116809116808,0.11416666666666668,0.15092156862745099,0.1,0.34,0.15799602381455757","0,0,0"
33.61666666666667,194,AV,2,0,0,71,3608.770587345788,0.5,-30.93511111111111,"0.7889037940379404,0.2977514880952381,0.3339428571428572,0.5,0.71,0.17830573243205106","0,0,0"
30.366666666666667,37,AV,2,0,0,62,779.2240782816187,0.1,-30.93511111111111,"0.6730470430107526,0.26693657817109145,0.3000695792880259,0.1,0.62,0.038500679564916006","0,0,0"
12.55,11,AV,2,0,0,15,566.7055292848979,0.2,-30.93511111111111,"0.0557824074074074,0.07567676767676766,0.11201010101010102,0.2,0.15,0.02800035137361163","0,0,0"
10.316666666666666,13,AV,1,0,0,28,572.7967315704935,0.9,-30.93511111111111,"0.09534615384615382,0.09008750000000001,0.12323786407766994,0.9,0.28,0.02830131156452355","0,0,0"
20.7,226,AV,1,0,0,50,4547.885280126284,0.1,-30.93511111111111,"0.45229059829059826,0.19865350877192983,0.2323470948012233,0.1,0.5,0.2247064467698068","0,0,0"
4.95,176,AV,0,0,0,6,3032.1279287666234,0.1,-30.93511111111111,"0.05399999999999999,0.07169444444444445,0.1116,0.1,0.06,0.14981439747436257","0,0,0"
87.06666666666666,52,AV,0,0,0,72,978.4447105201264,0.6,-30.93511111111111,"0.8127850877192982,0.30692628205128203,0.3356789617486339,0.6,0.72,0.04834397103692658","0,0,0"
25.85,171,AV,1,0,0,57,2969.8754393798326,0.2,-30.93511111111111,"0.575510840108401,0.24234472934472928,0.27588500000000005,0.2,0.57,0.1467385644594426","0,0,0"
17.05,163,AV,1,0,0,44,2818.3733061874163,0.1,-30.93511111111111,"0.3267952380952381,0.16157227138643068,0.19591256830601092,0.1,0.44,0.13925299612805134","0,0,0"
48.916666666666664,169,AV,0,0,0,50,2909.8477340427667,0.2,-30.93511111111111,"0.45229059829059826,0.19865350877192983,0.2323470948012233,0.2,0.5,0.1437726557913017","0,0,0"
57.61666666666667,50,AV,0,0,0,56,943.1907669438916,0.1,-30.93511111111111,"0.5537238095238095,0.23378160919540236,0.2673473389355742,0.1,0.56,0.046602109070826375","0,0,0"
26.933333333333334,16,AV,1,0,0,61,595.9176043698985,0.8,-30.93511111111111,"0.6568742937853108,0.26272176308539946,0.2949785478547855,0.8,0.61,0.029443690682060725","0,0,0"
13.9,187,AV,2,0,0,29,3393.6426315430986,0.1,-30.93511111111111,"0.11335652173913041,0.0964272486772487,0.13107070707070712,0.1,0.29,0.16767647606964517","0,0,0"
31.2,91,AV,0,0,0,42,1528.3774584247917,0.1,-30.93511111111111,"0.3029235474006116,0.15334276729559748,0.18676133333333336,0.1,0.42,0.07551559611815158","0,0,0"
20.716666666666665,113,AV,2,0,0,44,1848.7234685638712,0.1,-30.93511111111111,"0.3267952380952381,0.16157227138643068,0.19591256830601092,0.1,0.44,0.09134357093312716","0,0,0"
29.583333333333332,153,AV,1,0,0,71,2675.3892374750885,0.8,-30.93511111111111,"0.7889037940379404,0.2977514880952381,0.3339428571428572,0.8,0.71,0.13218829681264888","0,0,0"
13.883333333333333,264,AV,1,0,0,36,6230.691172258436,0.2,-30.93511111111111,"0.20251884057971012,0.12460634920634922,0.15938472222222222,0.2,0.36,0.3078521967905309","0,0,0"
74.93333333333334,118,AV,0,0,0,64,1950.0200213032829,0.1,-30.93511111111111,"0.6938466076696166,0.272183908045977,0.3061336336336336,0.1,0.64,0.09634853192798135","0,0,0"
66.15,100,AV,0,0,0,60,1594.6992934726818,0.1,-30.93511111111111,"0.6340564971751411,0.25666526610644264,0.28973139158576056,0.1,0.6,0.07879249141759738","0,0,0"
23.483333333333334,79,AV,2,0,0,48,1348.5865378412918,0.1,-30.93511111111111,"0.4056290849673202,0.1853903903903904,0.22022440944881896,0.1,0.48,0.0666323071965214","0,0,0"
6.933333333333334,27,AV,1,0,0,1,676.2529471816457,0.2,-30.93511111111111,"0.0,0.0,0.0,0.2,0.01,0.033412979334117666","0,0,0"
31.133333333333333,69,AV,2,0,0,64,1141.0395517097602,0.9,-30.93511111111111,"0.6938466076696166,0.272183908045977,0.3061336336336336,0.9,0.64,0.056377618936200136","0,0,0"
29.966666666666665,241,AV,2,0,0,62,4889.272753955773,0.2,-30.93511111111111,"0.6730470430107526,0.26693657817109145,0.3000695792880259,0.2,0.62,0.24157405918544247","0,0,0"
46.81666666666667,126,AV,0,0,0,50,2108.868816674547,0.1,-30.93511111111111,"0.45229059829059826,0.19865350877192983,0.2323470948012233,0.1,0.5,0.10419709146344741","0,0,0"
21.95,25,AV,1,0,0,52,650.412147456106,0.1,-30.93511111111111,"0.48533190883190885,0.21025389408099693,0.24473419540229888,0.1,0.52,0.03213621135727569","0,0,0"
14.85,252,AV,1,0,0,38,5502.789496653042,0.8,-30.93511111111111,"0.2525212121212121,0.136948717948718,0.17068253968253966,0.8,0.38,0.27188730562719554","0,0,0"
24.866666666666667,31,AV,2,0,0,49,743.7818724069466,0.4,-30.93511111111111,"0.42357456140350874,0.19147536231884058,0.22614264264264267,0.4,0.49,0.03674951574761752","0,0,0"
24.233333333333334,290,AV,1,0,0,56,11940.25564443948,0.9,-30.93511111111111,"0.5537238095238095,0.23378160919540236,0.2673473389355742,0.9,0.56,0.5899560464090298","0,0,0"
14.033333333333333,218,AV,1,0,0,37,4266.216809230351,0.6,-30.93511111111111,"0.22495454545454546,0.13034250764525995,0.16500275482093663,0.6,0.37,0.2107894903464134","0,0,0"
36.516666666666666,88,AV,0,0,0,45,1517.942512651984,0.2,-30.93511111111111,"0.35716479400749057,0.16866807909604517,0.20296616541353385,0.2,0.45,0.07500001592155126","0,0,0"
27.65,177,AV,2,0,0,56,3064.640983136323,0.1,-30.93511111111111,"0.5537238095238095,0.23378160919540236,0.2673473389355742,0.1,0.56,0.1514208348559242","0,0,0"
16.75,215,AV,1,0,0,42,4223.122456076251,0.1,-30.93511111111111,"0.3029235474006116,0.15334276729559748,0.18676133333333336,0.1,0.42,0.20866024161284988","0,0,0"
25.283333333333335,279,AV,1,0,0,57,8981.750106371177,0.2,-30.93511111111111,"0.575510840108401,0.24234472934472928,0.27588500000000005,0.2,0.57,0.4437792573608979","0,0,0"
28.0,87,AV,2,0,0,57,1507.5005543882637,0.4,-30.935111111111116,"0.575510840108401,0.24234472934472928,0.27588500000000005,0.4,0.57,0.07448408924481369","0,0,0"
48.96666666666667,227,AV,0,0,0,50,4549.070920567666,0.1,-30.935111111111116,"0.45229059829059826,0.19865350877192983,0.2323470948012233,0.1,0.5,0.22476502807393375","0,0,0"
92.36666666666666,261,AV,0,0,0,83,6007.794801579103,0.1,-30.93511111111111,"0.8488781512605043,0.318816091954023,0.34819365079365083,0.1,0.83,0.29683911084658465","0,0,0"
32.8,106,AV,2,0,0,66,1664.0464513081895,0.3,-30.935111111111116,"0.731016081871345,0.2840952380952382,0.3181418128654971,0.3,0.66,0.08221886487932402","0,0,0"
13.116666666666667,225,AV,2,0,0,21,4504.939201911708,0.1,-30.93511111111111,"0.060970430107526875,0.07805277777777778,0.11353333333333333,0.1,0.21,0.2225845241521748","0,0,0"
23.9,297,AV,1,0,0,54,16390.717038727882,0.7,-30.93511111111111,"0.5144983974358974,0.22086082474226806,0.2566834532374101,0.7,0.54,0.8098488767684134","0,0,0"
25.933333333333334,119,AV,2,0,0,52,1986.5043233563797,0.2,-30.93511111111111,"0.48533190883190885,0.21025389408099693,0.24473419540229888,0.2,0.52,0.09815118467145603","0,0,0"
80.05,15,AV,0,0,0,67,591.6693204447811,0.2,-30.93511111111111,"0.7368884297520663,0.28589327485380117,0.3202873015873016,0.2,0.67,0.02923378723751827","0,0,0"
19.033333333333335,213,AV,1,0,0,47,4164.701887555128,0.1,-30.935111111111116,"0.39002898550724635,0.1788243243243243,0.21204136253041359,0.1,0.47,0.20577373996162773","0,0,0"
22.783333333333335,185,AV,2,0,0,46,3368.9508766880413,0.1,-30.935111111111116,"0.3803921568627451,0.17544393939393943,0.210083908045977,0.1,0.46,0.16645648124650464","0,0,0"
50.35,146,AV,0,0,0,51,2486.38103050259,0.2,-30.93511111111111,"0.46829810298102975,0.20484084084084084,0.2390864779874214,0.2,0.51,0.12284959102235175","0,0,0"
11.35,205,AV,1,0,0,30,3942.222625638348,0.8,-30.93511111111111,"0.13008779761904762,0.10192349726775957,0.13754245283018868,0.8,0.3,0.19478126294296802","0,0,0"
41.65,282,AV,0,0,0,48,9095.945853089892,0.1,-30.93511111111111,"0.4056290849673202,0.1853903903903904,0.22022440944881896,0.1,0.48,0.44942155458275634","0,0,0"
41.483333333333334,30,AV,0,0,0,47,743.7553910389753,0.9,-30.93511111111111,"0.39002898550724635,0.1788243243243243,0.21204136253041359,0.9,0.47,0.036748207329806624","0,0,0"
20.166666666666668,162,AV,1,0,0,48,2815.231094880572,0.2,-30.93511111111111,"0.4056290849673202,0.1853903903903904,0.22022440944881896,0.2,0.48,0.1390977426213619","0,0,0"
21.983333333333334,149,AV,1,0,0,53,2533.2754137277425,0.9,-30.93511111111111,"0.5067704402515723,0.21654716981132072,0.25205338541666666,0.9,0.53,0.12516659542746134","0,0,0"
86.98333333333333,224,AV,0,0,0,74,4434.023444374438,0.3,-30.93511111111111,"0.8273611111111113,0.3137772585669782,0.3402199999999999,0.3,0.74,0.21908064775365965","0,0,0"
32.2,248,AV,1,0,0,75,5307.329693361759,0.1,-30.93511111111111,"0.8319510703363915,0.314566371681416,0.34029943502824855,0.1,0.75,0.2622298329385507","0,0,0"
71.38333333333334,125,AV,0,0,0,63,2105.6010448069283,0.4,-30.93511111111111,"0.6804102564102564,0.26937237237237244,0.3031547619047619,0.4,0.63,0.104035634135481","0,0,0"
17.833333333333332,272,AV,2,0,0,37,7336.658338656486,0.1,-30.93511111111111,"0.22495454545454546,0.13034250764525995,0.16500275482093663,0.1,0.37,0.3624969243722426","0,0,0"
15.366666666666667,258,AV,2,0,0,29,5882.279762541917,0.2,-30.93511111111111,"0.11335652173913041,0.0964272486772487,0.13107070707070712,0.2,0.29,0.29063753875296394","0,0,0"
29.083333333333332,3,AV,2,0,0,58,437.8567856598078,0.7,-30.93511111111111,"0.5978931623931625,0.2484276485788114,0.2815957446808511,0.7,0.58,0.021634064282494894","0,0,0"
14.516666666666667,180,AV,1,0,0,38,3158.0604616132755,0.1,-30.935111111111116,"0.2525212121212121,0.136948717948718,0.17068253968253966,0.1,0.38,0.1560365975180513","0,0,0"
69.73333333333333,108,AV,0,0,0,61,1684.196745492046,0.3,-30.935111111111116,"0.6568742937853108,0.26272176308539946,0.2949785478547855,0.3,0.61,0.08321447068917306","0,0,0"
69.8,260,AV,0,0,0,61,5960.007005011629,0.4,-30.93511111111111,"0.6568742937853108,0.26272176308539946,0.2949785478547855,0.4,0.61,0.29447796378499097","0,0,0"
31.416666666666668,75,AV,1,0,0,72,1279.3396024785957,0.5,-30.93511111111111,"0.8127850877192982,0.30692628205128203,0.3356789617486339,0.5,0.72,0.06321088562657848","0,0,0"
21.183333333333334,105,AV,1,0,0,50,1659.6531244520008,0.4,-30.93511111111111,"0.45229059829059826,0.19865350877192983,0.2323470948012233,0.4,0.5,0.08200179500914358","0,0,0"
31.516666666666666,203,AV,1,0,0,78,3866.930621896856,0.1,-30.93511111111111,"0.8423225308641976,0.31650560224089636,0.34356784660766965,0.1,0.78,0.19106116061214143","0,0,0"
15.466666666666667,253,AV,0,0,0,33,5557.427333357366,0.1,-30.93511111111111,"0.15712021857923497,0.11213707165109037,0.1503228228228228,0.1,0.33,0.27458690629625127","0,0,0"
29.933333333333334,70,AV,1,0,0,68,1148.9174546898266,0.2,-30.93511111111111,"0.7481735537190082,0.2880862068965518,0.32317961165048553,0.2,0.68,0.05676685821503235","0,0,0"
80.33333333333333,184,AV,0,0,0,68,3352.9358316496982,0.1,-30.935111111111116,"0.7481735537190082,0.2880862068965518,0.32317961165048553,0.1,0.68,0.16566519394619603","0,0,0"
51.916666666666664,61,AV,0,0,0,54,1047.1205397958274,0.4,-30.93511111111111,"0.5144983974358974,0.22086082474226806,0.2566834532374101,0.4,0.54,0.051737174828356464","0,0,0"
24.616666666666667,34,AV,1,0,0,54,776.0711537761008,0.1,-30.93511111111111,"0.5144983974358974,0.22086082474226806,0.2566834532374101,0.1,0.54,0.03834489672983343","0,0,0"
32.43333333333333,81,AV,1,0,0,93,1446.9812594843625,0.9,-30.93511111111111,"0.8607499999999999,0.32243657817109145,0.3529781931464175,0.9,0.93,0.07149389162960644","0,0,0"
35.916666666666664,39,AV,2,0,0,79,816.2772675203604,0.2,-30.93511111111111,"0.8445394736842105,0.3173217391304348,0.3444444444444445,0.2,0.79,0.04033144045321521","0,0,0"
14.933333333333334,18,AV,1,0,0,38,601.3137559373858,0.5,-30.93511111111111,"0.2525212121212121,0.136948717948718,0.17068253968253966,0.5,0.38,0.029710309114645228","0,0,0"
20.516666666666666,40,AV,2,0,0,44,825.4433072334436,0.1,-30.93511111111111,"0.3267952380952381,0.16157227138643068,0.19591256830601092,0.1,0.44,0.040784325275063815","0,0,0"
19.033333333333335,294,AV,2,0,0,38,13460.811009378149,0.4,-30.93511111111111,"0.2525212121212121,0.136948717948718,0.17068253968253966,0.4,0.38,0.6650851607394264","0,0,0"
77.36666666666666,72,AV,0,0,0,64,1200.7903182940884,0.2,-30.93511111111111,"0.6938466076696166,0.272183908045977,0.3061336336336336,0.2,0.64,0.05932984433854443","0,0,0"
10.616666666666667,138,AV,1,0,0,28,2318.1098695731453,0.1,-30.93511111111111,"0.09534615384615382,0.09008750000000001,0.12323786407766994,0.1,0.28,0.11453548186231685","0,0,0"
31.233333333333334,71,AV,0,0,0,42,1150.4391077840953,0.1,-30.93511111111111,"0.3029235474006116,0.15334276729559748,0.18676133333333336,0.1,0.42,0.056842041567067104","0,0,0"
18.166666666666668,58,AV,1,0,0,45,1022.032321197676,0.1,-30.93511111111111,"0.35716479400749057,0.16866807909604517,0.20296616541353385,0.1,0.45,0.05049759112961852","0,0,0"
19.083333333333332,200,AV,0,0,0,34,3803.247088152212,0.5,-30.93511111111111,"0.16309116809116808,0.11416666666666668,0.15092156862745099,0.5,0.34,0.18791462113190488","0,0,0"
19.4,262,AV,2,0,0,36,6081.635477498837,0.2,-30.93511111111111,"0.20251884057971012,0.12460634920634922,0.15938472222222222,0.2,0.36,0.3004875045265025","0,0,0"
73.13333333333334,60,AV,0,0,0,63,1040.734547163155,0.2,-30.93511111111111,"0.6804102564102564,0.26937237237237244,0.3031547619047619,0.2,0.63,0.05142164934229008","0,0,0"
20.45,4,AV,1,0,0,48,449.0833195935783,0.2,-30.93511111111111,"0.4056290849673202,0.1853903903903904,0.22022440944881896,0.2,0.48,0.022188756055575014","0,0,0"
24.233333333333334,201,AV,0,0,0,37,3824.993837156676,0.1,-30.93511111111111,"0.22495454545454546,0.13034250764525995,0.16500275482093663,0.1,0.37,0.18898910617200515","0,0,0"
83.5,219,AV,0,0,0,71,4281.8327360815,0.2,-30.93511111111111,"0.7889037940379404,0.2977514880952381,0.3339428571428572,0.2,0.71,0.21156105761770602","0,0,0"
10.5,116,AV,1,0,0,29,1942.5668635563816,0.6,-30.93511111111111,"0.11335652173913041,0.0964272486772487,0.13107070707070712,0.6,0.29,0.09598027888478354","0,0,0"
78.4,275,AV,0,0,0,66,7658.5640246764915,0.2,-30.93511111111111,"0.731016081871345,0.2840952380952382,0.3181418128654971,0.2,0.66,0.37840196120697644","0,0,0"
26.366666666666667,66,AV,2,0,0,53,1100.389953660579,0.3,-30.935111111111116,"0.5067704402515723,0.21654716981132072,0.25205338541666666,0.3,0.53,0.05436916309845774","0,0,0"
29.35,139,AV,1,0,0,67,2326.172138461347,0.8,-30.93511111111111,"0.7368884297520663,0.28589327485380117,0.3202873015873016,0.8,0.67,0.11493383047561351","0,0,0"
59.06666666666667,265,AV,0,0,0,56,6427.339783247283,0.4,-30.93511111111111,"0.5537238095238095,0.23378160919540236,0.2673473389355742,0.4,0.56,0.3175684072742515","0,0,0"
17.95,85,AV,1,0,0,45,1474.807688008607,0.6,-30.93511111111111,"0.35716479400749057,0.16866807909604517,0.20296616541353385,0.6,0.45,0.07286876753232566","0,0,0"
17.133333333333333,293,AV,1,0,0,44,13351.937436366714,0.1,-30.93511111111111,"0.3267952380952381,0.16157227138643068,0.19591256830601092,0.1,0.44,0.6597058267783346","0,0,0"
16.583333333333332,51,AV,1,0,0,40,954.0002559944874,0.9,-30.93511111111111,"0.28444100294985253,0.14664583333333334,0.1809083969465649,0.9,0.4,0.04713619507483592","0,0,0"
32.03333333333333,77,AV,2,0,0,68,1310.9401185904849,0.1,-30.93511111111111,"0.7481735537190082,0.2880862068965518,0.32317961165048553,0.1,0.68,0.06477223540877823","0,0,0"
21.55,157,AV,2,0,0,43,2758.442965787371,0.1,-30.93511111111111,"0.3181558641975308,0.15824474474474473,0.1925771349862259,0.1,0.43,0.13629189816371895","0,0,0"
18.816666666666666,6,AV,2,0,0,40,497.26542980048754,0.2,-30.93511111111111,"0.28444100294985253,0.14664583333333334,0.1809083969465649,0.2,0.4,0.024569385758302514","0,0,0"
30.083333333333332,167,AV,2,0,0,59,2891.134206742707,0.2,-30.935111111111116,"0.6089249249249249,0.2526561679790026,0.28770588235294114,0.2,0.59,0.14284803919103217","0,0,0"
34.78333333333333,271,AV,0,0,0,44,7332.887514065835,0.8,-30.93511111111111,"0.3267952380952381,0.16157227138643068,0.19591256830601092,0.8,0.44,0.3623106117141683","0,0,0"
29.733333333333334,56,AV,1,0,0,71,1014.5614647146556,0.4,-30.93511111111111,"0.7889037940379404,0.2977514880952381,0.3339428571428572,0.4,0.71,0.05012846360963409","0,0,0"
43.43333333333333,130,AV,0,0,0,48,2198.5025098873134,0.4,-30.93511111111111,"0.4056290849673202,0.1853903903903904,0.22022440944881896,0.4,0.48,0.10862580227563756","0,0,0"
59.06666666666667,9,AV,0,0,0,56,541.9839687696077,0.9,-30.93511111111111,"0.5537238095238095,0.23378160919540236,0.2673473389355742,0.9,0.56,0.02677888388271631","0,0,0"
15.35,193,AV,1,0,0,38,3583.4963710051925,0.1,-30.93511111111111,"0.2525212121212121,0.136948717948718,0.17068253968253966,0.1,0.38,0.17705695877155342","0,0,0"
21.7,236,AV,2,0,0,44,4754.245589533712,0.4,-30.93511111111111,"0.3267952380952381,0.16157227138643068,0.19591256830601092,0.4,0.44,0.234902502524312","0,0,0"
20.516666666666666,155,AV,0,0,0,35,2747.619709803412,0.1,-30.93511111111111,"0.18604336043360434,0.12079166666666667,0.15694247787610618,0.1,0.35,0.13575713194935043","0,0,0"
66.2,202,AV,0,0,0,60,3849.958431883558,0.2,-30.93511111111111,"0.6340564971751411,0.25666526610644264,0.28973139158576056,0.2,0.6,0.19022258173935064","0,0,0"
50.53333333333333,48,AV,0,0,0,52,932.0432837729122,0.2,-30.93511111111111,"0.48533190883190885,0.21025389408099693,0.24473419540229888,0.2,0.52,0.04605132311658888","0,0,0"
6.883333333333334,7,AV,0,0,0,11,506.5869000089976,0.5,-30.93511111111111,"0.05219047619047619,0.07055882352941176,0.10793589743589743,0.5,0.11,0.025029950244917432","0,0,0"
17.766666666666666,212,AV,2,0,0,37,4159.866430607663,0.4,-30.93511111111111,"0.22495454545454546,0.13034250764525995,0.16500275482093663,0.4,0.37,0.20553482488742356","0,0,0"
53.983333333333334,120,AV,0,0,0,55,2011.9739719035176,0.6,-30.93511111111111,"0.535967289719626,0.22951246105919,0.2636005291005291,0.6,0.55,0.09940961444111464","0,0,0"
19.783333333333335,220,AV,2,0,0,42,4343.557359248321,0.1,-30.93511111111111,"0.3029235474006116,0.15334276729559748,0.18676133333333336,0.1,0.42,0.21461080929254078","0,0,0"
11.966666666666667,94,AV,2,0,0,22,1564.4426034616197,0.2,-30.93511111111111,"0.06605487804878049,0.08016041666666668,0.1145767543859649,0.2,0.22,0.07729753873417955","0,0,0"
16.716666666666665,259,AV,1,0,0,40,5913.041300376779,0.2,-30.93511111111111,"0.28444100294985253,0.14664583333333334,0.1809083969465649,0.2,0.4,0.2921574354606168","0,0,0"
28.2,57,AV,1,0,0,64,1020.5842314575186,0.2,-30.93511111111111,"0.6938466076696166,0.272183908045977,0.3061336336336336,0.2,0.64,0.050426042469071494","0,0,0"
38.05,99,AV,0,0,0,45,1592.6375082496468,0.6,-30.93511111111111,"0.35716479400749057,0.16866807909604517,0.20296616541353385,0.6,0.45,0.0786906206792357","0,0,0"
78.25,132,AV,0,0,0,65,2218.0502812558643,0.1,-30.93511111111111,"0.7172663817663819,0.28088349514563105,0.31532638888888886,0.1,0.65,0.10959163803796217","0,0,0"
83.68333333333334,179,AV,0,0,0,71,3132.463358685509,0.1,-30.93511111111111,"0.7889037940379404,0.2977514880952381,0.3339428571428572,0.1,0.71,0.15477187035537765","0,0,0"
27.566666666666666,284,AV,0,0,0,41,10426.353459350525,0.2,-30.93511111111111,"0.2997442528735632,0.15232852564102564,0.18606388888888892,0.2,0.41,0.5151556590169055","0,0,0"
9.983333333333333,223,AV,1,0,0,27,4429.527615460413,0.9,-30.93511111111111,"0.08865362318840578,0.08779371584699454,0.12206310679611652,0.9,0.27,0.2188585133596875","0,0,0"
13.65,103,AV,0,0,0,26,1639.6236094811811,0.2,-30.93511111111111,"0.07966525423728811,0.08524137931034483,0.1192122641509434,0.2,0.26,0.08101215677897904","0,0,0"
26.05,211,AV,0,0,0,37,4135.471393234625,0.2,-30.93511111111111,"0.22495454545454546,0.13034250764525995,0.16500275482093663,0.2,0.37,0.20432949057724065","0,0,0"
35.36666666666667,107,AV,2,0,0,73,1682.490559712908,0.3,-30.935111111111116,"0.8270778816199376,0.3121933962264151,0.3404107611548556,0.3,0.73,0.08313016976240285","0,0,0"
29.233333333333334,10,AV,0,0,0,41,546.8646928603165,0.1,-30.93511111111111,"0.2997442528735632,0.15232852564102564,0.18606388888888892,0.1,0.41,0.027020035561031403","0,0,0"
19.866666666666667,127,AV,2,0,0,41,2131.3254046090938,0.1,-30.935111111111116,"0.2997442528735632,0.15232852564102564,0.18606388888888892,0.1,0.41,0.10530664893258515","0,0,0"
14.316666666666666,42,AV,2,0,0,30,832.3173438658397,0.1,-30.93511111111111,"0.13008779761904762,0.10192349726775957,0.13754245283018868,0.1,0.3,0.04112396452528438","0,0,0"
13.45,67,AV,2,0,0,28,1104.4445206976068,0.2,-30.93511111111111,"0.09534615384615382,0.09008750000000001,0.12323786407766994,0.2,0.28,0.05456949518600221","0,0,0"
15.566666666666666,164,AV,0,0,0,31,2850.5966631146844,0.2,-30.93511111111111,"0.14296060606060604,0.10645041322314051,0.14162691131498473,0.2,0.31,0.14084511984976505","0,0,0"
21.566666666666666,158,AV,2,0,0,45,2761.3662775036096,0.4,-30.93511111111111,"0.35716479400749057,0.16866807909604517,0.20296616541353385,0.4,0.45,0.13643633606135613","0,0,0"
8.15,38,AV,1,0,0,22,807.7368269013535,0.1,-30.93511111111111,"0.06605487804878049,0.08016041666666668,0.1145767543859649,0.1,0.22,0.039909465854662395","0,0,0"
33.916666666666664,151,AV,2,0,0,71,2619.168197182975,0.1,-30.93511111111111,"0.7889037940379404,0.2977514880952381,0.3339428571428572,0.1,0.71,0.1294104716434546","0,0,0"
