travel_time,id,kind,action,origin,destination,start_time,income,urgency,reward,observation,cost_table
15.933333333333334,38,AV,0,0,0,20,912.6272274022258,0.1,-0.3672018642241279,"0.23828985507246375,0.2691264880952381,0.3663,0.1,0.2,0.055679518183730216","0,0,0"
34.0,199,AV,1,0,0,56,3480.90175047103,0.6,-17.931918108487125,"0.2642982456140351,0.3026356932153392,0.3680833333333334,0.6,0.56,0.2123703156028121","0,0,0"
29.866666666666667,49,AV,1,0,0,43,1017.530975349866,0.3,-2.302292307862323,"0.25345833333333334,0.27693365695792876,0.37,0.3,0.43,0.06207971090865948","0,0,0"
22.216666666666665,271,AV,1,0,0,25,6248.181898567973,0.2,-7.010796692585108,"0.30987654320987656,0.31030744336569577,0.3658666666666667,0.2,0.25,0.38120247477915753","0,0,0"
16.933333333333334,117,AV,1,0,0,9,2105.159940183184,0.1,-0.9001862370480281,"0.3198388888888889,0.3136684210526315,0.36232222222222227,0.1,0.09,0.1284361102207503","0,0,0"
20.666666666666668,16,AV,1,0,0,17,743.7553910389753,0.3,-1.164465511222638,"0.31618181818181823,0.3182015873015873,0.35315384615384615,0.3,0.17,0.04537662319968277","0,0,0"
32.56666666666667,178,AV,1,0,0,56,3065.2253709468137,0.3,-7.562437341957165,"0.2431309523809524,0.28725925925925927,0.2987083333333333,0.3,0.56,0.18700984000299187","0,0,0"
44.65,93,AV,1,0,0,85,1653.1781197118603,0.2,-3.728000153794675,"0.31660555555555553,0.3200229885057471,0.3625384615384615,0.2,0.85,0.10086063445581676","0,0,0"
41.333333333333336,281,AV,1,0,0,78,7897.119961473183,0.1,-8.242785144972009,"0.23197126436781607,0.28839795918367345,0.34220370370370373,0.1,0.78,0.4818044227603904","0,0,0"
27.133333333333333,203,AV,1,0,0,40,3580.4564780460023,0.2,-4.906551469914892,"0.22802666666666663,0.28346568627450985,0.34385714285714286,0.2,0.4,0.2184441638267638","0,0,0"
47.233333333333334,32,AV,1,0,0,96,861.805442805673,0.7,-7.195495107061844,"0.2829927536231883,0.2838115264797508,0.3340833333333333,0.7,0.96,0.052578873808229655","0,0,0"
20.316666666666666,275,AV,1,0,0,9,6947.27484286379,0.7,-24.949956327507035,"0.2707530864197531,0.3172937293729373,0.3763055555555555,0.7,0.09,0.4238542356901661","0,0,0"
13.8,138,AV,0,0,0,15,2398.572127464108,0.2,-1.6717320888386207,"0.26221875000000006,0.2914343434343435,0.3604259259259259,0.2,0.15,0.14633722989645767","0,0,0"
30.833333333333332,88,AV,0,0,0,65,1579.1767070066765,0.7,-8.607044762515343,"0.31588888888888894,0.32959375,0.3592,0.7,0.65,0.09634579764115309","0,0,0"
30.25,110,AV,1,0,0,48,1950.0200213032829,0.1,-1.4895986273844521,"0.32355303030303034,0.3300913461538462,0.38514583333333335,0.1,0.48,0.11897100149406448","0,0,0"
37.666666666666664,184,AV,0,0,0,78,3169.820795106812,0.1,-3.0150652344029445,"0.25464,0.29105238095238095,0.3561296296296297,0.1,0.78,0.1933912218493663","0,0,0"
45.36666666666667,83,AV,1,0,0,92,1528.3774584247917,0.1,-1.750944209525372,"0.2666449275362319,0.28801143790849676,0.3471190476190476,0.1,0.92,0.09324652819114326","0,0,0"
17.016666666666666,75,AV,1,0,0,11,1421.705549214182,0.6,-3.665559004413332,"0.28736206896551725,0.30298653198653197,0.3407500000000001,0.6,0.11,0.08673845969367815","0,0,0"
18.466666666666665,295,AV,1,0,0,13,11940.25564443948,0.1,-5.568099012642653,"0.24060416666666667,0.2942222222222222,0.33145833333333335,0.1,0.13,0.7284767113133074","0,0,0"
24.533333333333335,86,AV,1,0,0,30,1552.9853059451273,0.8,-7.696950741923325,"0.2788095238095238,0.3029748427672956,0.36473076923076925,0.8,0.3,0.09474785650168589","0,0,0"
27.483333333333334,206,AV,0,0,0,57,3651.018124108644,0.4,-10.135570516254468,"0.27545833333333336,0.2950566343042071,0.3285,0.4,0.57,0.2227491399846658","0,0,0"
46.016666666666666,262,AV,1,0,0,95,5807.233742044462,0.1,-6.7482206909868525,"0.3943817204301076,0.3575742753623189,0.3852843137254902,0.1,0.95,0.3543001644359528","0,0,0"
28.65,89,AV,1,0,0,41,1592.2311391495805,0.8,-9.215640835683937,"0.25003703703703706,0.26949999999999996,0.3375694444444445,0.8,0.41,0.09714225042061717","0,0,0"
40.21666666666667,218,AV,1,0,0,74,3942.222625638348,0.2,-8.007224912176207,"0.2646,0.28006357388316155,0.3179888888888889,0.2,0.74,0.24051556843569988","0,0,0"
42.666666666666664,12,AV,0,0,0,94,646.5589615252754,0.2,-1.3932583682699538,"0.1986,0.24272685185185183,0.2987619047619047,0.2,0.94,0.0394466550790664","0,0,0"
11.816666666666666,25,AV,1,0,0,0,806.3598325453933,0.1,-0.2406183170347996,"0.34902777777777777,0.3399657320872275,0.3524444444444444,0.1,0.0,0.049196129165071385","0,0,0"
24.416666666666668,111,AV,0,0,0,39,1996.532829496936,0.5,-6.155135932687314,"0.2815591397849462,0.27303645833333334,0.3457435897435898,0.5,0.39,0.12180875460051814","0,0,0"
44.266666666666666,241,AV,1,0,0,89,4756.448820673547,0.2,-10.633946184940186,"0.27303888888888883,0.31606666666666666,0.3232619047619047,0.2,0.89,0.2901916255057689","0,0,0"
30.583333333333332,134,AV,1,0,0,50,2335.4036410281064,0.4,-7.214588689034639,"0.26490277777777776,0.2967830188679245,0.36791666666666667,0.4,0.5,0.14248331146892657","0,0,0"
34.166666666666664,126,AV,0,0,0,67,2198.5025098873134,0.1,-1.8968561217462092,"0.266989898989899,0.28382333333333337,0.3638809523809523,0.1,0.67,0.13413095380102685","0,0,0"
44.733333333333334,205,AV,1,0,0,93,3630.005597296026,0.1,-4.100561878426992,"0.21588000000000002,0.2537083333333333,0.3245714285714286,0.1,0.93,0.22146716270673647","0,0,0"
34.38333333333333,82,AV,1,0,0,56,1527.6889462703334,0.2,-2.652880720669779,"0.27191999999999994,0.2695915032679739,0.3376666666666667,0.2,0.56,0.09320452196573949","0,0,0"
15.85,263,AV,1,0,0,8,5899.132481879994,0.5,-11.805713363358322,"0.2992666666666667,0.3102484567901235,0.3783095238095238,0.5,0.08,0.3599069197486334","0,0,0"
23.45,17,AV,1,0,0,29,743.7818724069466,1.0,-4.404465885844166,"0.26232777777777777,0.3065576923076923,0.3578888888888889,1.0,0.29,0.045378238831745035","0,0,0"
39.86666666666667,278,AV,1,0,0,72,7336.658338656486,0.3,-22.15819033594232,"0.2602499999999999,0.268367601246106,0.29703703703703704,0.3,0.72,0.4476105786782528","0,0,0"
20.65,112,AV,0,0,0,28,1997.7276787447236,0.6,-6.250466146375536,"0.26701075268817204,0.3108280701754386,0.33751190476190474,0.6,0.28,0.12188165252468854","0,0,0"
39.61666666666667,135,AV,1,0,0,74,2344.9936519099742,0.8,-18.76784481680138,"0.24306349206349206,0.27295259938837924,0.31964583333333335,0.8,0.74,0.1430683994098146","0,0,0"
29.116666666666667,260,AV,1,0,0,43,5611.673516276995,0.3,-12.378274789060491,"0.2273409090909091,0.27141445427728617,0.2911,0.3,0.43,0.3423690069822918","0,0,0"
24.216666666666665,261,AV,1,0,0,27,5721.231751015957,0.5,-17.49358109054332,"0.24416666666666664,0.3073513071895425,0.3867424242424242,0.5,0.27,0.34905317061467583","0,0,0"
44.583333333333336,44,AV,0,0,0,98,959.5289757906356,0.1,-1.0802777820875211,"0.2780123456790124,0.31246698113207555,0.36557142857142855,0.1,0.98,0.05854100058731211","0,0,0"
22.833333333333332,59,AV,1,0,0,22,1100.389953660579,0.2,-1.2689682125547082,"0.21263043478260868,0.27568108974358974,0.3403095238095238,0.2,0.22,0.06713494907273335","0,0,0"
18.95,270,AV,0,0,0,25,6197.036257351283,0.1,-2.9655009362830005,"0.2743333333333333,0.3037672955974843,0.35826190476190484,0.1,0.25,0.37808207186476134","0,0,0"
43.06666666666667,208,AV,1,0,0,86,3742.7752140142647,0.3,-12.211276708349573,"0.26585714285714285,0.28077887788778877,0.3488636363636363,0.3,0.86,0.22834725321478366","0,0,0"
34.03333333333333,247,AV,1,0,0,57,4999.976398121604,0.2,-8.594235526064239,"0.25554166666666667,0.25134250764525995,0.39344444444444443,0.2,0.57,0.3050492779728728","0,0,0"
21.216666666666665,200,AV,1,0,0,21,3487.44186130441,0.7,-13.07937475845269,"0.3208913043478261,0.3055866666666667,0.37947222222222216,0.7,0.21,0.21276932870382087","0,0,0"
35.68333333333333,24,AV,1,0,0,61,802.5586880039084,0.1,-0.7231810399900538,"0.26994086021505376,0.30632154882154883,0.326,0.1,0.61,0.04896422079080664","0,0,0"
16.95,227,AV,1,0,0,12,4434.023444374438,0.2,-3.7957927970781182,"0.23987222222222226,0.2950981481481481,0.31851666666666667,0.2,0.12,0.27052040700219254","0,0,0"
15.6,68,AV,1,0,0,6,1279.3396024785957,0.1,-0.5039822676430831,"0.24424691358024692,0.275542904290429,0.33638333333333326,0.1,0.06,0.07805269284167253","0,0,0"
13.85,257,AV,0,0,0,20,5427.330032863625,0.3,-5.694584920845545,"0.2512222222222222,0.305368253968254,0.3632727272727272,0.3,0.2,0.33112218459021436","0,0,0"
24.05,99,AV,0,0,0,40,1751.9448432672848,0.9,-9.575971245585954,"0.2154567901234568,0.28182692307692314,0.30766666666666664,0.9,0.4,0.10688640644139001","0,0,0"
44.43333333333333,296,AV,1,0,0,92,13430.196447392702,0.1,-15.069403926241138,"0.2891481481481481,0.32238349514563114,0.39493333333333325,0.1,0.92,0.8193782136351887","0,0,0"
31.3,50,AV,2,0,0,29,1020.5842314575186,0.5,-4.033369500583375,"0.36608620689655175,0.3571440129449839,0.4106458333333333,0.5,0.29,0.062265990502190276","0,0,0"
21.1,210,AV,1,0,0,20,3778.090807703549,0.1,-2.0130736374380027,"0.28324305555555557,0.29415606060606064,0.35041666666666665,0.1,0.2,0.23050186265656958","0,0,0"
36.1,95,AV,0,0,0,72,1664.0464513081895,0.1,-1.5169716386925667,"0.3182152777777778,0.3328352490421457,0.3444074074074074,0.1,0.72,0.10152371292704225","0,0,0"
31.633333333333333,105,AV,1,0,0,51,1824.367004680513,0.1,-1.4573436762978174,"0.3117592592592593,0.2731750841750842,0.2956410256410256,0.1,0.51,0.11130489290797409","0,0,0"
21.816666666666666,273,AV,1,0,0,22,6778.2755320215965,0.2,-7.468655447320092,"0.2944032258064516,0.27976773049645387,0.3733444444444444,0.2,0.22,0.41354356346985494","0,0,0"
25.85,274,AV,1,0,0,35,6918.069898529506,0.2,-9.031924589746854,"0.3069920634920635,0.29814999999999997,0.335,0.2,0.35,0.42207243784292864","0,0,0"
19.016666666666666,60,AV,1,0,0,14,1122.7546975855585,0.1,-0.5391679755661289,"0.2891458333333334,0.3128723404255319,0.33005555555555555,0.1,0.14,0.06849942531084642","0,0,0"
46.766666666666666,4,AV,1,0,0,98,522.2875039790788,0.1,-0.616809232392801,"0.33475,0.31267156862745094,0.37586111111111115,0.1,0.98,0.03186483561060942","0,0,0"
32.43333333333333,118,AV,1,0,0,52,2117.047321722312,0.2,-3.4678233064575914,"0.35833908045977003,0.34406209150326794,0.3595555555555556,0.2,0.52,0.1291613610753066","0,0,0"
17.266666666666666,179,AV,0,0,0,23,3097.4575811220984,0.1,-1.3505749385700732,"0.273590909090909,0.28139523809523814,0.3527619047619048,0.1,0.23,0.1889763317738599","0,0,0"
17.15,214,AV,1,0,0,10,3849.958431883558,0.2,-3.3346862175153045,"0.26638,0.2769679487179488,0.3180303030303031,0.2,0.1,0.23488651672693153","0,0,0"
44.733333333333334,150,AV,2,0,0,88,2574.4307659940623,1.0,-29.08153272696996,"0.2440652173913043,0.27316501650165015,0.29608333333333337,1.0,0.88,0.1570663906838983","0,0,0"
12.05,96,AV,0,0,0,15,1691.6338586686718,0.6,-3.0885133328723477,"0.28209722222222217,0.2977092592592593,0.3401145833333334,0.6,0.15,0.10320682461125344","0,0,0"
10.566666666666666,287,AV,0,0,0,11,8493.635575370567,0.1,-2.2663993917445033,"0.23542528735632182,0.2525501618122977,0.31345833333333334,0.1,0.11,0.5181979260151864","0,0,0"
46.86666666666667,284,AV,1,0,0,98,8331.964781214912,0.1,-9.860894345444585,"0.3569027777777778,0.3173161993769471,0.37111111111111117,0.1,0.98,0.5083343676501888","0,0,0"
14.183333333333334,197,AV,1,0,0,1,3427.0421228311798,0.1,-1.2274464842295176,"0.23123333333333335,0.2725238095238095,0.30373611111111104,0.1,0.01,0.20908433198705015","0,0,0"
28.983333333333334,77,AV,0,0,0,61,1454.957177165027,0.1,-1.0648865871590834,"0.23238194444444446,0.28865432098765437,0.3297291666666667,0.1,0.61,0.08876714628940657","0,0,0"
27.566666666666666,64,AV,1,0,0,41,1234.5997004771,0.1,-0.859439353783301,"0.26377564102564105,0.2873363636363636,0.35729166666666673,0.1,0.41,0.07532310499656578","0,0,0"
20.65,29,AV,1,0,0,16,837.3801312568858,0.9,-3.9299772069215213,"0.27478030303030304,0.2802540453074434,0.3456444444444445,0.9,0.16,0.05108868204352069","0,0,0"
40.4,54,AV,1,0,0,77,1047.1205397958274,0.5,-5.341372450473664,"0.30571333333333334,0.31548076923076923,0.3584375,0.5,0.77,0.06388497448413621","0,0,0"
22.216666666666665,195,AV,1,0,0,21,3387.2787239910285,0.2,-3.800709207979833,"0.2096449275362319,0.255752427184466,0.2828333333333333,0.2,0.21,0.20665836131437007","0,0,0"
31.716666666666665,10,AV,1,0,0,51,617.4453946714843,0.5,-2.4726401221797865,"0.31139999999999995,0.3291283333333334,0.3904666666666667,0.5,0.51,0.03767043218503426","0,0,0"
33.733333333333334,249,AV,1,0,0,54,5009.92015912814,0.7,-29.87396835628261,"0.28811728395061725,0.2921902356902357,0.343095238095238,0.7,0.54,0.3056559482596602","0,0,0"
29.65,15,AV,1,0,0,44,742.4887258523852,0.1,-0.5559290586243237,"0.255875,0.29968151815181515,0.3554545454545454,0.1,0.44,0.04529934377477431","0,0,0"
28.566666666666666,264,AV,1,0,0,42,5912.288420941998,0.6,-25.590056448218647,"0.28259803921568627,0.3129002976190476,0.3073939393939394,0.6,0.42,0.3607095654798067","0,0,0"
40.38333333333333,132,AV,1,0,0,75,2302.618320259251,0.2,-4.696333493256032,"0.3274649122807017,0.29291346153846154,0.3302647058823529,0.2,0.75,0.1404830743413262","0,0,0"
37.983333333333334,28,AV,1,0,0,68,822.5771428470101,1.0,-7.889955002307811,"0.2979197530864197,0.2996634920634921,0.37454166666666666,1.0,0.68,0.05018554959514157","0,0,0"
24.683333333333334,79,AV,1,0,0,30,1509.578116022191,0.2,-1.881889890428337,"0.33982638888888894,0.33439937106918244,0.3464833333333333,0.2,0.3,0.09209957761185","0,0,0"
30.616666666666667,26,AV,1,0,0,50,816.2772675203604,0.2,-1.2622065155175946,"0.25192857142857145,0.2571622418879056,0.3305416666666667,0.2,0.5,0.049801193296892726","0,0,0"
28.683333333333334,190,AV,1,0,0,44,3301.717979419838,0.9,-21.523699403717956,"0.2127013888888889,0.2666522435897436,0.3374444444444445,0.9,0.44,0.20143828800281033","0,0,0"
34.55,35,AV,1,0,0,58,881.2906222289953,0.6,-4.613422878486634,"0.2639320987654321,0.2999092409240924,0.35975,0.6,0.58,0.05376766740263329","0,0,0"
30.233333333333334,72,AV,1,0,0,47,1391.0507319816634,0.2,-2.1240454779585334,"0.32434666666666667,0.31197385620915036,0.37673076923076926,0.2,0.47,0.08486820489273883","0,0,0"
32.71666666666667,143,AV,1,0,0,55,2456.6540037696086,0.1,-2.0296345999157164,"0.3175866666666667,0.29718380062305294,0.4046944444444444,0.1,0.55,0.14988081350956411","0,0,0"
42.53333333333333,185,AV,1,0,0,86,3227.056348793521,0.1,-3.4660975598152635,"0.2663,0.28083030303030304,0.3310666666666667,0.1,0.86,0.1968831711979807","0,0,0"
8.9,42,AV,0,0,0,7,950.4213588862824,0.1,-0.21360480035575544,"0.2531,0.2754890965732087,0.3241458333333334,0.1,0.07,0.05798534357225696","0,0,0"
11.566666666666666,130,AV,1,0,0,2,2283.7291705859197,0.4,-2.6681953609202496,"0.3633888888888888,0.3466312684365782,0.36911111111111117,0.4,0.02,0.13933064460755065","0,0,0"
11.333333333333334,91,AV,1,0,0,0,1597.8734280578535,0.8,-3.658430744374883,"0.2769824561403509,0.2979135220125786,0.3193222222222222,0.8,0.0,0.09748648727706105","0,0,0"
41.916666666666664,124,AV,2,0,0,55,2187.718469250836,0.4,-9.262814730918942,"0.2963177083333334,0.28403725490196086,0.3270897435897436,0.4,0.55,0.13347301793336488","0,0,0"
31.2,222,AV,1,0,0,52,4196.147454418583,0.2,-6.612111140295949,"0.18673684210526315,0.2668698412698413,0.31291666666666673,0.2,0.52,0.25600755869947317","0,0,0"
27.166666666666668,248,AV,1,0,0,39,5004.1281918097375,0.1,-3.4329667309132468,"0.24388194444444447,0.2799495412844037,0.34978571428571426,0.1,0.39,0.30530257950192263","0,0,0"
24.3,45,AV,1,0,0,31,968.7072844723906,0.1,-0.5944340154716943,"0.25151587301587297,0.2667777777777778,0.32545454545454544,0.1,0.31,0.05910097051785686","0,0,0"
17.183333333333334,101,AV,1,0,0,11,1783.933402668827,0.6,-4.64453368220091,"0.2586449275362319,0.29557719298245616,0.3744687500000001,0.6,0.11,0.10883803304356732","0,0,0"
22.933333333333334,146,AV,1,0,0,25,2497.1975937909187,0.6,-8.677131032970465,"0.3041481481481481,0.30504022988505747,0.3500833333333333,0.6,0.25,0.1523543837582307","0,0,0"
47.53333333333333,133,AV,1,0,0,100,2329.0008356791827,0.2,-5.591170356361136,"0.3229679487179487,0.3482266666666667,0.39464285714285713,0.2,1.0,0.14209267539523954","0,0,0"
37.416666666666664,51,AV,1,0,0,66,1025.7249596144625,0.1,-0.9691719420599614,"0.2280705128205128,0.26730258899676373,0.3000454545454546,0.1,0.66,0.06257962706517879","0,0,0"
27.1,216,AV,1,0,0,39,3898.759045987068,0.9,-24.0128113968749,"0.279231884057971,0.30958108108108107,0.2978888888888889,0.9,0.39,0.237863849200441","0,0,0"
39.31666666666667,103,AV,1,0,0,71,1822.2981036688468,0.6,-10.855558652916185,"0.278301282051282,0.29776767676767674,0.33716666666666667,0.6,0.71,0.11117866896018841","0,0,0"
5.216666666666667,176,AV,0,0,0,1,3024.224513765153,0.2,-0.7967864249229739,"0.31909615384615386,0.33425362318840585,0.3700555555555555,0.2,0.01,0.1845083718192154","0,0,0"
24.383333333333333,61,AV,1,0,0,29,1141.0395517097602,0.6,-4.215507232705503,"0.29263888888888884,0.27275945017182124,0.34725641025641024,0.6,0.29,0.06961498688640157","0,0,0"
17.316666666666666,268,AV,1,0,0,6,6081.635477498837,0.1,-2.65943571596014,"0.22664197530864197,0.28866181229773463,0.3442666666666666,0.1,0.06,0.3710414537160996","0,0,0"
32.11666666666667,128,AV,1,0,0,52,2222.040577514192,0.4,-7.208539045235435,"0.2379583333333333,0.27750171821305847,0.3128,0.4,0.52,0.13556701468666493","0,0,0"
30.616666666666667,292,AV,1,0,0,50,11185.875164713363,0.4,-34.593354676058,"0.25843181818181815,0.2678038194444444,0.30841666666666673,0.4,0.5,0.6824518499272147","0,0,0"
46.0,115,AV,1,0,0,98,2052.607856914241,0.2,-4.768684920103793,"0.23493333333333336,0.2731891025641026,0.3458636363636364,0.2,0.98,0.12522990007480161","0,0,0"
21.15,41,AV,1,0,0,22,933.6906207466446,0.1,-0.4986756724442306,"0.21509848484848487,0.26289841269841263,0.31827777777777777,0.1,0.22,0.05696459883606839","0,0,0"
32.88333333333333,139,AV,1,0,0,56,2401.1770329784995,0.4,-7.975626744219832,"0.2840873015873016,0.30138271604938266,0.35475,0.4,0.56,0.14649615555591702","0,0,0"
19.583333333333332,282,AV,1,0,0,17,7912.643587116454,0.1,-3.913028709958684,"0.34510416666666666,0.3100433333333334,0.29230555555555554,0.1,0.17,0.48275152138985195","0,0,0"
36.85,193,AV,1,0,0,65,3361.758609282253,0.3,-9.384909450912957,"0.31152500000000005,0.32343999999999995,0.3648194444444444,0.3,0.65,0.2051013754516725","0,0,0"
22.433333333333334,102,AV,0,0,0,30,1797.659883656486,0.1,-1.018371297727959,"0.2820462962962963,0.29830612244897964,0.3577083333333333,0.1,0.3,0.10967548761954628","0,0,0"
13.916666666666666,74,AV,1,0,0,6,1411.5824788559885,0.5,-2.480369044286091,"0.2241346153846154,0.2666084142394822,0.2955,0.5,0.06,0.08612084971759994","0,0,0"
25.6,237,AV,1,0,0,34,4662.282088415262,0.4,-12.056002168023301,"0.20210833333333333,0.26425446428571425,0.33862499999999995,0.4,0.34,0.28444649964972557","0,0,0"
19.716666666666665,293,AV,1,0,0,16,11662.42845360034,0.5,-29.033360396904882,"0.2999055555555555,0.3116022012578616,0.34004166666666663,0.5,0.16,0.7115264345082908","0,0,0"
28.516666666666666,294,AV,2,0,0,17,11861.36896338871,0.9,-76.8742511225685,"0.2399513888888889,0.26131944444444444,0.3084375,0.9,0.17,0.7236638235754265","0,0,0"
34.2,175,AV,0,0,0,68,3017.17067826153,0.3,-7.817214939132146,"0.2598910256410257,0.29524914089347076,0.3297857142857143,0.3,0.68,0.18407801630231177","0,0,0"
40.916666666666664,223,AV,1,0,0,76,4237.057085974603,0.4,-17.51174267014756,"0.33507777777777775,0.31149691358024695,0.3613095238095238,0.4,0.76,0.2585034611947306","0,0,0"
36.016666666666666,234,AV,1,0,0,65,4617.1597275219765,0.2,-8.398722366308915,"0.23241228070175435,0.2525115511551156,0.3116041666666667,0.2,0.65,0.28169357793271527","0,0,0"
44.15,120,AV,0,0,0,98,2133.445027811215,0.5,-11.89287853255873,"0.36570175438596486,0.3591958762886599,0.38353333333333334,0.5,0.98,0.1301617874782613","0,0,0"
39.3,211,AV,0,0,0,80,3783.636689084741,0.2,-7.509945549546987,"0.2347301587301587,0.2815065359477124,0.3145416666666666,0.2,0.8,0.23084021767594357","0,0,0"
30.816666666666666,81,AV,1,0,0,51,1526.0895405694364,0.4,-4.750403300526748,"0.2931851851851851,0.3041696969696969,0.3592361111111111,0.4,0.51,0.0931069419942765","0,0,0"
45.416666666666664,251,AV,1,0,0,93,5064.807770076448,0.1,-5.808754702633974,"0.29497368421052633,0.32058408408408406,0.4069583333333334,0.1,0.93,0.3090046492846745","0,0,0"
38.86666666666667,73,AV,1,0,0,69,1404.912317929139,0.3,-4.13668626945802,"0.30184375,0.30100323624595465,0.3630757575757576,0.3,0.69,0.0857139022417153","0,0,0"
44.916666666666664,288,AV,1,0,0,91,8689.506535985933,0.3,-29.56845974050768,"0.27193333333333336,0.29405498281786946,0.31138888888888894,0.3,0.91,0.5301480414465347","0,0,0"
21.066666666666666,256,AV,0,0,0,28,5386.149373461946,0.1,-2.865358925949453,"0.24866666666666667,0.26383479532163745,0.294125,0.1,0.28,0.32860974664717757","0,0,0"
17.683333333333334,170,AV,1,0,0,11,2942.323800284961,0.4,-5.255564902529199,"0.27101333333333333,0.28864309764309765,0.35609375,0.4,0.11,0.17951159753004442","0,0,0"
6.85,266,AV,0,0,0,5,5960.007005011629,0.1,-1.0309608076850925,"0.27992063492063496,0.313695238095238,0.36340277777777774,0.1,0.05,0.36362088314558555","0,0,0"
34.25,168,AV,2,0,0,50,2909.8477340427667,0.2,-5.033448731866907,"0.19400000000000003,0.23008080808080805,0.2647380952380953,0.2,0.5,0.17753022806552007","0,0,0"
42.95,253,AV,1,0,0,90,5200.876525735832,0.4,-22.56339866468222,"0.263375,0.28575816993464054,0.32771666666666666,0.4,0.9,0.3173062236049365","0,0,0"
44.233333333333334,174,AV,1,0,0,91,2991.769966736588,0.1,-3.3418171261443197,"0.32684375000000004,0.2903996598639456,0.3626833333333333,0.1,0.91,0.1825283152450044","0,0,0"
41.85,144,AV,1,0,0,83,2472.005569054355,0.1,-2.6124604309324435,"0.2889791666666666,0.3021375404530744,0.3334102564102564,0.1,0.83,0.1508174147118467","0,0,0"
34.75,76,AV,1,0,0,60,1446.9812594843625,0.1,-1.269762595128323,"0.29471969696969696,0.33641185897435905,0.3311785714285715,0.1,0.6,0.08828053440648413","0,0,0"
10.4,172,AV,0,0,0,13,2971.291490045772,0.1,-0.7803391792039402,"0.22534722222222217,0.26888301282051275,0.34169696969696967,0.1,0.13,0.18127892044168803","0,0,0"
30.916666666666668,3,AV,0,0,0,64,508.6019702527906,0.1,-0.3970777166746324,"0.291572463768116,0.3227354740061162,0.33575000000000005,0.1,0.64,0.03102987923292612","0,0,0"
40.78333333333333,215,AV,1,0,0,81,3882.59008652233,1.0,-39.986102448317084,"0.27119871794871797,0.3225864779874214,0.3548125,1.0,0.81,0.23687737866187128","0,0,0"
43.4,53,AV,1,0,0,88,1046.6558973464134,0.2,-2.2941851487290075,"0.26688271604938274,0.27422499999999994,0.33501282051282044,0.2,0.88,0.0638566265815816","0,0,0"
30.45,269,AV,1,0,0,44,6130.868263041086,0.1,-4.714266126505078,"0.22207971014492756,0.2981185897435897,0.3429358974358974,0.1,0.44,0.37404515303114005","0,0,0"
27.316666666666666,37,AV,2,0,0,25,904.859336063587,0.1,-0.6241853753401595,"0.2843958333333333,0.28968041237113396,0.36089583333333336,0.1,0.25,0.05520559801780429","0,0,0"
29.45,279,AV,1,0,0,41,7612.519032757181,0.5,-28.30665221145189,"0.30296969696969694,0.28233493589743597,0.35528571428571426,0.5,0.41,0.46444087923489674","0,0,0"
33.93333333333333,36,AV,1,0,0,56,902.2448599555772,0.1,-0.773135746998971,"0.24409374999999997,0.2604857142857143,0.35670370370370363,0.1,0.56,0.05504608845505409","0,0,0"
25.266666666666666,0,AV,1,0,0,35,437.5592869272848,0.1,-0.27918345074990053,"0.2725444444444445,0.3172409240924092,0.35125,0.1,0.35,0.02669555492254686","0,0,0"
41.86666666666667,151,AV,1,0,0,83,2580.565825479665,0.3,-8.18482494142035,"0.26812179487179494,0.2884281345565749,0.35690000000000005,0.3,0.83,0.15744069154401974","0,0,0"
17.45,299,AV,1,0,0,12,16390.717038727882,0.3,-21.66803123680315,"0.3075151515151515,0.3098577981651376,0.36427777777777776,0.3,0.12,1.0","0,0,0"
29.15,94,AV,2,0,0,41,1659.6531244520008,0.2,-2.443378210998779,"0.2510583333333334,0.28851917404129795,0.3575952380952381,0.2,0.41,0.1012556754247287","0,0,0"
42.733333333333334,8,AV,1,0,0,83,610.4868582393152,0.2,-1.3175827479171756,"0.3567440476190476,0.3742962962962963,0.3895128205128205,0.2,0.83,0.03724589087816358","0,0,0"
24.633333333333333,207,AV,2,0,0,3,3667.3634505223554,0.1,-2.2812976346262803,"0.23084615384615378,0.2765272435897436,0.36552777777777784,0.1,0.03,0.2237463706961161","0,0,0"
30.283333333333335,63,AV,1,0,0,49,1167.011530479414,0.5,-4.462247371382776,"0.261,0.2626551155115512,0.34018518518518515,0.5,0.49,0.0711995410403344","0,0,0"
19.683333333333334,232,AV,1,0,0,18,4559.760277629775,0.2,-4.532893003266637,"0.3782833333333333,0.332195238095238,0.34973333333333334,0.2,0.18,0.27819162925307067","0,0,0"
27.883333333333333,166,AV,1,0,0,42,2872.269398564857,0.5,-10.112177406984438,"0.2344055555555556,0.28259708737864075,0.38209523809523815,0.5,0.42,0.1752375684223135","0,0,0"
11.85,189,AV,0,0,0,15,3292.2479258152307,0.1,-0.9851802505280426,"0.2608494623655914,0.2954087719298246,0.35814285714285726,0.1,0.15,0.20086051867263208","0,0,0"
46.083333333333336,158,AV,1,0,0,96,2675.3892374750885,0.1,-3.1134054047216417,"0.2756987179487179,0.3161023102310231,0.3440000000000001,0.1,0.96,0.16322588152511547","0,0,0"
31.316666666666666,286,AV,1,0,0,52,8475.089255911002,0.7,-46.91618223190126,"0.2486818181818182,0.30052647975077884,0.35052777777777777,0.7,0.52,0.5170664124019781","0,0,0"
37.15,171,AV,1,0,0,67,2964.6777926145683,0.8,-22.25005656477398,"0.2545654761904762,0.2953398692810457,0.37766666666666665,0.8,0.67,0.18087541781178007","0,0,0"
11.916666666666666,191,AV,1,0,0,1,3323.1633986738134,0.1,-1.0000260227490643,"0.2425763888888889,0.29018571428571427,0.37639393939393934,0.1,0.01,0.2027466761107439","0,0,0"
47.666666666666664,137,AV,2,0,0,99,2382.718205806423,0.2,-5.736173458422871,"0.2916875,0.3394301075268817,0.3517878787878788,0.2,0.99,0.14536997985973107","0,0,0"
19.066666666666666,180,AV,0,0,0,25,3101.095365071405,0.3,-4.4793599717698065,"0.25507246376811593,0.282016835016835,0.3435666666666667,0.3,0.25,0.18919827349493964","0,0,0"
42.833333333333336,113,AV,1,0,0,87,2034.664800296876,0.1,-2.2007948387049545,"0.3018194444444444,0.289995,0.38888888888888895,0.1,0.87,0.12413519161421571","0,0,0"
36.35,204,AV,1,0,0,63,3623.60917519969,0.2,-6.652434016086301,"0.22179761904761905,0.24405657492354746,0.32807142857142857,0.2,0.63,0.2210769160762064","0,0,0"
18.433333333333334,78,AV,1,0,0,14,1467.6871321740252,0.1,-0.6831910640507037,"0.2558958333333334,0.27769791666666666,0.3276071428571429,0.1,0.14,0.0895438026723409","0,0,0"
37.65,225,AV,1,0,0,66,4412.688598555705,0.3,-12.586191343607748,"0.20352564102564102,0.24841333333333332,0.303,0.3,0.66,0.2692187649954198","0,0,0"
12.5,164,AV,1,0,0,2,2835.850686157305,0.4,-3.5806195532289204,"0.28911458333333334,0.30847492625368733,0.3381212121212121,0.4,0.02,0.17301565754913437","0,0,0"
16.233333333333334,209,AV,1,0,0,8,3773.073658575576,0.5,-7.733530604908693,"0.32011111111111107,0.31274,0.37711111111111106,0.5,0.08,0.2301957656678827","0,0,0"
41.28333333333333,127,AV,0,0,0,84,2218.0502812558643,0.2,-4.624672177332303,"0.2995438596491229,0.2901051051051051,0.34515,0.2,0.84,0.13532356613899618","0,0,0"
14.383333333333333,66,AV,1,0,0,6,1265.4739572733297,0.2,-0.9192794824300367,"0.2681805555555556,0.2924778911564626,0.3547083333333333,0.2,0.06,0.07720674783679542","0,0,0"
35.2,57,AV,1,0,0,58,1083.524948441525,0.4,-3.852533150014312,"0.30286231884057974,0.30237227414330214,0.37248333333333333,0.4,0.58,0.0661060126827508","0,0,0"
46.86666666666667,229,AV,1,0,0,100,4504.939201911708,1.0,-53.31603129535237,"0.29964285714285716,0.3295897435897436,0.3836458333333333,1.0,1.0,0.27484698755200676","0,0,0"
29.116666666666667,80,AV,1,0,0,44,1519.7273932229994,0.1,-1.1174089881988973,"0.23367460317460317,0.252875786163522,0.2894259259259259,0.1,0.44,0.09271878647115908","0,0,0"
38.9,196,AV,1,0,0,72,3414.9419898187493,0.9,-30.191191682715758,"0.28706790123456793,0.3085400641025641,0.36172222222222217,0.9,0.72,0.20834610113455965","0,0,0"
41.733333333333334,7,AV,1,0,0,76,583.3206434887895,0.1,-0.6147453246194987,"0.27655303030303036,0.27030428134556567,0.33762962962962967,0.1,0.76,0.03558847621556294","0,0,0"
25.016666666666666,224,AV,1,0,0,33,4281.8327360815,0.1,-2.704979350529601,"0.24602173913043476,0.2707750809061488,0.2973095238095238,0.1,0.33,0.2612352300368808","0,0,0"
21.9,238,AV,1,0,0,22,4707.821121085941,1.0,-26.035677412066185,"0.32929411764705885,0.30190178571428566,0.3635151515151515,1.0,0.22,0.28722484257170267","0,0,0"
39.416666666666664,39,AV,0,0,0,83,913.5589076746268,0.4,-3.637317873148977,"0.2565402298850574,0.296440350877193,0.34295833333333337,0.4,0.83,0.05573636013092506","0,0,0"
27.516666666666666,100,AV,1,0,0,40,1778.835052690156,0.4,-4.944203151500754,"0.2994880952380952,0.29455246913580246,0.336875,0.4,0.4,0.10852698197932012","0,0,0"
18.433333333333334,11,AV,1,0,0,12,623.7253316558669,0.4,-1.1613471663491395,"0.26157843137254905,0.2934366666666667,0.309625,0.4,0.12,0.038053572042158534","0,0,0"
15.8,267,AV,0,0,0,21,6007.794801579103,0.2,-4.794098882068173,"0.26490740740740737,0.33758737864077665,0.37670000000000003,0.2,0.21,0.3665364234757957","0,0,0"
33.03333333333333,85,AV,1,0,0,56,1546.5147326922538,0.4,-5.160256229286274,"0.2797727272727273,0.2923333333333334,0.35808333333333336,0.4,0.56,0.09435308589844842","0,0,0"
24.966666666666665,21,AV,1,0,0,34,779.2240782816187,0.7,-3.438949362315258,"0.23391666666666666,0.2924778911564626,0.3735208333333333,0.7,0.34,0.047540572901141116","0,0,0"
18.266666666666666,70,AV,1,0,0,12,1365.417472605012,0.3,-1.8895171085544107,"0.24071875,0.3353173076923077,0.3819333333333333,0.3,0.12,0.08330431605760824","0,0,0"
24.366666666666667,169,AV,2,0,0,7,2927.9701715656583,0.1,-1.801638211628364,"0.25467816091954015,0.2648214285714286,0.3573095238095238,0.1,0.07,0.17863588058090862","0,0,0"
42.4,5,AV,1,0,0,85,567.9518330451218,0.3,-1.824330130387361,"0.2729,0.3157359735973597,0.33627380952380953,0.3,0.85,0.03465082288365841","0,0,0"
32.15,47,AV,1,0,0,51,981.8973671489576,0.3,-2.3915151783211352,"0.270125,0.2991030303030303,0.3974722222222221,0.3,0.51,0.05990569935585715","0,0,0"
21.166666666666668,201,AV,1,0,0,20,3508.846318545673,0.1,-1.8755197073034533,"0.31196527777777777,0.3267525252525253,0.3286904761904762,0.1,0.2,0.2140752177134773","0,0,0"
39.93333333333333,186,AV,1,0,0,74,3236.647802754315,0.6,-19.583353877271055,"0.27862499999999996,0.2946842948717949,0.34523611111111113,0.6,0.74,0.19746834718132122","0,0,0"
42.333333333333336,187,AV,1,0,0,80,3252.767976975094,0.3,-10.431856895854468,"0.22407051282051277,0.27419072164948455,0.3592575757575758,0.3,0.8,0.19845184132515217","0,0,0"
14.266666666666667,108,AV,1,0,0,5,1929.5758599688188,0.5,-3.475835303310835,"0.24191228070175438,0.2840891089108911,0.3567666666666668,0.5,0.05,0.11772370027556629","0,0,0"
41.016666666666666,129,AV,0,0,0,85,2225.3307045190536,0.1,-2.3049405992514274,"0.24965555555555557,0.30183156028368796,0.3665925925925926,0.1,0.85,0.13576774580764567","0,0,0"
42.1,33,AV,1,0,0,82,871.0408974081768,0.4,-3.70412341221053,"0.28574537037037034,0.27863703703703707,0.31462962962962965,0.4,0.82,0.0531423302196046","0,0,0"
36.11666666666667,245,AV,0,0,0,71,4950.077303955518,0.2,-9.02930767480775,"0.27614,0.2713442367601246,0.340125,0.2,0.71,0.30200492707301985","0,0,0"
19.633333333333333,192,AV,1,0,0,13,3352.9358316496982,0.1,-1.6623562330317105,"0.28429487179487173,0.2715298742138365,0.3063541666666667,0.1,0.13,0.20456309652148852","0,0,0"
36.38333333333333,87,AV,1,0,0,65,1564.4426034616197,0.1,-1.4373645637023214,"0.37737333333333334,0.37513301282051276,0.40704545454545454,0.1,0.65,0.09544686786826742","0,0,0"
46.166666666666664,160,AV,1,0,0,96,2756.9260540590044,0.1,-3.2140930849088565,"0.27908333333333335,0.2977260726072607,0.31921428571428573,0.1,0.96,0.16820045441239434","0,0,0"
14.416666666666666,107,AV,1,0,0,6,1885.557658153182,0.3,-2.0593527453314424,"0.31314492753623185,0.3248649122807018,0.34786111111111107,0.3,0.06,0.1150381434624244","0,0,0"
38.36666666666667,298,AV,1,0,0,69,15725.918848752755,0.1,-15.236138547907766,"0.2531136363636364,0.27470833333333333,0.35385000000000005,0.1,0.69,0.9594405669743218","0,0,0"
35.63333333333333,34,AV,1,0,0,63,873.8892656114449,0.1,-0.7863532196453153,"0.2747604166666667,0.3010811209439528,0.3888541666666667,0.1,0.63,0.05331610957267","0,0,0"
42.43333333333333,173,AV,1,0,0,84,2987.078671303881,0.6,-19.20480378065576,"0.25923888888888885,0.3076570512820513,0.3683888888888889,0.6,0.84,0.18224209863705357","0,0,0"
46.45,97,AV,1,0,0,98,1697.366940102563,0.7,-13.936839913493646,"0.31052604166666664,0.32905218855218865,0.36420370370370364,0.7,0.98,0.10355660073272177","0,0,0"
38.43333333333333,290,AV,1,0,0,68,10426.353459350525,0.5,-50.59589873161259,"0.2769848484848485,0.31261515151515157,0.36187500000000006,0.5,0.68,0.636113321626821","0,0,0"
46.61666666666667,155,AV,1,0,0,99,2629.980017260476,0.1,-3.095982368803684,"0.22742028985507243,0.2826,0.3421818181818182,0.1,0.99,0.16045545847972215","0,0,0"
37.45,181,AV,0,0,0,75,3132.463358685509,0.5,-14.811963735198526,"0.28296296296296297,0.30387578616352195,0.36983333333333335,0.5,0.75,0.19111203928932116","0,0,0"
38.45,165,AV,1,0,0,69,2857.8751728516777,0.1,-2.774881323135026,"0.2713627450980392,0.31846884735202496,0.38053333333333333,0.1,0.69,0.17435937464475218","0,0,0"
14.95,276,AV,1,0,0,7,6995.337061486569,0.1,-2.640916390636975,"0.20539743589743586,0.25481862745098033,0.30695,0.1,0.07,0.42678651854937344","0,0,0"
19.65,1,AV,1,0,0,15,477.1303205766694,0.4,-0.9470313938718742,"0.19387037037037036,0.24226633986928106,0.32784848484848483,0.4,0.15,0.029109789367317424","0,0,0"
38.833333333333336,69,AV,1,0,0,69,1323.5149786113286,0.2,-2.5957827442461245,"0.23201724137931037,0.2858366666666667,0.35328787878787876,0.2,0.69,0.0807478388824684","0,0,0"
34.15,252,AV,1,0,0,58,5168.6614957092925,0.1,-4.457317931274554,"0.2508055555555555,0.296216049382716,0.305125,0.1,0.58,0.3153407799974102","0,0,0"
19.483333333333334,182,AV,1,0,0,16,3158.0604616132755,0.5,-7.768881901569696,"0.23725555555555555,0.27722631578947365,0.33519999999999994,0.5,0.16,0.19267372221431378","0,0,0"
34.71666666666667,148,AV,1,0,0,55,2553.8725848963804,0.2,-4.477875921160909,"0.30346354166666667,0.3226649484536083,0.38713636363636367,0.2,0.55,0.15581213310327466","0,0,0"
40.85,212,AV,1,0,0,74,3793.837230001502,0.6,-23.48155315841839,"0.2600833333333334,0.3159333333333333,0.3667333333333333,0.6,0.74,0.2314625541419236","0,0,0"
28.966666666666665,23,AV,0,0,0,58,793.0252767736928,0.3,-1.740249912920048,"0.31751515151515153,0.3083482142857143,0.39169444444444446,0.3,0.58,0.048382586002792785","0,0,0"
23.866666666666667,30,AV,2,0,0,20,845.7864251007381,0.7,-3.5682504735731473,"0.2516578947368421,0.29680581039755355,0.4235,0.7,0.2,0.05160155123795496","0,0,0"
48.5,109,AV,2,0,0,88,1942.5668635563816,0.4,-9.516615442675203,"0.2688416666666667,0.30364896755162246,0.35930952380952386,0.4,0.88,0.11851628326976159","0,0,0"
20.516666666666666,163,AV,1,0,0,15,2793.3389947689566,0.1,-1.447222349562536,"0.21572807017543863,0.27380882352941177,0.2897777777777778,0.1,0.15,0.1704220131534742","0,0,0"
42.7,289,AV,0,0,0,87,9280.176126726552,0.2,-20.013309121778978,"0.3175530303030303,0.3176867283950616,0.37554999999999994,0.2,0.87,0.5661848779891332","0,0,0"
19.5,58,AV,1,0,0,15,1097.8259349569896,0.2,-1.0811922086697627,"0.27592105263157896,0.30242380952380954,0.37986111111111115,0.2,0.15,0.06697851792347177","0,0,0"
22.933333333333334,291,AV,1,0,0,25,10783.100237376317,0.1,-6.244758386628709,"0.18096913580246912,0.24762222222222222,0.31161111111111106,0.1,0.25,0.6578784937777936","0,0,0"
24.533333333333335,27,AV,1,0,0,32,818.0604611907775,0.4,-2.027247472849873,"0.26523076923076927,0.2923996763754045,0.35725,0.4,0.32,0.049909986198765396","0,0,0"
26.0,156,AV,1,0,0,33,2645.062412614309,1.0,-17.366571395952533,"0.30795698924731185,0.29855496453900715,0.3983888888888888,1.0,0.33,0.16137563758587084","0,0,0"
14.316666666666666,242,AV,1,0,0,6,4818.617258984985,0.1,-1.7420842699781576,"0.2300555555555556,0.28111792452830187,0.34437179487179487,0.1,0.06,0.2939845308536281","0,0,0"
41.9,18,AV,1,0,0,84,753.5670156580491,0.2,-1.5946695937410227,"0.2584545454545455,0.2624539682539683,0.34588461538461535,0.2,0.84,0.045975231826498236","0,0,0"
32.11666666666667,55,AV,1,0,0,50,1059.8377785859489,0.4,-3.438227945008625,"0.3079469696969697,0.33493553459119496,0.3855238095238095,0.4,0.5,0.064660855048731","0,0,0"
16.283333333333335,140,AV,1,0,0,10,2417.357356239525,0.1,-0.9940059499351921,"0.25446376811594207,0.302976897689769,0.33778125,0.1,0.1,0.14748331940132994","0,0,0"
21.533333333333335,9,AV,1,0,0,18,616.3739675020589,0.1,-0.3351663156618941,"0.21364880952380955,0.268248427672956,0.30894444444444447,0.1,0.18,0.03760506425958635","0,0,0"
36.266666666666666,240,AV,1,0,0,59,4735.166802079286,0.3,-13.009751213793592,"0.22867333333333328,0.24853333333333327,0.33986666666666665,0.3,0.59,0.28889320649554645","0,0,0"
27.516666666666666,62,AV,1,0,0,41,1141.5133047894662,0.7,-5.552386053641356,"0.22309333333333334,0.2467626262626263,0.34428205128205136,0.7,0.41,0.06964389062981845","0,0,0"
27.983333333333334,121,AV,1,0,0,40,2137.1188228190404,0.2,-3.0203893127215236,"0.3219464285714285,0.3160833333333333,0.3740833333333333,0.2,0.4,0.13038592623919196","0,0,0"
34.93333333333333,280,AV,1,0,0,60,7864.29237148983,0.4,-27.750095640812596,"0.19958333333333333,0.2565265486725664,0.3349999999999999,0.4,0.6,0.4798016067819443","0,0,0"
25.983333333333334,183,AV,1,0,0,33,3159.4556453821087,0.3,-6.21918099892766,"0.30401515151515146,0.32523853211009174,0.3450925925925927,0.3,0.33,0.19275884257637826","0,0,0"
27.85,119,AV,1,0,0,42,2123.4400354784907,0.1,-1.4933789138403026,"0.23101960784313724,0.2752192192192192,0.3345757575757575,0.1,0.42,0.12955138145947123","0,0,0"
17.383333333333333,239,AV,0,0,0,21,4717.175795221327,0.2,-4.141426224255762,"0.22697058823529415,0.2958425076452599,0.35074999999999995,0.2,0.21,0.28779557258389693","0,0,0"
41.75,265,AV,1,0,0,82,5913.041300376779,0.2,-12.468155267208614,"0.2599506172839506,0.2684587628865979,0.35686666666666667,0.2,0.82,0.3607554987622251","0,0,0"
26.833333333333332,162,AV,1,0,0,38,2780.081336731352,0.1,-1.8838093232901842,"0.2461145833333333,0.27536011904761903,0.33293055555555556,0.1,0.38,0.16961316153299416","0,0,0"
15.7,188,AV,1,0,0,7,3257.969850357721,1.0,-12.91669864914551,"0.2536333333333334,0.2721504854368932,0.39830952380952384,1.0,0.07,0.19876920836713918","0,0,0"
34.96666666666667,71,AV,2,0,0,56,1386.7650627050614,0.3,-3.673526643377801,"0.21269871794871797,0.2654249084249084,0.31210256410256415,0.3,0.56,0.08460673559481392","0,0,0"
45.983333333333334,136,AV,1,0,0,95,2352.9451803313505,0.5,-13.66114426038341,"0.2915092592592593,0.30106906906906905,0.33092424242424245,0.5,0.95,0.14355352330052593","0,0,0"
14.916666666666666,220,AV,1,0,0,4,4021.28082322038,0.1,-1.5147501417433669,"0.29035714285714287,0.31660060060060063,0.3694374999999999,0.1,0.04,0.2453389204217804","0,0,0"
42.75,6,AV,0,0,0,89,572.7967315704935,0.5,-3.091800539727096,"0.260719696969697,0.2875833333333333,0.35543749999999996,0.5,0.89,0.034946410838347895","0,0,0"
15.2,145,AV,1,0,0,7,2476.7673195544394,0.3,-2.8520350952445055,"0.2738137254901961,0.2811171617161716,0.37525925925925924,0.3,0.07,0.15110792979357457","0,0,0"
12.833333333333334,194,AV,1,0,0,5,3362.377553451843,0.5,-5.448296961611783,"0.21201515151515152,0.280039393939394,0.35770833333333335,0.5,0.05,0.20513913732433053","0,0,0"
29.4,231,AV,1,0,0,46,4549.115907877681,0.2,-6.754747863212314,"0.26567543859649123,0.3297566371681415,0.38329166666666664,0.2,0.46,0.2775422147261196","0,0,0"
42.916666666666664,13,AV,2,0,0,78,670.158540600369,0.7,-5.084009972357596,"0.2989210526315789,0.30479047619047617,0.3611388888888889,0.7,0.78,0.04088646878699221","0,0,0"
35.233333333333334,147,AV,1,0,0,63,2520.757475212996,0.1,-2.2427951610270513,"0.28410714285714284,0.2936105610561056,0.32612121212121215,0.1,0.63,0.153791775506646","0,0,0"
21.133333333333333,297,AV,1,0,0,21,14312.770160915026,0.2,-15.276593067373952,"0.30373684210526325,0.31238834951456307,0.3514791666666667,0.2,0.21,0.8732241626218611","0,0,0"
22.816666666666666,230,AV,1,0,0,23,4505.18942297478,0.1,-2.595793063995149,"0.27659195402298853,0.33436879432624117,0.3390000000000001,0.1,0.23,0.27486225357499294","0,0,0"
32.65,250,AV,1,0,0,54,5051.78348307234,0.1,-4.165169967735149,"0.30018666666666666,0.320807098765432,0.38140476190476186,0.1,0.54,0.30821003566445676","0,0,0"
28.033333333333335,157,AV,2,0,0,4,2667.9339807116767,0.1,-1.888663701833771,"0.36418750000000005,0.3458676470588235,0.3723095238095238,0.1,0.04,0.1627710352395139","0,0,0"
29.816666666666666,84,AV,1,0,0,49,1530.6528609905624,0.3,-3.4574974347375202,"0.2944,0.30858414239482196,0.3444523809523809,0.3,0.49,0.09338535082839546","0,0,0"
14.916666666666666,52,AV,1,0,0,6,1040.734547163155,0.4,-1.5681101341936425,"0.3112826086956522,0.2865637254901961,0.3368571428571429,0.4,0.06,0.06349536415668174","0,0,0"
27.45,14,AV,0,0,0,53,741.34301771214,0.2,-1.0277710018281943,"0.2962833333333333,0.25325993883792053,0.3381666666666667,0.2,0.53,0.045229443956631026","0,0,0"
23.533333333333335,233,AV,1,0,0,27,4577.590037133467,0.3,-8.161056985394515,"0.32131410256410253,0.3011037735849057,0.38985416666666667,0.3,0.27,0.27927942544048356","0,0,0"
23.2,46,AV,1,0,0,25,978.4447105201264,0.2,-1.1464604688922693,"0.2863095238095238,0.328283950617284,0.3448333333333333,0.2,0.25,0.05969505227918116","0,0,0"
50.05,202,AV,2,0,0,93,3520.054626539052,0.3,-13.346873792293906,"0.22123999999999996,0.2575910652920962,0.3028958333333333,0.3,0.93,0.21475903819350242","0,0,0"
15.65,213,AV,1,0,0,6,3822.7735841463273,0.1,-1.510767843229546,"0.2425666666666667,0.27736764705882355,0.28537037037037033,0.1,0.06,0.23322796526313658","0,0,0"
27.15,285,AV,1,0,0,38,8436.938288223368,0.1,-5.784416023365264,"0.21020588235294121,0.2752015873015872,0.31645833333333334,0.1,0.38,0.5147388163854347","0,0,0"
34.583333333333336,159,AV,1,0,0,59,2747.619709803412,0.2,-4.799083247341819,"0.280768115942029,0.2799620462046204,0.34805208333333326,0.2,0.59,0.16763267301310575","0,0,0"
17.0,255,AV,1,0,0,10,5354.15698790508,0.1,-2.298501737231979,"0.30845370370370373,0.3308603174603174,0.37847619047619047,0.1,0.1,0.3266578866107146","0,0,0"
29.55,221,AV,1,0,0,46,4034.238052294327,0.1,-3.0103973344772066,"0.3028653846153846,0.3214224422442244,0.34173076923076917,0.1,0.46,0.2461294428280505","0,0,0"
36.95,254,AV,1,0,0,64,5304.212874057136,0.7,-34.644814643305004,"0.21035714285714285,0.2786323987538941,0.2821,0.7,0.64,0.32361078905360735","0,0,0"
36.8,259,AV,1,0,0,65,5502.789496653042,0.4,-20.45481348250828,"0.2665864197530864,0.2955673400673401,0.42370833333333335,0.4,0.65,0.3357259773108819","0,0,0"
34.56666666666667,56,AV,1,0,0,63,1062.4074567339185,0.5,-4.636854093573543,"0.2662222222222222,0.29106984126984137,0.3258958333333333,0.5,0.63,0.06481763148150681","0,0,0"
40.416666666666664,219,AV,1,0,0,75,3971.0791127863904,0.7,-28.370819839877512,"0.2192179487179487,0.2581190476190476,0.305974358974359,0.7,0.75,0.2422761068599714","0,0,0"
37.13333333333333,153,AV,1,0,0,66,2619.168197182975,0.9,-22.104192209559347,"0.15873809523809526,0.2191168224299066,0.29883333333333334,0.9,0.66,0.1597958277843746","0,0,0"
32.4,167,AV,1,0,0,55,2898.378436294527,0.4,-9.485602155145726,"0.36213333333333336,0.3013771929824561,0.3328181818181818,0.4,0.55,0.1768304845630766","0,0,0"
44.516666666666666,123,AV,1,0,0,93,2142.030696222753,0.3,-7.223944431326986,"0.24179166666666668,0.30119418960244654,0.3568030303030303,0.3,0.93,0.13068560034082563","0,0,0"
46.81666666666667,217,AV,1,0,0,98,3941.04555698938,0.1,-4.6592579838313,"0.3486159420289856,0.3353882978723405,0.36882051282051287,0.1,0.98,0.24044375530841652","0,0,0"
43.1,31,AV,1,0,0,89,857.6590975250949,0.2,-1.8669246011783633,"0.26607500000000006,0.2474567307692308,0.32321111111111106,0.2,0.89,0.05232590468730706","0,0,0"
36.96666666666667,149,AV,1,0,0,60,2561.5826276178027,0.1,-2.3912416953098847,"0.2805533333333333,0.3144965277777778,0.3575350877192982,0.1,0.6,0.15628252391675798","0,0,0"
26.866666666666667,114,AV,1,0,0,34,2043.1688306873104,0.3,-4.158570902863566,"0.27901333333333334,0.2748398058252427,0.33968518518518515,0.3,0.34,0.1246540237293905","0,0,0"
47.85,22,AV,1,0,0,100,783.6834518391023,0.2,-1.8939016752778304,"0.27157142857142863,0.29238448844884485,0.36225,0.2,1.0,0.04781263992218401","0,0,0"
25.816666666666666,40,AV,1,0,0,34,926.7012599248138,0.7,-4.229049562863954,"0.3187066666666667,0.30928298611111105,0.357,0.7,0.34,0.05653817692875852","0,0,0"
9.033333333333333,198,AV,0,0,0,6,3476.696831582168,0.3,-2.3792546498958775,"0.20376666666666668,0.24688831615120274,0.27039743589743587,0.3,0.06,0.2121137728976378","0,0,0"
40.35,90,AV,1,0,0,75,1594.6992934726818,0.3,-4.874705794819902,"0.2649782608695653,0.3050246913580247,0.3708518518518519,0.3,0.75,0.09729283287026043","0,0,0"
24.966666666666665,236,AV,1,0,0,32,4656.548587392589,0.3,-8.807461848376386,"0.31254301075268814,0.34660166666666664,0.38077777777777777,0.3,0.32,0.28409669792908543","0,0,0"
14.966666666666667,142,AV,1,0,0,1,2436.431929205765,0.1,-0.9208400136476333,"0.2877272727272728,0.32000311526479747,0.37168181818181817,0.1,0.01,0.1486470618368299","0,0,0"
44.733333333333334,131,AV,1,0,0,87,2293.603195459698,0.2,-5.181844256408948,"0.242304347826087,0.30487055016181225,0.3471363636363637,0.2,0.87,0.1399330602828654","0,0,0"
32.516666666666666,67,AV,0,0,0,66,1275.9312017726234,0.4,-4.190811068448465,"0.31704999999999994,0.3167840136054421,0.40523809523809523,0.4,0.66,0.07784474582520468","0,0,0"
40.93333333333333,92,AV,1,0,0,72,1626.914224999384,0.5,-8.40846240866685,"0.36218518518518517,0.33056382978723403,0.38498717948717953,0.5,0.72,0.09925827046829748","0,0,0"
16.366666666666667,48,AV,1,0,0,8,1014.5614647146556,0.2,-0.8386358235267609,"0.300051724137931,0.2946173469387755,0.35885,0.2,0.08,0.061898540638426994","0,0,0"
18.766666666666666,106,AV,1,0,0,14,1862.7228332236152,0.3,-2.648265038143675,"0.20051282051282052,0.28683512544802864,0.29783333333333334,0.3,0.14,0.11364498751472468","0,0,0"
38.516666666666666,98,AV,1,0,0,68,1718.6657268339234,1.0,-16.716483563607728,"0.2763154761904762,0.3184047619047619,0.34720238095238093,1.0,0.68,0.1048560427693963","0,0,0"
20.616666666666667,226,AV,1,0,0,17,4416.224882412617,0.2,-4.598375572007077,"0.3279473684210527,0.30668108974358976,0.36807142857142855,0.2,0.17,0.26943451418128866","0,0,0"
44.75,43,AV,1,0,0,86,954.0002559944874,0.1,-1.0780684711048814,"0.259989247311828,0.27117483660130715,0.3335714285714285,0.1,0.86,0.058203692598705815","0,0,0"
39.11666666666667,152,AV,1,0,0,70,2612.3907844155665,0.3,-7.741516630079968,"0.36314166666666664,0.31095195195195197,0.3219814814814815,0.3,0.7,0.15938233685829767","0,0,0"
35.416666666666664,246,AV,2,0,0,40,4967.653125719208,0.2,-8.885743175213229,"0.22598666666666667,0.24996116504854374,0.35554166666666664,0.2,0.4,0.3030772304824535","0,0,0"
40.96666666666667,141,AV,2,0,0,74,2421.0391237858234,0.5,-12.522967521602599,"0.26887931034482754,0.302053264604811,0.3401166666666667,0.5,0.74,0.14770794456797756","0,0,0"
22.333333333333332,154,AV,0,0,0,39,2622.7149314101284,0.1,-1.4791405757952742,"0.24555208333333334,0.30329807692307686,0.3726833333333333,0.1,0.39,0.16001221454883238","0,0,0"
39.6,272,AV,1,0,0,73,6446.254396158338,1.0,-64.46254396158338,"0.2132586206896552,0.25054575163398696,0.2901944444444445,1.0,0.73,0.39328690629745905","0,0,0"
46.266666666666666,19,AV,1,0,0,92,776.0711537761008,0.1,-0.9067228631660167,"0.19063218390804595,0.2563207885304659,0.3012916666666666,0.1,0.92,0.04734821252434563","0,0,0"
12.95,104,AV,1,0,0,1,1823.811293294481,0.2,-1.1928462751597744,"0.25138666666666665,0.28950868055555556,0.30312962962962964,0.2,0.01,0.11127098887652025","0,0,0"
23.9,2,AV,1,0,0,30,497.26542980048754,0.1,-0.3001172669755468,"0.39124074074074067,0.37156761006289313,0.4047395833333334,0.1,0.3,0.030338235272169726","0,0,0"
25.966666666666665,283,AV,0,0,0,42,8011.326014866212,0.1,-5.253217984495605,"0.2803133333333334,0.32677666666666666,0.379611111111111,0.1,0.42,0.48877215047621786","0,0,0"
25.85,228,AV,0,0,0,48,4446.537177105173,0.1,-2.902600657276988,"0.26538194444444446,0.2896921921921922,0.3922333333333334,0.1,0.48,0.27128387163288364","0,0,0"
20.4,125,AV,1,0,0,16,2193.4249838744518,0.7,-7.909623426698779,"0.2763333333333334,0.30002805280528055,0.3508958333333333,0.7,0.16,0.1338211732099237","0,0,0"
27.066666666666666,243,AV,1,0,0,35,4924.983441788647,0.1,-3.3662344736804553,"0.30163440860215057,0.31551797385620917,0.338547619047619,0.1,0.35,0.3004739469391075","0,0,0"
7.016666666666667,277,AV,0,0,0,6,7081.334819999852,0.1,-1.2547314643181557,"0.20764999999999997,0.25915544871794866,0.29610416666666667,0.1,0.06,0.43203325414428906","0,0,0"
20.783333333333335,177,AV,1,0,0,20,3046.5766145774583,1.0,-15.989398309672099,"0.23596296296296299,0.2620142857142857,0.3176111111111112,1.0,0.2,0.18587207669920885","0,0,0"
46.983333333333334,235,AV,1,0,0,95,4630.913868273173,0.3,-16.48301287204807,"0.2807152777777777,0.28622484276729565,0.3380333333333333,0.3,0.95,0.28253272003483915","0,0,0"
5.6,161,AV,0,0,0,1,2761.3662775036096,0.1,-0.39049624126313665,"0.27714705882352947,0.30781381381381384,0.3380416666666667,0.1,0.01,0.16847135308230085","0,0,0"
32.516666666666666,258,AV,0,0,0,66,5480.041794665195,0.4,-17.99926185419494,"0.2577857142857143,0.2716237113402062,0.31171111111111105,0.4,0.66,0.3343381367463661","0,0,0"
21.033333333333335,65,AV,1,0,0,18,1249.5878531833848,0.2,-1.327424133600532,"0.27487179487179486,0.3108503086419753,0.37016666666666675,0.2,0.18,0.07623753434525571","0,0,0"
38.75,122,AV,1,0,0,70,2141.869626207308,0.2,-4.191790303814807,"0.261913043478261,0.2850688073394495,0.3709375,0.2,0.7,0.13067577343605605","0,0,0"
24.95,20,AV,1,0,0,32,777.0630287344238,0.2,-0.9791779074203977,"0.25797435897435894,0.2870096153846154,0.33791666666666664,0.2,0.32,0.04740872695797165","0,0,0"
39.81666666666667,116,AV,2,0,0,46,2088.64210540395,0.1,-2.1000698610311606,"0.2039320987654321,0.2626714285714285,0.3148958333333333,0.1,0.46,0.12742835474914976","0,0,0"
42.3,244,AV,1,0,0,85,4934.883137056144,0.5,-26.356762209277132,"0.3106302083333333,0.31414089347079033,0.36036363636363633,0.5,0.85,0.30107792876882894","0,0,0"
