travel_time,id,kind,action,origin,destination,start_time,income,urgency,reward,observation,cost_table
46.05,146,AV,1,0,0,93,2280.385817754286,0.2,-5.303624591292165,"0.2670072463768116,0.33216203703703706,0.3109074074074074,0.2,0.93,0.1126715743273096","0,0,0"
34.7,7,AV,1,0,0,62,546.8646928603165,0.3,-1.4375912759282563,"0.30869444444444444,0.32119499999999995,0.31664035087719306,0.3,0.62,0.027020035561031403","0,0,0"
43.65,111,AV,1,0,0,85,1661.9571573900298,0.6,-10.991580290920423,"0.18407575757575756,0.264811209439528,0.311,0.6,0.85,0.08211563496394797","0,0,0"
27.216666666666665,198,AV,0,0,0,67,3465.4556083993225,0.1,-3.381771468230679,"0.2790666666666666,0.2949774774774775,0.32577777777777783,0.1,0.67,0.17122468317412964","0,0,0"
13.4,288,AV,1,0,0,6,11185.875164713363,0.6,-22.710716243508948,"0.20263725490196077,0.29748660714285724,0.3575606060606061,0.6,0.06,0.5526828641120808","0,0,0"
41.56666666666667,61,AV,1,0,0,81,1022.032321197676,0.4,-4.291159274523576,"0.2502407407407407,0.30322407407407415,0.3496666666666667,0.4,0.81,0.05049759112961852","0,0,0"
29.3,108,AV,1,0,0,44,1645.9523587482854,0.8,-9.742707901277731,"0.2529791666666667,0.31143883792048926,0.3895666666666666,0.8,0.44,0.0813248539278105","0,0,0"
40.5,47,AV,2,0,0,86,912.6272274022258,0.2,-1.866737510595462,"0.2797272727272727,0.3013762886597938,0.3185897435897436,0.2,0.86,0.04509199526010037","0,0,0"
19.25,231,AV,1,0,0,22,4639.089550420253,0.4,-9.020451903594937,"0.24075396825396825,0.3067411003236247,0.3472708333333333,0.4,0.22,0.22921275821911885","0,0,0"
10.9,213,AV,1,0,0,0,3898.759045987068,0.2,-2.1462865455181337,"0.1824652777777778,0.2645050505050505,0.30807843137254903,0.2,0.0,0.19263377109878843","0,0,0"
25.916666666666668,255,AV,1,0,0,41,5702.616109653807,0.3,-11.196424306201603,"0.29262068965517246,0.3204517133956387,0.33149999999999996,0.3,0.41,0.28176053800041856","0,0,0"
38.88333333333333,267,AV,1,0,0,73,6783.106781750961,1.0,-66.6034853612163,"0.2172916666666667,0.29000600600600596,0.3169444444444444,1.0,0.73,0.33514649757064985","0,0,0"
25.5,221,AV,1,0,0,40,4164.701887555128,0.1,-2.6818156094104992,"0.2633968253968254,0.30271100917431193,0.3460333333333334,0.1,0.4,0.20577373996162773","0,0,0"
39.85,112,AV,1,0,0,71,1682.490559712908,0.5,-8.465561717747397,"0.25049999999999994,0.25743499999999997,0.36083333333333334,0.5,0.71,0.08313016976240285","0,0,0"
22.083333333333332,72,AV,1,0,0,26,1239.4416864014672,0.4,-2.764747869498222,"0.25063888888888886,0.3159321533923304,0.3575185185185185,0.4,0.26,0.0612395696405775","0,0,0"
36.6,45,AV,1,0,0,65,898.3728471886773,0.4,-3.3212571926369283,"0.26753333333333335,0.3212128712871287,0.36930555555555566,0.4,0.65,0.044387700641524724","0,0,0"
30.4,280,AV,1,0,0,53,8348.421721831439,0.3,-19.22666820785422,"0.27473611111111107,0.34112105263157894,0.3825151515151515,0.3,0.53,0.41248713758156286","0,0,0"
42.36666666666667,74,AV,1,0,0,80,1260.6549751070208,0.1,-1.3487310381826796,"0.228,0.28412297734627834,0.31366666666666665,0.1,0.8,0.0622876969427672","0,0,0"
24.466666666666665,212,AV,1,0,0,35,3822.7735841463273,0.2,-4.723763991184183,"0.21628666666666668,0.2636462585034014,0.3024305555555556,0.2,0.35,0.1888794056993337","0,0,0"
48.21666666666667,263,AV,1,0,0,96,6230.691172258436,0.8,-60.69154734459145,"0.21018253968253967,0.24392211838006228,0.29575,0.8,0.96,0.3078521967905309","0,0,0"
41.56666666666667,283,AV,1,0,0,77,8987.822610831106,0.1,-9.434187538473392,"0.2579285714285714,0.31160620915032683,0.34790476190476194,0.1,0.77,0.4440792937110115","0,0,0"
25.316666666666666,279,AV,1,0,0,37,8333.728817076937,0.1,-5.327834205866948,"0.2423416666666667,0.26115634218289085,0.3484047619047619,0.1,0.37,0.4117611759055859","0,0,0"
33.233333333333334,294,AV,1,0,0,59,16390.717038727882,1.0,-137.5550916465631,"0.21843181818181814,0.2804909090909091,0.3288333333333333,1.0,0.59,0.8098488767684134","0,0,0"
44.733333333333334,30,AV,1,0,0,90,753.5670156580491,0.2,-1.7025032575978147,"0.23213333333333336,0.2661267806267807,0.28883333333333333,0.2,0.9,0.03723298985385701","0,0,0"
34.7,249,AV,2,0,0,59,5370.167679594476,0.4,-18.822708937568517,"0.237037037037037,0.29253135313531353,0.34447222222222224,0.4,0.59,0.26533459476493776","0,0,0"
19.2,137,AV,1,0,0,21,2142.030696222753,0.2,-2.077120675125094,"0.2850714285714286,0.3002993827160494,0.35631818181818176,0.2,0.21,0.10583558664582342","0,0,0"
35.583333333333336,51,AV,0,0,0,97,932.1411738504048,0.5,-5.187965922076208,"0.21895555555555557,0.2818141592920354,0.34579166666666666,0.5,0.97,0.046056159767061025","0,0,0"
15.966666666666667,210,AV,1,0,0,11,3778.090807703549,1.0,-15.23321125328283,"0.2794583333333333,0.25494333333333336,0.32925,1.0,0.11,0.18667167456544997","0,0,0"
17.3,177,AV,1,0,0,14,2968.817229463249,1.0,-12.969832845887428,"0.2550555555555555,0.2905746031746032,0.32366666666666666,1.0,0.14,0.1466862793696381","0,0,0"
13.516666666666667,37,AV,1,0,0,5,827.3783452591958,0.4,-1.1296360909178584,"0.23305555555555554,0.31066517857142856,0.38616666666666666,0.4,0.05,0.040879933561629736","0,0,0"
18.55,46,AV,0,0,0,52,905.8209551718018,0.2,-1.8486352888099455,"0.23585555555555554,0.3202797101449275,0.33909259259259267,0.2,0.52,0.044755704180963","0,0,0"
12.033333333333333,207,AV,1,0,0,1,3630.005597296026,0.2,-2.2061145128347905,"0.18794444444444444,0.2632612612612613,0.31369696969696975,0.2,0.01,0.17935493295913799","0,0,0"
16.466666666666665,76,AV,1,0,0,10,1275.6237969650936,0.1,-0.5304361579972695,"0.2644038461538461,0.31054666666666675,0.3803666666666667,0.1,0.1,0.06302729140588091","0,0,0"
46.68333333333333,125,AV,1,0,0,94,1963.0347272178835,0.1,-2.3141667806975135,"0.2810185185185185,0.3131451612903226,0.29848148148148146,0.1,0.94,0.09699157548376398","0,0,0"
33.233333333333334,21,AV,1,0,0,57,640.5426603936758,0.3,-1.612679374779027,"0.21300793650793648,0.2996543209876543,0.3166833333333333,0.3,0.57,0.03164856990797825","0,0,0"
44.78333333333333,22,AV,1,0,0,89,658.4091024775607,0.5,-3.722948776004221,"0.2714469696969697,0.3170485436893204,0.3565555555555555,0.5,0.89,0.032531332877974904","0,0,0"
13.65,144,AV,0,0,0,26,2255.9253983027734,0.4,-4.110442594629582,"0.20088095238095238,0.2791458333333333,0.33565476190476196,0.4,0.26,0.11146300955425625","0,0,0"
22.883333333333333,79,AV,1,0,0,24,1317.647826688136,0.4,-3.0456741852572575,"0.19670175438596488,0.25545283018867926,0.2944393939393939,0.4,0.24,0.06510365653304864","0,0,0"
43.35,16,AV,1,0,0,84,614.9217871931492,1.0,-6.731530170409853,"0.2821,0.29281269841269836,0.3243333333333333,1.0,0.84,0.030382668279986823","0,0,0"
32.7,66,AV,2,0,0,42,1117.0806745336297,0.6,-5.534626978371166,"0.23889333333333332,0.2766573208722741,0.3197291666666667,0.6,0.42,0.055193834863552414","0,0,0"
18.25,81,AV,1,0,0,20,1338.7213376931895,0.3,-1.850883667643993,"0.28188888888888886,0.28333486238532113,0.35773809523809524,0.3,0.2,0.06614487755935793","0,0,0"
24.7,156,AV,1,0,0,39,2476.7673195544394,0.2,-3.089704686514881,"0.2339090909090909,0.31294393939393944,0.3603958333333333,0.2,0.39,0.12237458721412664","0,0,0"
39.166666666666664,282,AV,1,0,0,75,8981.750106371177,0.6,-53.30078977265723,"0.2756481481481481,0.2801407766990291,0.3084833333333333,0.6,0.75,0.4437792573608979","0,0,0"
10.216666666666667,254,AV,0,0,0,17,5670.319740923212,0.1,-2.462923401172529,"0.2780520833333333,0.290291277258567,0.3322058823529411,0.1,0.17,0.28016480683878775","0,0,0"
26.833333333333332,154,AV,1,0,0,41,2421.832203454489,0.5,-8.205281665744375,"0.25264102564102564,0.2926466049382716,0.37644444444444447,0.5,0.41,0.119660298268526","0,0,0"
13.683333333333334,53,AV,0,0,0,30,946.1123250925148,0.2,-1.653836884596763,"0.25529885057471263,0.3051734693877552,0.35430769230769227,0.2,0.3,0.04674646032644781","0,0,0"
36.65,234,AV,1,0,0,67,4679.48341028673,0.8,-34.64708423979973,"0.19222727272727272,0.2532612179487179,0.3355333333333333,0.8,0.67,0.23120857828995","0,0,0"
33.65,262,AV,0,0,0,94,6081.635477498837,0.5,-26.839271946696442,"0.2386231884057971,0.24254340277777783,0.3075,0.5,0.94,0.3004875045265025","0,0,0"
29.05,233,AV,0,0,0,73,4669.869929992837,0.8,-28.40600433662463,"0.26284210526315793,0.29772018348623847,0.34238888888888885,0.8,0.73,0.23073358587812023","0,0,0"
27.183333333333334,298,AV,1,0,0,42,19040.472291926453,0.1,-13.07029053372561,"0.268159420289855,0.26764603174603174,0.3221666666666667,0.1,0.42,0.9407706241479663","0,0,0"
23.95,142,AV,1,0,0,34,2241.037238818388,0.1,-1.3553747946894035,"0.21173076923076928,0.2704761904761905,0.30888461538461537,0.1,0.34,0.11072740053806189","0,0,0"
35.2,236,AV,1,0,0,62,4747.153558918807,0.4,-16.878768209489095,"0.26538095238095244,0.29411838006230523,0.36193055555555553,0.4,0.62,0.23455209241022626","0,0,0"
33.31666666666667,58,AV,1,0,0,60,979.573716991658,0.4,-3.2965788893372467,"0.26334722222222223,0.28802666666666665,0.36358333333333337,0.4,0.6,0.048399754113449336","0,0,0"
42.0,278,AV,2,0,0,76,8134.997760071039,0.1,-8.628027927348073,"0.25278,0.291453074433657,0.3480416666666667,0.1,0.76,0.40194207385440944","0,0,0"
19.883333333333333,41,AV,1,0,0,23,850.3216016091212,0.4,-1.7078007924573764,"0.15816091954022987,0.2552281553398058,0.2739166666666667,0.4,0.23,0.04201353682867991","0,0,0"
35.333333333333336,277,AV,1,0,0,63,8029.700924090037,0.5,-35.822739812859595,"0.2289444444444444,0.2929242424242425,0.3590897435897436,0.5,0.63,0.39673946287985623","0,0,0"
23.866666666666667,272,AV,1,0,0,33,7362.36439851089,0.2,-8.874499847363296,"0.24571666666666667,0.2738789308176101,0.33443333333333336,0.2,0.33,0.36376703498729634","0,0,0"
30.8,12,AV,1,0,0,48,591.6693204447811,0.7,-3.2213107446438083,"0.23101111111111106,0.2586683673469388,0.30035416666666664,0.7,0.48,0.02923378723751827","0,0,0"
18.25,64,AV,1,0,0,17,1089.3140785512585,0.6,-3.0121184747818885,"0.25002976190476195,0.3114947368421053,0.34365476190476196,0.6,0.17,0.05382191522667051","0,0,0"
15.85,34,AV,1,0,0,10,779.2240782816187,0.1,-0.3118864050697894,"0.2522450980392157,0.2942463126843658,0.34248333333333336,0.1,0.1,0.038500679564916006","0,0,0"
35.93333333333333,291,AV,1,0,0,62,13430.196447392702,0.2,-24.37331947860157,"0.22213492063492063,0.23903669724770638,0.3113666666666667,0.2,0.62,0.6635725259609666","0,0,0"
45.3,165,AV,1,0,0,90,2756.9260540590044,0.7,-22.07629423591187,"0.3179285714285714,0.35768055555555556,0.3794848484848485,0.7,0.9,0.1362169490778143","0,0,0"
20.25,116,AV,1,0,0,21,1778.835052690156,0.2,-1.819263122069478,"0.2522719298245614,0.29455059523809524,0.32535185185185184,0.2,0.21,0.08789045445501824","0,0,0"
14.033333333333333,151,AV,1,0,0,3,2382.718205806423,0.3,-2.5331423349608686,"0.26065151515151513,0.32077500000000003,0.35320370370370374,0.3,0.03,0.1177277149052501","0,0,0"
42.766666666666666,153,AV,1,0,0,84,2403.836358207942,0.3,-7.788186988840377,"0.22563461538461543,0.27451618122977345,0.33049999999999996,0.3,0.84,0.11877114161815011","0,0,0"
17.65,106,AV,1,0,0,17,1626.914224999384,0.3,-2.1753815205484184,"0.28493478260869565,0.2843745704467354,0.31629166666666664,0.3,0.17,0.0803841988487261","0,0,0"
19.166666666666668,261,AV,1,0,0,21,6031.594525491932,0.4,-11.677329468544988,"0.186275641025641,0.2569982993197279,0.2890888888888889,0.4,0.21,0.2980150313162421","0,0,0"
22.016666666666666,230,AV,1,0,0,27,4630.913868273173,0.6,-15.44807378785066,"0.2450396825396825,0.2745342679127726,0.33547222222222217,0.6,0.27,0.2288088059705391","0,0,0"
15.466666666666667,281,AV,1,0,0,7,8436.938288223368,0.9,-29.657116407088203,"0.23048484848484846,0.2792316666666666,0.3247564102564102,0.9,0.07,0.4168606522788469","0,0,0"
39.25,14,AV,2,0,0,62,597.1498506777683,0.3,-1.775616033265334,"0.294375,0.30905617977528094,0.30597222222222226,0.3,0.62,0.029504574735270385","0,0,0"
20.816666666666666,105,AV,1,0,0,24,1614.9493849180149,0.6,-5.093615610511617,"0.16763492063492066,0.24017129629629633,0.2903787878787879,0.6,0.24,0.0797930281099649","0,0,0"
24.433333333333334,113,AV,1,0,0,36,1697.366940102563,0.5,-5.236405585417418,"0.2489345238095238,0.27264089347079035,0.30219696969696963,0.5,0.36,0.08386519678534977","0,0,0"
31.333333333333332,273,AV,1,0,0,53,7572.106998522375,0.5,-29.95698896721815,"0.28424242424242424,0.28781060606060604,0.2869102564102563,0.5,0.53,0.37413020632558763","0,0,0"
45.13333333333333,246,AV,1,0,0,91,5064.807770076448,1.0,-57.72516599901945,"0.258014705882353,0.28771505376344086,0.39133333333333326,1.0,0.91,0.25024706813941117","0,0,0"
15.566666666666666,130,AV,0,0,0,34,2022.4315636845977,0.4,-4.180052324042785,"0.3124791666666667,0.33597524752475244,0.3510444444444445,0.4,0.34,0.09992631355425287","0,0,0"
21.85,33,AV,0,0,0,61,779.0639592631991,0.5,-3.1493115542804166,"0.1773796296296296,0.23239583333333333,0.2772435897435898,0.5,0.61,0.0384927682449347","0,0,0"
20.866666666666667,269,AV,1,0,0,24,7099.697064525982,0.4,-14.964344654522778,"0.26538333333333336,0.32996726190476194,0.3974166666666667,0.4,0.24,0.3507889056663633","0,0,0"
42.4,4,AV,1,0,0,83,522.440884226393,0.2,-1.1187622975353064,"0.1750128205128205,0.2651060606060607,0.2935769230769231,0.2,0.83,0.02581327969172718","0,0,0"
30.0,227,AV,1,0,0,51,4505.18942297478,1.0,-34.130222901324096,"0.21637254901960784,0.3012935779816514,0.3434642857142858,1.0,0.51,0.22259688732374286","0,0,0"
34.5,251,AV,1,0,0,62,5394.467136051333,0.7,-32.8980760948585,"0.24571666666666667,0.2658543543543544,0.3234074074074074,0.7,0.62,0.2665352065179911","0,0,0"
40.0,152,AV,1,0,0,78,2392.7441380289174,0.5,-12.084566353681403,"0.24830303030303028,0.31417788461538465,0.34709999999999996,0.5,0.78,0.1182230861528751","0,0,0"
37.233333333333334,67,AV,0,0,0,100,1141.5133047894662,0.3,-4.219874650125844,"0.23916666666666664,0.3017739273927393,0.383219298245614,0.3,1.0,0.0564010266003407","0,0,0"
36.61666666666667,24,AV,1,0,0,67,676.2529471816457,0.2,-1.2506125630960236,"0.1972647058823529,0.2392580645161291,0.3005384615384616,0.2,0.67,0.033412979334117666","0,0,0"
38.18333333333333,215,AV,1,0,0,71,3942.222625638348,0.1,-3.801191934064585,"0.19333333333333336,0.2853487654320988,0.30283333333333334,0.1,0.71,0.19478126294296802","0,0,0"
22.566666666666666,182,AV,1,0,0,28,3024.224513765153,0.2,-3.4468013397626405,"0.20050793650793647,0.24728193146417443,0.32587878787878793,0.2,0.28,0.14942389767216036","0,0,0"
36.56666666666667,270,AV,1,0,0,66,7332.887514065835,0.1,-6.771193268459783,"0.27749999999999997,0.31227177177177184,0.33551515151515154,0.1,0.66,0.3623106117141683","0,0,0"
37.333333333333336,159,AV,1,0,0,69,2530.9644311939346,0.3,-7.158283239740421,"0.31024358974358973,0.3197207602339181,0.3363205128205128,0.3,0.69,0.12505241210010515","0,0,0"
23.85,193,AV,1,0,0,28,3278.222126324269,0.1,-1.9743837806271167,"0.24501960784313728,0.2955233644859813,0.2964,0.1,0.28,0.16197366475964245","0,0,0"
17.716666666666665,48,AV,1,0,0,20,914.1934345695068,0.3,-1.2270045719032647,"0.22876851851851854,0.29120911949685535,0.3586999999999999,0.3,0.2,0.04516937998416169","0,0,0"
27.133333333333333,77,AV,1,0,0,42,1294.2551843223837,0.5,-4.434022390734092,"0.2968888888888889,0.3230173913043478,0.34991666666666665,0.5,0.42,0.06394784955402583","0,0,0"
49.45,118,AV,1,0,0,100,1824.367004680513,0.1,-2.2781552621578633,"0.21040476190476187,0.2844951456310679,0.3327083333333334,0.1,1.0,0.09014014250035135","0,0,0"
24.116666666666667,217,AV,2,0,0,7,4021.28082322038,0.3,-7.346961302020063,"0.28987962962962965,0.3202411003236246,0.3437962962962963,0.3,0.07,0.19868744913115402","0,0,0"
40.0,266,AV,1,0,0,71,6778.2755320215965,0.1,-6.846742961637976,"0.2535634920634921,0.31275742574257426,0.3504166666666667,0.1,0.71,0.3349077903708691","0,0,0"
33.88333333333333,224,AV,2,0,0,58,4429.527615460413,0.6,-22.740478894522774,"0.2818560606060606,0.3216846846846847,0.3917857142857143,0.6,0.58,0.2188585133596875","0,0,0"
19.583333333333332,237,AV,1,0,0,23,4754.245589533712,0.7,-16.457773558044938,"0.23789166666666658,0.2818582554517134,0.32142307692307687,0.7,0.23,0.234902502524312","0,0,0"
31.933333333333334,160,AV,1,0,0,56,2563.744074524839,0.2,-4.1347926319777715,"0.23272222222222216,0.27881786941580755,0.31344444444444447,0.2,0.56,0.12667202137465233","0,0,0"
15.933333333333334,222,AV,1,0,0,9,4237.057085974603,0.2,-3.4096183284442096,"0.1715208333333333,0.2745833333333334,0.3490119047619048,0.2,0.09,0.20934873768929974","0,0,0"
28.05,73,AV,1,0,0,44,1244.4027248274256,0.5,-4.407259650430466,"0.23538888888888887,0.2820795795795796,0.3636481481481482,0.5,0.44,0.06148468956958209","0,0,0"
43.56666666666667,285,AV,2,0,0,83,9280.176126726552,0.3,-30.62926817583739,"0.17706140350877192,0.2403045454545455,0.32166666666666666,0.3,0.83,0.4585241874827607","0,0,0"
14.866666666666667,284,AV,1,0,0,8,9095.945853089892,0.8,-27.318463639583115,"0.25990625,0.2927465277777779,0.30727777777777787,0.8,0.08,0.44942155458275634","0,0,0"
14.633333333333333,247,AV,1,0,0,5,5168.6614957092925,0.4,-7.639873389280739,"0.26390625,0.316082508250825,0.34647435897435896,0.4,0.05,0.255378376480178","0,0,0"
21.066666666666666,62,AV,1,0,0,24,1025.7249596144625,0.5,-2.7283593201866174,"0.3113333333333333,0.3486149999999999,0.3559444444444444,0.5,0.24,0.050680040687321244","0,0,0"
6.866666666666666,131,AV,0,0,0,4,2033.019749384408,1.0,-4.525269935801246,"0.2703055555555556,0.3061936026936027,0.34358333333333335,1.0,0.04,0.10044946518183244","0,0,0"
32.88333333333333,15,AV,2,0,0,45,601.3137559373858,0.2,-0.9986464987074599,"0.22326785714285716,0.2783254716981132,0.324,0.2,0.45,0.029710309114645228","0,0,0"
23.633333333333333,256,AV,1,0,0,30,5844.130995646287,0.3,-10.463355747255598,"0.29624000000000006,0.3212971698113208,0.3217407407407407,0.3,0.3,0.28875264647231946","0,0,0"
17.733333333333334,203,AV,1,0,0,13,3580.4564780460023,0.4,-6.413477597038631,"0.21116071428571426,0.2749871794871795,0.4121666666666667,0.4,0.13,0.17690676071171996","0,0,0"
34.53333333333333,209,AV,1,0,0,61,3759.463069718096,0.1,-3.2784543267912016,"0.24491228070175441,0.2907844036697248,0.3310694444444444,0.1,0.61,0.18575129672910448","0,0,0"
30.5,57,AV,0,0,0,83,961.7772661313056,0.3,-3.2222883800761224,"0.2015606060606061,0.2775295950155764,0.32598484848484843,0.3,0.83,0.04752044933955402","0,0,0"
51.0,245,AV,2,0,0,95,5009.92015912814,0.3,-19.356509705722356,"0.22768,0.2900506535947713,0.34271794871794875,0.3,0.95,0.24753512637567007","0,0,0"
17.05,119,AV,0,0,0,38,1848.7234685638712,1.0,-8.959781600761112,"0.26815000000000005,0.3247621359223301,0.3633703703703704,1.0,0.38,0.09134357093312716","0,0,0"
22.0,289,AV,1,0,0,26,11515.391842589095,0.2,-12.794879825098995,"0.2129469696969697,0.2914288025889967,0.3496944444444444,0.2,0.26,0.5689639524149042","0,0,0"
47.43333333333333,135,AV,1,0,0,94,2108.868816674547,0.6,-15.15616326327212,"0.27889080459770116,0.3386015873015873,0.33594444444444443,0.6,0.94,0.10419709146344741","0,0,0"
25.433333333333334,293,AV,1,0,0,36,14754.343640924068,0.1,-9.476064139751736,"0.28446875,0.27954782608695655,0.3442777777777778,0.1,0.36,0.7289973096860264","0,0,0"
30.883333333333333,229,AV,2,0,0,40,4609.601315671212,0.4,-14.379783228853126,"0.30936274509803924,0.32815714285714287,0.3568958333333333,0.4,0.4,0.2277557741388637","0,0,0"
46.583333333333336,101,AV,2,0,0,88,1587.6148581174584,0.2,-3.7351713202342567,"0.26141999999999993,0.32406756756756755,0.3963333333333333,0.2,0.88,0.07844245657766878","0,0,0"
21.516666666666666,26,AV,1,0,0,25,720.4688823460104,0.6,-2.348801331082574,"0.22450877192982455,0.2932454545454546,0.35004545454545455,0.6,0.25,0.035597644309025005","0,0,0"
24.133333333333333,253,AV,1,0,0,36,5654.280440205098,0.2,-6.891749223414968,"0.28584166666666666,0.32260925925925926,0.358,0.2,0.36,0.2793723210896882","0,0,0"
18.816666666666666,211,AV,1,0,0,19,3783.636689084741,0.2,-3.5957288063776707,"0.24116666666666667,0.2749806547619048,0.318547619047619,0.2,0.19,0.18694569099783895","0,0,0"
21.416666666666668,96,AV,1,0,0,24,1541.4014724042315,1.0,-8.336283215654198,"0.31542777777777775,0.2876599326599326,0.3062142857142857,1.0,0.24,0.07615909957607497","0,0,0"
33.65,158,AV,0,0,0,94,2528.765907819195,0.6,-13.892874666381198,"0.2925701754385965,0.3104477124183006,0.33459259259259255,0.6,0.94,0.12494378526691811","0,0,0"
36.85,192,AV,2,0,0,61,3274.575105225111,0.3,-9.141522168753436,"0.19566666666666666,0.24032078853046593,0.28652564102564104,0.3,0.61,0.16179346910781556","0,0,0"
45.11666666666667,19,AV,1,0,0,87,617.4453946714843,0.4,-2.8138462683092733,"0.2500066666666667,0.2627058823529412,0.3438589743589744,0.4,0.87,0.03050735719243069","0,0,0"
12.083333333333334,242,AV,0,0,0,23,4968.170350229253,1.0,-16.15961070671805,"0.2416481481481481,0.304523598820059,0.35920370370370364,1.0,0.23,0.24547231022417584","0,0,0"
20.816666666666666,2,AV,1,0,0,23,506.5869000089976,0.8,-2.1303940677146063,"0.25941228070175437,0.3301230529595015,0.3734404761904762,0.8,0.23,0.025029950244917432","0,0,0"
12.533333333333333,8,AV,1,0,0,0,548.7192496267361,0.8,-1.3893497498966518,"0.27466666666666667,0.3245777777777778,0.36798484848484847,0.8,0.0,0.02711166734935643","0,0,0"
36.65,290,AV,1,0,0,67,12197.400506638176,0.4,-45.15502308770598,"0.23995370370370367,0.2752261904761904,0.33891666666666664,0.4,0.67,0.6026613159421645","0,0,0"
30.366666666666667,190,AV,1,0,0,53,3252.767976975094,0.1,-2.4943363863841,"0.21273809523809523,0.2807835051546391,0.3361,0.1,0.53,0.1607160007897979","0,0,0"
16.666666666666668,248,AV,1,0,0,11,5341.061461458292,1.0,-22.479214905127492,"0.2697608695652174,0.29535377358490567,0.3509242424242424,1.0,0.11,0.26389648574207625","0,0,0"
26.633333333333333,275,AV,1,0,0,44,7958.958807233507,0.2,-10.70573752016763,"0.22484027777777782,0.3189142394822006,0.36375,0.2,0.44,0.3932441658930853","0,0,0"
46.266666666666666,200,AV,1,0,0,97,3520.054626539052,1.0,-41.126564155186905,"0.3035555555555556,0.29405367231638424,0.3504285714285714,1.0,0.97,0.17392236585687273","0,0,0"
38.25,220,AV,1,0,0,71,4090.160813256426,0.2,-7.901447025609006,"0.21080864197530869,0.2719983164983165,0.31775000000000003,0.2,0.71,0.20209074030082702","0,0,0"
17.383333333333333,149,AV,1,0,0,13,2314.8193170712048,0.3,-3.0484299844763467,"0.19460416666666672,0.29255723905723907,0.3439166666666666,0.3,0.13,0.11437289896607457","0,0,0"
39.166666666666664,225,AV,1,0,0,71,4459.768546990965,0.3,-13.232899097763593,"0.14391666666666664,0.2834400584795322,0.3252777777777778,0.3,0.71,0.22035268743240086","0,0,0"
34.516666666666666,98,AV,2,0,0,47,1564.4426034616197,0.1,-1.3636197945155786,"0.2938796296296296,0.3361333333333334,0.4159047619047619,0.1,0.47,0.07729753873417955","0,0,0"
31.5,168,AV,1,0,0,55,2813.5576138103806,0.4,-8.952228771214848,"0.24723717948717952,0.30568811881188124,0.3391833333333333,0.4,0.55,0.1390150576014335","0,0,0"
47.21666666666667,36,AV,1,0,0,99,813.126641713825,0.1,-0.9695234747370652,"0.27986111111111106,0.3525352564102564,0.35356249999999995,0.1,0.99,0.040175771194542055","0,0,0"
40.65,206,AV,1,0,0,80,3623.60917519969,0.4,-14.878758886047212,"0.2826470588235294,0.3055614035087719,0.36087254901960786,0.4,0.8,0.17903889216374055","0,0,0"
30.416666666666668,195,AV,1,0,0,51,3368.9508766880413,1.0,-25.87683228095823,"0.2365333333333334,0.2821452145214522,0.3618,1.0,0.51,0.16645648124650464","0,0,0"
35.71666666666667,134,AV,1,0,0,64,2078.9202215407213,0.3,-5.625159134800209,"0.23683333333333334,0.3081084142394822,0.3444583333333333,0.3,0.64,0.10271736143866485","0,0,0"
24.883333333333333,258,AV,1,0,0,39,5912.288420941998,0.5,-18.575434790543778,"0.2518125,0.28190625,0.3084895833333334,0.5,0.39,0.2921202364434439","0,0,0"
38.7,91,AV,1,0,0,70,1485.5718097438446,0.5,-7.259044070339241,"0.21035416666666668,0.3010444444444445,0.37557575757575756,0.5,0.7,0.07340061198282061","0,0,0"
33.0,219,AV,1,0,0,61,4061.843573313689,0.2,-6.769739288856148,"0.27811594202898543,0.2780816326530612,0.3355444444444445,0.2,0.61,0.20069161389857007","0,0,0"
40.43333333333333,186,AV,1,0,0,75,3151.1733449572957,0.2,-6.434971830695623,"0.2841599999999999,0.2837610062893081,0.3463148148148148,0.2,0.75,0.1556963119969945","0,0,0"
29.05,44,AV,1,0,0,43,870.7377108213431,0.1,-0.6387608711959601,"0.24975333333333333,0.26064983164983174,0.3196145833333333,0.1,0.43,0.04302227629226974","0,0,0"
12.266666666666667,175,AV,1,0,0,1,2964.6777926145683,0.7,-6.428459590719805,"0.25142592592592583,0.3488194444444445,0.3835,0.7,0.01,0.14648175394988758","0,0,0"
29.066666666666666,40,AV,1,0,0,45,849.0657401736111,0.6,-3.7393198254110547,"0.30086309523809524,0.3074353741496598,0.34614285714285714,0.6,0.45,0.04195148597571712","0,0,0"
42.5,54,AV,1,0,0,83,946.2003450753726,1.0,-10.154927945884682,"0.3222847222222222,0.343915,0.3821833333333333,1.0,0.83,0.04675080930545112","0,0,0"
46.85,292,AV,1,0,0,94,14505.369879802229,0.1,-17.161024718907434,"0.24671153846153848,0.2937741935483871,0.33092424242424245,0.1,0.94,0.7166957660553899","0,0,0"
32.18333333333333,265,AV,1,0,0,56,6709.13861087917,0.3,-16.357760931322826,"0.27300724637681156,0.2936362179487179,0.37782051282051277,0.3,0.56,0.3314918044931234","0,0,0"
39.583333333333336,89,AV,1,0,0,76,1467.6871321740252,0.5,-7.335347093672791,"0.20184848484848483,0.2311284403669725,0.292462962962963,0.5,0.76,0.07251694801576773","0,0,0"
24.333333333333332,189,AV,1,0,0,30,3245.380745418587,0.7,-13.959508088458737,"0.2197820512820513,0.28907928802589,0.3234393939393939,0.7,0.3,0.16035100509349434","0,0,0"
29.766666666666666,179,AV,2,0,0,28,2996.640782499388,0.3,-6.757576310030185,"0.29278985507246374,0.3005416666666667,0.33394444444444443,0.3,0.28,0.14806101319737625","0,0,0"
8.8,75,AV,0,0,0,12,1265.4739572733297,0.2,-1.5624328698992578,"0.24371296296296294,0.2791053459119497,0.2921666666666667,0.2,0.12,0.06252579801457091","0,0,0"
32.31666666666667,139,AV,1,0,0,58,2187.907521251699,1.0,-17.85501971257174,"0.22518888888888897,0.29792679127725863,0.3234166666666667,1.0,0.58,0.10810231452182832","0,0,0"
15.566666666666666,70,AV,0,0,0,36,1167.011530479414,0.2,-1.9174989641984617,"0.26476041666666666,0.3039728260869566,0.3497083333333333,0.2,0.36,0.05766086833794136","0,0,0"
32.666666666666664,136,AV,1,0,0,58,2123.4400354784907,0.5,-8.758296442630138,"0.3118222222222223,0.31399183006535947,0.3918958333333334,0.5,0.58,0.10491704075874904","0,0,0"
26.966666666666665,140,AV,1,0,0,38,2218.0502812558643,0.1,-1.5104399642558874,"0.17738405797101447,0.24298456790123463,0.31420370370370376,0.1,0.38,0.10959163803796217","0,0,0"
42.833333333333336,174,AV,1,0,0,83,2949.689674384749,0.4,-12.762125358870042,"0.3266574074074074,0.3234799382716049,0.3776851851851852,0.4,0.83,0.14574120607241453","0,0,0"
23.433333333333334,90,AV,2,0,0,5,1475.2077210572677,0.3,-2.6188662320789375,"0.21146913580246907,0.2610572916666667,0.31802380952380954,0.3,0.05,0.07288853276372843","0,0,0"
37.56666666666667,208,AV,1,0,0,70,3758.845856207275,0.1,-3.5658411447353533,"0.19226,0.2438964401294499,0.31886666666666663,0.1,0.7,0.18572080082906037","0,0,0"
28.483333333333334,180,AV,1,0,0,47,3001.8426729260827,0.7,-15.114075713895087,"0.28336666666666666,0.29607704402515717,0.32157407407407407,0.7,0.47,0.14831803338198302","0,0,0"
10.15,169,AV,0,0,0,19,2850.5966631146844,0.3,-3.191936070501064,"0.2639944444444444,0.3167227722772277,0.35757407407407404,0.3,0.19,0.14084511984976505","0,0,0"
45.61666666666667,132,AV,1,0,0,88,2035.9911412414244,0.1,-2.3453315461185937,"0.322025,0.3781373456790123,0.3686527777777778,0.1,0.88,0.10059627867096521","0,0,0"
22.066666666666666,104,AV,1,0,0,24,1597.8734280578535,0.2,-1.7807949652765978,"0.2326203703703704,0.2658316498316498,0.3218205128205128,0.2,0.24,0.07894932222142612","0,0,0"
39.4,121,AV,1,0,0,74,1885.557658153182,0.5,-9.380173198388304,"0.24919607843137254,0.2991382978723404,0.31776666666666664,0.5,0.74,0.09316351126856799","0,0,0"
29.666666666666668,171,AV,1,0,0,49,2909.5116230827134,0.1,-2.1796846334542215,"0.2666428571428572,0.322437908496732,0.35584999999999994,0.1,0.49,0.14375604888613547","0,0,0"
14.816666666666666,59,AV,1,0,0,6,985.8695826897422,0.7,-2.5820986587029737,"0.32293333333333335,0.3258432343234323,0.36790740740740746,0.7,0.06,0.04871082651814225","0,0,0"
30.6,1,AV,1,0,0,54,491.8679742725259,0.9,-3.420718184713476,"0.2916597222222222,0.3084267912772585,0.3447777777777778,0.9,0.54,0.024302702898339818","0,0,0"
47.25,148,AV,1,0,0,100,2302.618320259251,0.4,-10.98976925578279,"0.2272866666666666,0.257936170212766,0.3125625,0.4,1.0,0.11377005996029654","0,0,0"
22.05,276,AV,0,0,0,62,8028.27043643778,0.5,-23.35143473780973,"0.2328939393939394,0.26988368055555556,0.3189583333333334,0.5,0.62,0.39666878392080435","0,0,0"
30.683333333333334,78,AV,1,0,0,56,1310.9401185904849,0.1,-1.0157578949179642,"0.2761574074074074,0.309753086419753,0.33973809523809523,0.1,0.56,0.06477223540877823","0,0,0"
42.833333333333336,183,AV,1,0,0,79,3065.2253709468137,0.3,-9.946501519360242,"0.2867916666666667,0.31382704402515726,0.35614999999999997,0.3,0.79,0.15144970887106365","0,0,0"
34.016666666666666,271,AV,1,0,0,60,7336.658338656486,0.1,-6.30223891801258,"0.2426858974358975,0.27236265432098766,0.338,0.1,0.6,0.3624969243722426","0,0,0"
35.666666666666664,260,AV,1,0,0,63,5985.732437913218,0.6,-32.347139942258295,"0.2657777777777778,0.32459309309309303,0.3883958333333334,0.6,0.63,0.2957490316028605","0,0,0"
37.11666666666667,56,AV,2,0,0,50,959.5289757906356,0.1,-0.899356493722957,"0.3153939393939394,0.3218809523809524,0.3736282051282051,0.1,0.5,0.04740936357053375","0,0,0"
42.96666666666667,161,AV,1,0,0,84,2612.3907844155665,0.3,-8.503463942201176,"0.21598333333333336,0.29487980769230765,0.30619999999999997,0.3,0.84,0.12907560648141725","0,0,0"
35.916666666666664,239,AV,1,0,0,64,4925.450001742355,0.1,-4.467316815553357,"0.22032407407407406,0.30367699115044244,0.34637037037037033,0.1,0.64,0.24336154068581314","0,0,0"
29.983333333333334,199,AV,1,0,0,45,3487.44186130441,0.3,-7.921600894553831,"0.32519871794871796,0.3014607843137255,0.3632424242424242,0.3,0.45,0.17231100186155868","0,0,0"
44.833333333333336,150,AV,1,0,0,86,2318.1098695731453,0.2,-5.248918812417308,"0.19769444444444445,0.2555392156862745,0.30610714285714286,0.2,0.86,0.11453548186231685","0,0,0"
47.15,100,AV,1,0,0,99,1573.7150367511856,0.3,-5.621262422940787,"0.18635964912280703,0.2724012345679013,0.3004583333333333,0.3,0.99,0.07775568035585004","0,0,0"
39.21666666666667,216,AV,1,0,0,73,3958.913906791885,0.1,-3.920591086987082,"0.2583333333333334,0.2909102564102565,0.3357166666666667,0.1,0.73,0.19560596239095915","0,0,0"
24.016666666666666,164,AV,1,0,0,27,2744.8905386527767,0.7,-11.65307696270646,"0.18792499999999998,0.23816360856269111,0.3074545454545455,0.7,0.27,0.1356222863421919","0,0,0"
36.1,86,AV,1,0,0,65,1405.7852601227096,0.3,-3.8446096886689256,"0.2942733333333333,0.33076237623762383,0.4175416666666667,0.3,0.65,0.0694584386514629","0,0,0"
23.633333333333333,63,AV,2,0,0,14,1052.4070316009115,0.1,-0.6280779338426316,"0.24689333333333333,0.2815144230769231,0.2983541666666667,0.1,0.14,0.05199837508215116","0,0,0"
49.78333333333333,170,AV,1,0,0,98,2891.134206742707,0.1,-3.6346034829715763,"0.18343650793650793,0.277886524822695,0.32290625000000006,0.1,0.98,0.14284803919103217","0,0,0"
41.8,95,AV,1,0,0,82,1526.0895405694364,0.3,-4.8326168784698815,"0.30431481481481476,0.312093137254902,0.34115151515151515,0.3,0.82,0.07540255239340664","0,0,0"
30.716666666666665,87,AV,1,0,0,56,1421.705549214182,0.1,-1.1027791781152094,"0.2737,0.3367972972972973,0.3781481481481481,0.1,0.56,0.07024504415554754","0,0,0"
14.95,257,AV,1,0,0,6,5882.279762541917,0.1,-2.2207091527778196,"0.24939743589743593,0.28783333333333333,0.32653333333333345,0.1,0.06,0.29063753875296394","0,0,0"
41.8,127,AV,1,0,0,79,1997.7276787447236,0.2,-4.2174250995721945,"0.2601730769230769,0.3119903846153846,0.3338333333333333,0.2,0.79,0.09870571939579707","0,0,0"
12.7,197,AV,1,0,0,1,3393.6426315430986,0.1,-1.0883651873888218,"0.19946296296296295,0.27523478260869566,0.3134047619047619,0.1,0.01,0.16767647606964517","0,0,0"
27.25,184,AV,1,0,0,40,3101.095365071405,0.1,-2.133960825712015,"0.2844122807017544,0.3248250825082508,0.36922222222222223,0.1,0.4,0.15322200927639995","0,0,0"
31.05,196,AV,2,0,0,50,3387.2787239910285,0.2,-5.311868908076841,"0.31252777777777774,0.3067940251572327,0.33388888888888885,0.2,0.5,0.16736204178524355","0,0,0"
27.216666666666665,20,AV,0,0,0,66,626.2908344343901,0.2,-1.8608863069287533,"0.22722916666666668,0.29503181818181823,0.35891666666666666,0.2,0.66,0.030944401492541913","0,0,0"
23.8,39,AV,1,0,0,35,835.7777612710734,0.5,-2.5115543836176193,"0.24342982456140347,0.33165224358974355,0.3682352941176471,0.5,0.35,0.04129494027589717","0,0,0"
25.85,84,AV,1,0,0,41,1365.417472605012,0.1,-0.8913141835060496,"0.18849074074074074,0.225557057057057,0.2852708333333333,0.1,0.41,0.06746390678921493","0,0,0"
28.083333333333332,27,AV,1,0,0,45,727.2326469992182,0.1,-0.5157352736505398,"0.18826315789473683,0.2658176100628931,0.2893205128205128,0.1,0.45,0.03593183513143892","0,0,0"
32.06666666666667,94,AV,0,0,0,88,1509.578116022191,0.9,-12.001622330404151,"0.22731578947368417,0.32380952380952377,0.33222222222222214,0.9,0.88,0.07458673947980204","0,0,0"
17.083333333333332,68,AV,0,0,0,43,1148.2139867956057,0.1,-1.4953364210713367,"0.2722777777777778,0.28513141025641026,0.3497708333333333,0.1,0.43,0.05673210057248192","0,0,0"
13.65,166,AV,1,0,0,1,2761.3662775036096,0.7,-6.66284211655227,"0.25376984126984126,0.3223986928104576,0.3767380952380953,0.7,0.01,0.13643633606135613","0,0,0"
15.05,23,AV,1,0,0,9,670.158540600369,0.2,-0.5093881836381593,"0.23265833333333333,0.28661160714285705,0.31197916666666664,0.2,0.09,0.033111860822172434","0,0,0"
28.266666666666666,250,AV,1,0,0,39,5386.149373461946,0.6,-23.067952872200657,"0.26932142857142854,0.3049851485148515,0.35317777777777776,0.6,0.39,0.2661242342173697","0,0,0"
46.9,274,AV,1,0,0,99,7592.14370769901,0.1,-8.99170555280514,"0.21620833333333334,0.3009482200647249,0.3445185185185185,0.1,0.99,0.37512020001424035","0,0,0"
22.35,243,AV,1,0,0,24,4999.976398121604,0.6,-16.931738257275434,"0.25459374999999995,0.27537687687687684,0.33673333333333333,0.6,0.24,0.24704381512534654","0,0,0"
32.15,99,AV,1,0,0,57,1567.0706205360798,0.3,-3.8167667007753754,"0.24246031746031743,0.32723397435897433,0.3521444444444445,0.3,0.57,0.07742738641996724","0,0,0"
12.216666666666667,172,AV,1,0,0,4,2909.8477340427667,0.1,-0.8976929246857526,"0.2723518518518519,0.2905194174757282,0.36111666666666664,0.1,0.04,0.1437726557913017","0,0,0"
31.3,42,AV,1,0,0,55,854.5785374972068,0.5,-3.37731164440184,"0.21683974358974362,0.2934501557632399,0.40883333333333327,0.5,0.55,0.04222386775802824","0,0,0"
23.833333333333332,129,AV,0,0,0,65,2015.5588757501516,0.3,-4.639203525659996,"0.17087254901960783,0.22267973856209144,0.266030303030303,0.3,0.65,0.09958674094184428","0,0,0"
17.35,25,AV,1,0,0,16,679.8949342204361,0.2,-0.5957665206426549,"0.263921052631579,0.30736949685534587,0.36,0.2,0.16,0.033592926258074716","0,0,0"
33.86666666666667,10,AV,2,0,0,51,583.3206434887895,0.8,-3.990934503600068,"0.17023958333333336,0.23821269841269843,0.26775,0.8,0.51,0.028821287489073047","0,0,0"
31.85,9,AV,1,0,0,55,572.7967315704935,1.0,-4.60696361124248,"0.26332142857142854,0.29312106918239,0.30469444444444443,1.0,0.55,0.02830131156452355","0,0,0"
29.683333333333334,244,AV,1,0,0,50,5004.1281918097375,0.1,-3.750990029298461,"0.30712222222222224,0.3076761904761905,0.32113095238095235,0.1,0.5,0.2472489510841313","0,0,0"
34.15,117,AV,1,0,0,59,1823.811293294481,0.1,-1.5728069612627913,"0.26467857142857143,0.3245751633986928,0.3703,0.1,0.59,0.09011268535856054","0,0,0"
21.266666666666666,110,AV,1,0,0,25,1653.1781197118603,0.4,-3.55127151641807,"0.27799999999999997,0.2794288025889968,0.3233472222222222,0.4,0.25,0.08168187152419273","0,0,0"
23.55,60,AV,1,0,0,28,1020.7360413649084,0.4,-2.428114522640767,"0.20153125,0.2315349206349207,0.3533518518518518,0.4,0.28,0.05043354324421705","0,0,0"
46.266666666666666,11,AV,1,0,0,94,586.8516376274475,0.6,-4.113889257711602,"0.200875,0.31546315789473683,0.3219166666666667,0.6,0.94,0.028995750365243225","0,0,0"
33.78333333333333,218,AV,1,0,0,61,4034.238052294327,0.8,-27.533335124581146,"0.2778703703703703,0.29999838187702266,0.33619696969696966,0.8,0.61,0.1993276528139321","0,0,0"
16.366666666666667,80,AV,1,0,0,12,1323.5149786113286,0.2,-1.0940165900642465,"0.2872301587301587,0.3081786786786787,0.32647916666666665,0.2,0.12,0.06539354662044386","0,0,0"
36.5,141,AV,1,0,0,67,2225.3307045190536,0.1,-2.051125523104683,"0.2533958333333333,0.2788003144654088,0.2866818181818182,0.1,0.67,0.1099513564437013","0,0,0"
41.18333333333333,297,AV,1,0,0,81,18628.94525544202,0.2,-38.74757889410541,"0.29450000000000004,0.3377040229885057,0.3765333333333333,0.2,0.81,0.9204374863438488","0,0,0"
32.43333333333333,13,AV,0,0,0,86,595.9176043698985,0.2,-1.9761411263500188,"0.271735294117647,0.35405238095238095,0.3787727272727273,0.2,0.86,0.029443690682060725","0,0,0"
25.166666666666668,115,AV,1,0,0,36,1717.0377309640771,0.1,-1.0912150562945104,"0.2268257575757576,0.28792307692307695,0.3307380952380952,0.1,0.36,0.0848371108173414","0,0,0"
43.233333333333334,6,AV,1,0,0,80,541.9839687696077,1.0,-5.9171145411968125,"0.32543333333333335,0.3641757575757576,0.38105000000000006,1.0,0.8,0.02677888388271631","0,0,0"
46.43333333333333,122,AV,1,0,0,98,1899.102970895097,0.1,-2.226810133381204,"0.2649464285714285,0.2940019379844961,0.3234583333333334,0.1,0.98,0.0938327715750938","0,0,0"
46.28333333333333,194,AV,1,0,0,93,3362.377553451843,0.8,-31.438796181601916,"0.22493181818181818,0.2912142857142857,0.37801282051282054,0.8,0.93,0.1661316999433504","0,0,0"
32.36666666666667,235,AV,2,0,0,29,4689.4303597647895,0.1,-3.8328593260367096,"0.24749333333333332,0.2805095238095238,0.3231166666666666,0.1,0.29,0.2317000470794511","0,0,0"
44.733333333333334,28,AV,1,0,0,87,742.4887258523852,0.7,-5.871160850721639,"0.2557884615384615,0.2942830188679246,0.3100416666666666,0.7,0.87,0.0366856226743472","0,0,0"
14.183333333333334,32,AV,1,0,0,8,767.6170681366935,0.1,-0.2749335542863326,"0.2029130434782609,0.27510856269113154,0.35569047619047617,0.1,0.08,0.03792718884414417","0,0,0"
35.56666666666667,82,AV,0,0,0,95,1342.087988935639,0.2,-3.4107876838288336,"0.2565,0.3038302752293578,0.3788666666666667,0.2,0.95,0.06631122041798494","0,0,0"
37.75,18,AV,1,0,0,68,616.3739675020589,0.2,-1.1751574380405418,"0.2926576576576577,0.29330615942028987,0.3312121212121212,0.2,0.68,0.030454419051430016","0,0,0"
23.833333333333332,299,AV,1,0,0,30,20239.22920549412,0.3,-36.54305273214216,"0.24302941176470583,0.29501111111111106,0.3091666666666667,0.3,0.3,1.0","0,0,0"
30.666666666666668,85,AV,1,0,0,54,1391.0507319816634,0.7,-7.540712722190161,"0.239768115942029,0.29354603174603183,0.3468055555555556,0.7,0.54,0.06873042040573611","0,0,0"
40.266666666666666,102,AV,1,0,0,79,1588.8002265047048,0.7,-11.308833935457727,"0.28508333333333336,0.33901724137931033,0.3676111111111111,0.7,0.79,0.07850102443987396","0,0,0"
29.333333333333332,5,AV,1,0,0,50,539.5213747330826,0.2,-0.7992909255304926,"0.26162962962962966,0.3048956386292834,0.33281666666666665,0.2,0.5,0.026657209583190285","0,0,0"
26.316666666666666,204,AV,1,0,0,42,3583.4963710051925,0.2,-4.762913105906733,"0.23641304347826086,0.26892380952380956,0.34508333333333335,0.2,0.42,0.17705695877155342","0,0,0"
8.616666666666667,157,AV,0,0,0,17,2486.38103050259,0.1,-1.5410180946001004,"0.2516538461538461,0.27639898989898987,0.3106547619047619,0.1,0.17,0.12284959102235175","0,0,0"
48.46666666666667,71,AV,1,0,0,98,1174.3503864217532,0.2,-2.8745883196249653,"0.30836,0.28257253086419754,0.34364285714285714,0.2,0.98,0.05802347384370573","0,0,0"
23.8,138,AV,0,0,0,65,2187.718469250836,0.1,-2.3148408981861084,"0.22952857142857142,0.300765306122449,0.307,0.1,0.65,0.10809297365222585","0,0,0"
27.733333333333334,29,AV,1,0,0,43,742.6585956180782,0.2,-1.0402221406637056,"0.30774509803921574,0.32905652173913047,0.30314583333333334,0.2,0.43,0.03669401576896401","0,0,0"
25.666666666666668,295,AV,0,0,0,65,17322.90883950548,0.8,-90.8224902789173,"0.25057142857142856,0.2760688073394495,0.2776666666666667,0.8,0.65,0.8559075379611304","0,0,0"
32.93333333333333,286,AV,1,0,0,57,10450.70686878338,0.2,-17.382657216090873,"0.2859855072463768,0.3062192028985507,0.35577083333333337,0.2,0.57,0.5163589365323479","0,0,0"
38.233333333333334,55,AV,1,0,0,69,950.4213588862824,0.4,-3.670482487012007,"0.17357692307692307,0.23118768768768763,0.31914583333333335,0.4,0.69,0.04695936536102284","0,0,0"
12.216666666666667,31,AV,0,0,0,21,763.1985099142711,0.1,-1.235448025154529,"0.23722549019607844,0.23418728522336774,0.2902962962962963,0.1,0.21,0.03770887231748401","0,0,0"
45.38333333333333,49,AV,1,0,0,90,921.9548251796884,0.2,-2.1132011691618615,"0.26794117647058824,0.2894373088685015,0.3289666666666667,0.2,0.9,0.04555286250374671","0,0,0"
15.95,109,AV,1,0,0,10,1649.648602545546,0.2,-1.3288835964950234,"0.20584126984126982,0.26917289719626164,0.30288888888888893,0.2,0.1,0.08150748162374356","0,0,0"
12.583333333333334,120,AV,1,0,0,4,1862.7228332236152,0.2,-1.1838011271749407,"0.3186296296296296,0.3210686274509804,0.3539,0.2,0.04,0.09203526548916015","0,0,0"
17.566666666666666,69,AV,1,0,0,11,1148.9174546898266,0.4,-2.038651510510231,"0.2676,0.2896683006535947,0.34051282051282045,0.4,0.11,0.05676685821503235","0,0,0"
39.03333333333333,181,AV,1,0,0,76,3022.892107624705,0.4,-11.918540936122996,"0.2693985507246377,0.29875825825825825,0.3406666666666667,0.4,0.76,0.14935806482215805","0,0,0"
40.233333333333334,52,AV,2,0,0,84,938.3100494872764,0.5,-4.766583458464405,"0.23682352941176468,0.27768350168350164,0.31302222222222226,0.5,0.84,0.04636095772029518","0,0,0"
34.53333333333333,128,AV,1,0,0,63,2010.868248891871,0.5,-8.767927213181725,"0.2735128205128205,0.29944498381877016,0.34018181818181825,0.5,0.63,0.09935498177697413","0,0,0"
21.733333333333334,223,AV,2,0,0,0,4412.688598555705,0.5,-12.108892955632658,"0.23419166666666663,0.31986060606060607,0.3625333333333334,0.5,0.0,0.21802651443652019","0,0,0"
13.883333333333333,228,AV,1,0,0,6,4549.115907877681,0.2,-3.1897420465169257,"0.24957971014492752,0.30275566343042065,0.3381904761904762,0.2,0.06,0.22476725085176577","0,0,0"
34.0,201,AV,1,0,0,60,3523.1638559153366,0.3,-9.0748159925092,"0.26930701754385966,0.3045636363636364,0.3557121212121212,0.3,0.6,0.1740759897594787","0,0,0"
13.666666666666666,167,AV,1,0,0,3,2793.3389947689566,0.4,-3.85612453823324,"0.2600740740740741,0.26855087719298254,0.37264814814814806,0.4,0.03,0.13801607592895285","0,0,0"
20.7,65,AV,0,0,0,56,1111.987968807459,0.2,-2.162532876480525,"0.24858333333333335,0.31388253968253976,0.38088095238095243,0.2,0.56,0.05494220938540485","0,0,0"
44.78333333333333,114,AV,1,0,0,86,1703.2333497257905,0.2,-3.8523468103646463,"0.26905,0.29664696969696963,0.3654833333333333,0.2,0.86,0.08415505019644881","0,0,0"
25.4,50,AV,0,0,0,65,931.9887487728153,0.7,-5.184535341712286,"0.22661111111111112,0.25825148809523807,0.3432333333333334,0.7,0.65,0.046048628596973375","0,0,0"
46.016666666666666,38,AV,1,0,0,92,832.4581618945489,0.7,-6.771430511336677,"0.25014393939393936,0.3128484848484849,0.3494375,0.7,0.92,0.041130922202737376","0,0,0"
24.716666666666665,103,AV,2,0,0,22,1594.6992934726818,0.2,-1.990689437895612,"0.1787222222222222,0.2377947530864198,0.27116666666666667,0.2,0.22,0.07879249141759738","0,0,0"
35.75,17,AV,1,0,0,65,615.3970356119416,0.3,-1.6667003047823417,"0.3044166666666667,0.34651900584795325,0.37520833333333337,0.3,0.65,0.030406149827330708","0,0,0"
42.833333333333336,191,AV,1,0,0,85,3257.3450634265246,0.3,-10.569920218442132,"0.18978571428571428,0.2656111111111111,0.3210151515151516,0.3,0.85,0.1609421500371313","0,0,0"
27.733333333333334,187,AV,1,0,0,44,3159.4556453821087,0.6,-13.276096449282397,"0.24131666666666668,0.28916830065359483,0.295375,0.6,0.44,0.15610553214765938","0,0,0"
40.416666666666664,3,AV,1,0,0,79,513.3463032142733,0.2,-1.0478659808877213,"0.23747500000000002,0.30323979591836736,0.3612638888888889,0.2,0.79,0.02536392557256681","0,0,0"
36.083333333333336,83,AV,2,0,0,58,1348.5865378412918,0.4,-4.915302785229625,"0.27627083333333335,0.2744150641025641,0.33480000000000004,0.4,0.58,0.0666323071965214","0,0,0"
18.316666666666666,214,AV,1,0,0,17,3941.04555698938,0.1,-1.8228994390283368,"0.20821666666666666,0.2771464174454829,0.3219803921568627,0.1,0.17,0.19472310516250035","0,0,0"
39.81666666666667,188,AV,1,0,0,78,3206.59631480788,0.2,-6.448281646528641,"0.22577450980392158,0.274212389380531,0.39065000000000005,0.2,0.78,0.15843470530673276","0,0,0"
44.7,232,AV,1,0,0,86,4645.51881630073,0.4,-20.975221322085115,"0.27948666666666666,0.3018333333333334,0.3359444444444445,0.4,0.86,0.2295304217929239","0,0,0"
20.233333333333334,133,AV,0,0,0,54,2046.5713793034688,0.4,-5.182723324030996,"0.2806315789473684,0.2928473520249221,0.3488690476190477,0.4,0.54,0.10111903761374018","0,0,0"
28.133333333333333,123,AV,1,0,0,45,1929.5758599688188,0.7,-9.595904192504866,"0.2867820512820513,0.3077009345794393,0.35233333333333333,0.7,0.45,0.09533840643718873","0,0,0"
28.133333333333333,35,AV,1,0,0,47,783.6834518391023,0.1,-0.5567582772324935,"0.2580430107526881,0.3009964912280702,0.33535714285714285,0.1,0.47,0.038721012736313315","0,0,0"
19.4,264,AV,1,0,0,23,6254.49597505133,0.6,-18.384427563029668,"0.2231451612903226,0.2819504950495049,0.35633333333333334,0.6,0.23,0.3090283682025544","0,0,0"
17.35,252,AV,1,0,0,14,5590.116807812239,1.0,-24.492052175642005,"0.23675757575757575,0.2941369047619048,0.3536111111111111,1.0,0.14,0.27620206041714035","0,0,0"
17.083333333333332,126,AV,1,0,0,12,1986.5043233563797,0.3,-2.5709178427276376,"0.2548421052631579,0.30103422619047626,0.34029629629629626,0.3,0.12,0.09815118467145603","0,0,0"
40.3,147,AV,1,0,0,77,2294.767722006211,1.0,-23.353317979002604,"0.17989247311827955,0.2875120274914089,0.2859444444444445,1.0,0.77,0.11338216978061968","0,0,0"
29.266666666666666,0,AV,1,0,0,49,437.5592869272848,0.6,-1.9402881511220003,"0.19459375,0.23070957095709574,0.3005,0.6,0.49,0.021619365168734063","0,0,0"
25.166666666666668,155,AV,1,0,0,31,2446.4664131825853,0.4,-6.219131791087044,"0.24247222222222223,0.3010509259259259,0.2983541666666667,0.4,0.31,0.12087744984470407","0,0,0"
30.6,202,AV,0,0,0,86,3534.445695738256,1.0,-28.311625830704706,"0.2136078431372549,0.2589042904290429,0.29520370370370363,1.0,0.86,0.1746334141410286","0,0,0"
20.233333333333334,268,AV,1,0,0,21,6918.069898529506,0.2,-7.069475468699344,"0.2931538461538461,0.3234108910891089,0.35079166666666667,0.2,0.21,0.34181488970200175","0,0,0"
31.366666666666667,185,AV,1,0,0,57,3131.512437779759,0.4,-9.921727959430145,"0.2595763888888889,0.30804368932038845,0.35828205128205126,0.4,0.57,0.15472488630790748","0,0,0"
18.35,145,AV,1,0,0,19,2271.53748778668,1.0,-10.525937601233732,"0.19807894736842105,0.2758407738095239,0.32711111111111113,1.0,0.19,0.11223438722508516","0,0,0"
42.983333333333334,241,AV,1,0,0,86,4951.479839002994,0.1,-5.374522939725893,"0.25372727272727275,0.3263333333333333,0.3316428571428572,0.1,0.86,0.2446476488175187","0,0,0"
39.96666666666667,296,AV,1,0,0,76,17693.100214811147,0.7,-124.99847651760099,"0.255578947368421,0.28498226950354616,0.33106250000000004,0.7,0.76,0.874198322236906","0,0,0"
39.61666666666667,163,AV,2,0,0,70,2744.255474143275,0.2,-5.49082092764189,"0.2203055555555555,0.3027755775577557,0.3360740740740741,0.2,0.7,0.13559090844222083","0,0,0"
33.85,143,AV,1,0,0,61,2250.3510049999354,1.0,-19.235954929102984,"0.2806933333333333,0.27447301587301587,0.36575,1.0,0.61,0.11118758437643748","0,0,0"
33.43333333333333,93,AV,1,0,0,58,1496.328062426438,0.1,-1.2633140123011088,"0.278625,0.29320317460317463,0.3238030303030303,0.1,0.58,0.07393206763132296","0,0,0"
18.45,97,AV,0,0,0,50,1546.5147326922538,0.1,-1.7205352731861636,"0.3048854166666667,0.3354270833333333,0.37355555555555564,0.1,0.5,0.07641174063449208","0,0,0"
21.783333333333335,92,AV,1,0,0,26,1490.1599361877834,0.2,-1.6394267984826878,"0.2399679487179487,0.28199500000000005,0.3158809523809524,0.2,0.26,0.0736273067051025","0,0,0"
36.833333333333336,162,AV,1,0,0,68,2629.980017260476,0.2,-4.892471244230347,"0.26358333333333334,0.3148269841269842,0.3921851851851852,0.2,0.68,0.1299446728211638","0,0,0"
29.1,88,AV,0,0,0,70,1460.106853854364,0.3,-4.218871927815302,"0.2332857142857143,0.3012935779816514,0.3506666666666667,0.3,0.7,0.07214241407266661","0,0,0"
41.63333333333333,173,AV,1,0,0,79,2942.323800284961,0.2,-6.186805431912318,"0.26296078431372544,0.28459375,0.33773809523809534,0.2,0.79,0.14537726562660996","0,0,0"
25.233333333333334,178,AV,1,0,0,40,2987.078671303881,0.4,-7.613530485444573,"0.285,0.31005841924398625,0.35267857142857145,0.4,0.4,0.14758855888113623","0,0,0"
17.95,240,AV,1,0,0,16,4934.883137056144,0.6,-13.42138671366027,"0.232948717948718,0.2654439252336449,0.3301904761904762,0.6,0.16,0.2438276224331965","0,0,0"
15.433333333333334,205,AV,1,0,0,5,3608.770587345788,0.1,-1.4064484696473905,"0.19469444444444445,0.28468429487179486,0.3492142857142857,0.1,0.05,0.17830573243205106","0,0,0"
12.966666666666667,226,AV,1,0,0,4,4504.939201911708,0.1,-1.4751021460805172,"0.31256410256410255,0.30470707070707076,0.3275972222222223,0.1,0.04,0.2225845241521748","0,0,0"
16.416666666666668,107,AV,1,0,0,13,1628.9397076974285,0.1,-0.6752969747819728,"0.31713888888888886,0.3062578616352202,0.3747666666666667,0.1,0.13,0.0804842759157665","0,0,0"
46.03333333333333,43,AV,1,0,0,91,857.6590975250949,0.5,-4.984963020547795,"0.223304347826087,0.2849323899371069,0.34412121212121205,0.5,0.91,0.04237607513690668","0,0,0"
47.266666666666666,238,AV,2,0,0,89,4864.205776554158,0.5,-29.02964558566412,"0.2476111111111111,0.2881728971962617,0.341037037037037,0.5,0.89,0.24033552499290464","0,0,0"
21.933333333333334,124,AV,1,0,0,26,1950.0200213032829,0.1,-1.0800615942908758,"0.2649385964912281,0.32900151515151516,0.3758484848484849,0.1,0.26,0.09634853192798135","0,0,0"
19.966666666666665,259,AV,1,0,0,23,5984.209260784091,0.7,-21.121034874131052,"0.2433154761904762,0.2989375000000001,0.3344615384615385,0.7,0.23,0.2956737729497932","0,0,0"
45.083333333333336,176,AV,1,0,0,85,2966.188350320237,0.4,-13.507642235044177,"0.2596315789473684,0.27551461988304093,0.35857142857142854,0.4,0.85,0.14655638908990856","0,0,0"
27.066666666666666,287,AV,1,0,0,44,10751.672106064549,0.1,-7.34878598495321,"0.23028030303030303,0.2767820512820513,0.3215,0.1,0.44,0.5312293268137855","0,0,0"
