travel_time,id,kind,action,origin,destination,start_time,income,urgency,reward,observation,cost_table
17.933333333333334,242,AV,1,0,0,21,5144.150368411208,0.2,-4.6591799633084685,"0.2917777777777778,0.309645202020202,0.3718333333333333,0.2,0.21,0.2473945197189757","0,0,0"
32.06666666666667,205,AV,1,0,0,64,3487.44186130441,0.2,-5.648011903324651,"0.2713333333333333,0.31951811594202895,0.36583333333333334,0.2,0.64,0.16771943713451876","0,0,0"
27.45,137,AV,1,0,0,53,2108.868816674547,0.2,-2.9236590412988037,"0.3121759259259259,0.2950856481481482,0.32696666666666674,0.2,0.53,0.10142055552171977","0,0,0"
16.366666666666667,43,AV,1,0,0,18,946.2003450753726,0.1,-0.39106428403367677,"0.26979844961240307,0.2742787114845938,0.31215740740740744,0.1,0.18,0.04550504226418034","0,0,0"
39.71666666666667,244,AV,0,0,0,62,5307.329693361759,0.1,-5.322965765690689,"0.2936666666666667,0.2852997198879552,0.328212962962963,0.1,0.62,0.25524220453241103","0,0,0"
36.15,102,AV,2,0,0,51,1628.9397076974285,0.1,-1.4870245058904559,"0.2901014492753624,0.3250410958904109,0.3965701754385965,0.1,0.51,0.07833961446998668","0,0,0"
7.133333333333334,123,AV,0,0,0,1,1927.298426803608,0.1,-0.3471732856363402,"0.34346774193548385,0.30814492753623185,0.3483796296296296,0.1,0.01,0.0926884003201249","0,0,0"
31.966666666666665,157,AV,1,0,0,62,2398.572127464108,0.3,-5.808663308682018,"0.2642824074074074,0.2982031630170317,0.30939215686274507,0.3,0.62,0.11535308204230756","0,0,0"
29.116666666666667,171,AV,1,0,0,54,2750.2432356670683,0.2,-4.044339168948121,"0.3569583333333333,0.3129659624413146,0.35174561403508775,0.2,0.54,0.13226578845290615","0,0,0"
39.5,289,AV,1,0,0,86,10426.353459350525,0.1,-10.400024283948124,"0.26720270270270274,0.26755050505050504,0.3176960784313725,0.1,0.86,0.5014283257223231","0,0,0"
24.933333333333334,131,AV,2,0,0,17,2022.4315636845977,0.5,-6.36691418197003,"0.26687179487179485,0.2878641025641025,0.32854761904761903,0.5,0.17,0.09726358086938654","0,0,0"
31.05,295,AV,1,0,0,63,14312.770160915026,0.2,-22.445025934162203,"0.26520114942528733,0.26177696078431373,0.3564,0.2,0.63,0.6883354191104801","0,0,0"
41.43333333333333,49,AV,1,0,0,95,975.0940381265832,0.2,-2.040474561264887,"0.3267202380952381,0.30602564102564106,0.36025438596491227,0.2,0.95,0.04689460920981367","0,0,0"
19.366666666666667,231,AV,1,0,0,22,4577.590037133467,0.1,-2.238703545096418,"0.24896551724137933,0.2919467592592593,0.36635294117647055,0.1,0.22,0.22014727556589106","0,0,0"
17.966666666666665,101,AV,1,0,0,22,1597.8734280578535,0.8,-5.799688738876653,"0.26400490196078436,0.2910409836065574,0.346047619047619,0.8,0.22,0.07684556262848466","0,0,0"
30.55,193,AV,1,0,0,60,3236.647802754315,0.1,-2.4969593528824325,"0.2673709677419354,0.2989160401002506,0.37330208333333326,0.1,0.6,0.1556581498042776","0,0,0"
23.133333333333333,215,AV,1,0,0,34,3882.59008652233,0.2,-4.536224781223058,"0.31964367816091954,0.3063793103448275,0.3362111111111111,0.2,0.34,0.18672306229989","0,0,0"
58.45,66,AV,0,0,0,97,1150.2916000513435,0.1,-1.6978420207828544,"0.24648387096774196,0.27707820512820514,0.3441315789473684,0.1,0.97,0.05532027984231857","0,0,0"
43.016666666666666,48,AV,0,0,0,72,969.457736312404,0.2,-2.1062040550692886,"0.2913686868686869,0.3069141791044776,0.38484057971014485,0.2,0.72,0.04662354594757456","0,0,0"
12.5,59,AV,1,0,0,3,1104.4445206976068,0.1,-0.34862516436161833,"0.2686975308641975,0.3045571428571428,0.3343974358974359,0.1,0.03,0.05311538391880796","0,0,0"
39.06666666666667,127,AV,1,0,0,86,1986.5043233563797,0.2,-3.9195001127502986,"0.20926666666666666,0.2333759124087591,0.29461458333333335,0.2,0.86,0.0955357537785597","0,0,0"
19.533333333333335,67,AV,1,0,0,26,1167.011530479414,0.1,-0.5756471017347952,"0.19419512195121955,0.2387235142118863,0.2924333333333333,0.1,0.26,0.0561243813676915","0,0,0"
15.733333333333333,217,AV,1,0,0,15,3919.41152379869,0.8,-12.457658176653075,"0.24128160919540229,0.3095189393939394,0.34056140350877195,0.8,0.15,0.18849389346499082","0,0,0"
23.55,146,AV,2,0,0,18,2218.7455195521825,0.1,-1.3194812370064115,"0.28448,0.28944063926940633,0.3688333333333334,0.1,0.18,0.1067047894942801","0,0,0"
22.15,128,AV,2,0,0,1,1993.780724220221,0.1,-1.1152081576130781,"0.27167129629629627,0.30148966408268735,0.352225,0.1,0.01,0.09588569333476842","0,0,0"
15.25,134,AV,1,0,0,11,2043.1688306873104,0.5,-3.934131902522915,"0.25281720430107524,0.2676850574712644,0.2895,0.5,0.11,0.09826088573860729","0,0,0"
32.766666666666666,82,AV,0,0,0,40,1342.087988935639,1.0,-11.10498731585634,"0.3044193548387097,0.3326620046620047,0.3568541666666667,1.0,0.4,0.06454422784415724","0,0,0"
37.45,1,AV,1,0,0,83,449.0833195935783,0.1,-0.4247012706762503,"0.29968181818181816,0.30769047619047624,0.36307407407407405,0.1,0.83,0.021597493115072083","0,0,0"
19.7,125,AV,1,0,0,22,1942.5668635563816,0.7,-6.764645719303662,"0.31626190476190474,0.31298333333333334,0.36983333333333335,0.7,0.22,0.09342269603599423","0,0,0"
26.733333333333334,153,AV,1,0,0,47,2318.2944376966047,0.3,-4.695131664223932,"0.3325046296296296,0.2985410256410257,0.31445238095238104,0.3,0.47,0.11149233554738845","0,0,0"
21.316666666666666,94,AV,1,0,0,27,1527.6889462703334,0.2,-1.6447088908078757,"0.27377927927927925,0.2966416040100251,0.3673166666666667,0.2,0.27,0.07347022269476662","0,0,0"
26.816666666666666,6,AV,1,0,0,49,508.6019702527906,0.2,-0.6888388637514646,"0.22868650793650802,0.26246311475409834,0.29877192982456136,0.2,0.49,0.024459887668034006","0,0,0"
34.233333333333334,72,AV,0,0,0,55,1261.43865123121,0.1,-1.0904861067461726,"0.3092926829268293,0.3157169312169313,0.35897058823529415,0.1,0.55,0.060665607909257666","0,0,0"
43.3,232,AV,1,0,0,99,4645.51881630073,0.1,-5.0795698168136765,"0.2696011904761905,0.2893634259259259,0.3150833333333334,0.1,0.99,0.22341413335457028","0,0,0"
30.2,245,AV,1,0,0,58,5354.15698790508,0.2,-8.166441466400679,"0.25618560606060603,0.2811186868686869,0.3413928571428571,0.2,0.58,0.2574942413535784","0,0,0"
40.4,203,AV,1,0,0,87,3456.1529418207683,0.1,-3.5259742133727032,"0.2513970588235294,0.2946219806763285,0.3241111111111111,0.1,0.87,0.1662146780093356","0,0,0"
18.266666666666666,252,AV,1,0,0,22,5825.994272151124,0.2,-5.374822998550196,"0.25713963963963965,0.298308908045977,0.35071969696969696,0.2,0.22,0.28018602716107777","0,0,0"
37.266666666666666,70,AV,1,0,0,78,1249.5878531833848,0.3,-3.5278768178258186,"0.2848269230769231,0.31063669064748195,0.34462222222222216,0.3,0.78,0.06009567462944302","0,0,0"
35.88333333333333,188,AV,1,0,0,72,3101.095365071405,0.4,-11.240165523566896,"0.2516271929824561,0.26781055155875305,0.3068974358974359,0.4,0.72,0.14913910821030935","0,0,0"
17.016666666666666,267,AV,1,0,0,15,6995.337061486569,0.3,-9.01797871184064,"0.29779523809523817,0.3057100938967136,0.3082307692307692,0.3,0.15,0.3364225243542649","0,0,0"
16.433333333333334,266,AV,1,0,0,12,6947.27484286379,0.1,-2.883002102299536,"0.3205833333333334,0.3027994987468671,0.3503550724637682,0.1,0.12,0.3341110970744898","0,0,0"
32.8,163,AV,1,0,0,66,2538.843693606908,1.0,-21.028806351087518,"0.3311333333333333,0.3023615023474178,0.3489166666666667,1.0,0.66,0.12209907783380393","0,0,0"
30.783333333333335,42,AV,1,0,0,60,932.1411738504048,0.3,-2.1738191263910323,"0.2754691358024692,0.2682777777777778,0.33203125,0.3,0.6,0.04482890302567631","0,0,0"
36.766666666666666,186,AV,1,0,0,76,3048.604611013583,0.1,-2.8304805437272575,"0.26476190476190475,0.28547983870967736,0.3417708333333333,0.1,0.76,0.14661470204800806","0,0,0"
30.233333333333334,34,AV,1,0,0,59,832.3173438658397,0.2,-1.2708953381924524,"0.28979569892473117,0.29695410628019325,0.3396818181818182,0.2,0.59,0.0400281358033201","0,0,0"
30.65,265,AV,1,0,0,61,6918.069898529506,0.3,-16.06354866590374,"0.2526989247311828,0.279569209039548,0.3678181818181818,0.3,0.61,0.33270656130870674","0,0,0"
28.333333333333332,281,AV,1,0,0,57,8139.327108000771,0.5,-29.117963138891646,"0.29868918918918924,0.2969669211195929,0.35158333333333336,0.5,0.57,0.39143974738464077","0,0,0"
41.65,151,AV,1,0,0,96,2294.767722006211,0.1,-2.413562515695926,"0.2634460784313726,0.26832968369829685,0.3141666666666667,0.1,0.96,0.11036087940556741","0,0,0"
34.583333333333336,209,AV,1,0,0,70,3630.005597296026,0.2,-6.340287554199708,"0.34198148148148144,0.30897658402203854,0.35631884057971014,0.2,0.7,0.17457566886747292","0,0,0"
33.46666666666667,30,AV,1,0,0,65,814.1496548969513,0.5,-3.4402620097497443,"0.27575396825396825,0.28086923076923076,0.3433333333333334,0.5,0.65,0.039154408100012306","0,0,0"
23.116666666666667,81,AV,1,0,0,36,1338.7213376931895,0.1,-0.7814842152274638,"0.23494270833333336,0.25415492957746477,0.2998333333333334,0.1,0.36,0.06438231751737097","0,0,0"
40.93333333333333,65,AV,1,0,0,95,1148.9174546898266,0.3,-3.5628046322199673,"0.26280000000000003,0.2950471014492754,0.357486111111111,0.3,0.95,0.05525419389859809","0,0,0"
29.3,90,AV,1,0,0,59,1467.6871321740252,0.4,-4.343760906333227,"0.25335185185185183,0.2843049382716049,0.35392156862745106,0.4,0.59,0.07058459165416232","0,0,0"
28.95,277,AV,1,0,0,58,7912.643587116454,0.1,-5.784622016338922,"0.31429861111111107,0.28616534391534393,0.29460833333333336,0.1,0.58,0.38053799359420826","0,0,0"
33.0,118,AV,0,0,0,49,1830.3424648913517,0.1,-1.5252853874094598,"0.28417129629629634,0.305228855721393,0.3143846153846153,0.1,0.49,0.08802555574651609","0,0,0"
35.78333333333333,201,AV,1,0,0,73,3393.6426315430986,0.4,-12.266247020072445,"0.30383796296296295,0.31006878306878305,0.35790740740740745,0.4,0.73,0.1632084073754924","0,0,0"
14.85,89,AV,1,0,0,2,1457.5875839824732,0.1,-0.5465953439934276,"0.24385119047619047,0.30211904761904756,0.35813636363636364,0.1,0.02,0.07009888017699192","0,0,0"
44.53333333333333,162,AV,0,0,0,77,2530.9644311939346,0.1,-2.846269764372977,"0.2796029411764706,0.30072948717948716,0.33636458333333336,0.1,0.77,0.12172014522087579","0,0,0"
24.25,185,AV,0,0,0,34,3046.5766145774583,0.2,-3.731287015328453,"0.15420833333333334,0.23096393034825868,0.3117,0.2,0.34,0.14651717083908622","0,0,0"
36.63333333333333,228,AV,1,0,0,79,4559.760277629775,0.4,-16.87264830005092,"0.3472070707070708,0.3096304909560723,0.34383333333333327,0.4,0.79,0.21928979970044837","0,0,0"
29.2,275,AV,1,0,0,57,7658.5640246764915,0.2,-11.294447955583513,"0.22375000000000003,0.291070895522388,0.3768958333333333,0.2,0.57,0.3683186985078447","0,0,0"
29.033333333333335,256,AV,1,0,0,58,6007.794801579103,0.3,-13.214114323675247,"0.25432962962962957,0.2650607235142119,0.3215625,0.3,0.58,0.2889292503255245","0,0,0"
34.75,111,AV,1,0,0,74,1783.933402668827,0.1,-1.5654466096651956,"0.2807125,0.288455223880597,0.36184374999999996,0.1,0.74,0.0857936327199939","0,0,0"
43.166666666666664,95,AV,1,0,0,98,1530.6528609905624,0.1,-1.668514692746446,"0.30784803921568626,0.3192964205816555,0.3505714285714286,0.1,0.98,0.07361276445699849","0,0,0"
37.016666666666666,258,AV,1,0,0,79,6081.635477498837,0.2,-11.369791578724678,"0.26252857142857144,0.25604232804232807,0.291578947368421,0.2,0.79,0.29248042539751784","0,0,0"
20.45,191,AV,1,0,0,24,3159.4556453821087,0.2,-3.263175148892127,"0.21636206896551724,0.23524829931972793,0.3243095238095238,0.2,0.24,0.15194579395705407","0,0,0"
20.55,16,AV,1,0,0,26,626.2908344343901,0.3,-0.9750209581535392,"0.27996464646464647,0.3015458937198067,0.3422982456140351,0.3,0.26,0.03011982720037529","0,0,0"
19.45,97,AV,1,0,0,25,1541.4014724042315,0.1,-0.7570772383399571,"0.2767839506172839,0.2929509803921569,0.36166666666666664,0.1,0.25,0.07412969094006937","0,0,0"
40.016666666666666,161,AV,1,0,0,86,2472.005569054355,0.1,-2.498015728661408,"0.2568153153153154,0.23405208333333336,0.3140833333333333,0.1,0.86,0.11888467223941558","0,0,0"
25.3,279,AV,1,0,0,47,8011.326014866212,0.1,-5.118347176164525,"0.2435641025641026,0.2798611111111111,0.34852564102564104,0.1,0.47,0.385283868047601","0,0,0"
22.6,5,AV,1,0,0,30,497.26542980048754,0.2,-0.5675857936106575,"0.34119512195121954,0.3141220472440945,0.35706944444444444,0.2,0.3,0.023914686268460907","0,0,0"
53.266666666666666,38,AV,0,0,0,91,863.3540159882258,0.1,-1.16131289355992,"0.3025535714285714,0.284636690647482,0.32335416666666666,0.1,0.91,0.04152076374836295","0,0,0"
11.583333333333334,87,AV,1,0,0,2,1447.5744631551047,0.3,-1.2702831463292903,"0.297010101010101,0.29699999999999993,0.3372857142857142,0.3,0.02,0.06961732519889745","0,0,0"
17.133333333333333,46,AV,1,0,0,19,961.7772661313056,0.2,-0.8322449743964496,"0.3360333333333333,0.31828652968036525,0.3469912280701755,0.2,0.19,0.04625417372950396","0,0,0"
14.816666666666666,147,AV,1,0,0,1,2241.037238818388,0.1,-0.8385025695747251,"0.2658289473684211,0.298840395480226,0.3699,0.1,0.01,0.10777685169826198","0,0,0"
39.916666666666664,216,AV,1,0,0,91,3898.759045987068,0.1,-3.9299359912201295,"0.2823174603174603,0.290498817966903,0.33754629629629634,0.1,0.91,0.18750066631117593","0,0,0"
31.25,13,AV,0,0,0,38,591.6693204447811,0.1,-0.46691076423988415,"0.23599462365591403,0.24922422062350116,0.31596666666666673,0.1,0.38,0.028454795618483852","0,0,0"
42.4,17,AV,1,0,0,96,627.4062491148882,0.4,-2.687073228532451,"0.3066464646464646,0.3266793981481482,0.36815384615384616,0.4,0.96,0.03017347016557005","0,0,0"
22.1,229,AV,1,0,0,31,4569.840806868062,0.7,-17.85238315208306,"0.2770641025641025,0.304577850877193,0.3630972222222222,0.7,0.31,0.21977459651057532","0,0,0"
15.566666666666666,292,AV,1,0,0,14,11515.391842589095,0.1,-4.526673392667599,"0.3033802083333334,0.27961150234741783,0.3521145833333334,0.1,0.14,0.5538027915682833","0,0,0"
36.2,62,AV,0,0,0,59,1122.7546975855585,0.1,-1.0263565669847785,"0.28978571428571426,0.3092793427230046,0.36439743589743584,0.1,0.59,0.05399596420763093","0,0,0"
54.96666666666667,106,AV,0,0,0,93,1691.6338586686718,0.5,-11.740337680743433,"0.2778139534883721,0.27601679586563305,0.3434814814814814,0.5,0.93,0.08135472644337755","0,0,0"
37.016666666666666,159,AV,1,0,0,76,2411.397471856681,0.1,-2.254088293347512,"0.28993749999999996,0.3130142857142857,0.3766166666666667,0.1,0.76,0.11596988359144483","0,0,0"
33.8,50,AV,1,0,0,67,1011.0784796502788,0.4,-3.451964910321154,"0.2876958333333333,0.29662716049382715,0.28365555555555555,0.4,0.67,0.04862518724321976","0,0,0"
39.1,51,AV,1,0,0,89,1014.5614647146556,0.1,-1.0017513452106828,"0.29984375,0.2864123456790123,0.3633703703703704,0.1,0.89,0.04879269234230884","0,0,0"
25.166666666666668,276,AV,1,0,0,45,7864.29237148983,0.3,-14.993789748673791,"0.23490555555555556,0.27685648148148156,0.34378125,0.3,0.45,0.37821266775590623","0,0,0"
50.11666666666667,144,AV,0,0,0,85,2212.8825544422834,0.9,-25.20506758033313,"0.26945238095238094,0.2778988095238095,0.33049999999999996,0.9,0.85,0.1064228254509272","0,0,0"
11.566666666666666,213,AV,1,0,0,4,3822.7735841463273,0.1,-1.1165845401504844,"0.23284090909090913,0.24673989898989898,0.3396904761904762,0.1,0.04,0.18384634334403438","0,0,0"
40.233333333333334,10,AV,1,0,0,93,541.9839687696077,0.1,-0.5506520625462261,"0.23644871794871794,0.2725517241379311,0.32613461538461536,0.1,0.93,0.026065307980208553","0,0,0"
15.483333333333333,19,AV,1,0,0,11,658.4091024775607,0.1,-0.25743352533739644,"0.27840090090090086,0.31114987080103357,0.3638703703703704,0.1,0.11,0.03166447168540803","0,0,0"
22.65,167,AV,0,0,0,32,2629.980017260476,1.0,-15.042688735088328,"0.3033603603603604,0.2924448529411765,0.32235294117647056,1.0,0.32,0.12648204205617194","0,0,0"
26.333333333333332,183,AV,1,0,0,44,3017.17067826153,0.4,-8.025470827699019,"0.25474166666666664,0.266125,0.3118214285714285,0.4,0.44,0.14510296888720728","0,0,0"
37.8,224,AV,0,0,0,61,4135.471393234625,0.1,-3.947495420814869,"0.25381372549019604,0.2601782051282051,0.34020634920634923,0.1,0.61,0.198884730396563","0,0,0"
27.366666666666667,233,AV,2,0,0,12,4687.914961676448,0.3,-9.71913682711203,"0.2270619047619048,0.25669791666666664,0.3298166666666667,0.3,0.12,0.22545306559254863","0,0,0"
43.06666666666667,274,AV,1,0,0,96,7572.106998522375,0.4,-32.93994020906031,"0.2873585858585858,0.284734335839599,0.35779999999999995,0.4,0.96,0.3641607729166582","0,0,0"
14.883333333333333,290,AV,1,0,0,5,10783.100237376317,0.7,-28.369174909023293,"0.2250392156862745,0.2641019184652278,0.31764444444444445,0.7,0.05,0.518585133259083","0,0,0"
22.25,296,AV,2,0,0,8,14505.369879802229,0.8,-65.20090501527264,"0.31661274509803916,0.3356448275862069,0.367469696969697,0.8,0.08,0.6975980011774241","0,0,0"
28.366666666666667,236,AV,1,0,0,54,4843.3187157075145,0.3,-10.408242997644178,"0.3571602564102564,0.3361386861313869,0.3771,0.3,0.54,0.2329268045654853","0,0,0"
20.5,178,AV,1,0,0,26,2927.9701715656583,0.1,-1.515742134270101,"0.25542000000000004,0.2763100233100233,0.33056060606060605,0.1,0.26,0.14081310274172557","0,0,0"
23.433333333333334,117,AV,1,0,0,37,1824.367004680513,0.2,-2.159141421364311,"0.3031574074074074,0.30062009803921563,0.33394444444444443,0.2,0.37,0.08773818154415255","0,0,0"
25.866666666666667,53,AV,0,0,0,36,1020.5842314575186,0.1,-0.6666442454638337,"0.22824731182795702,0.2488071428571429,0.30084210526315786,0.1,0.36,0.04908234162917255","0,0,0"
42.416666666666664,31,AV,1,0,0,97,818.0604611907775,0.1,-0.8762474216037578,"0.265736559139785,0.29145377128953776,0.33665079365079364,0.1,0.97,0.03934248814734457","0,0,0"
28.266666666666666,170,AV,1,0,0,55,2744.255474143275,0.2,-3.9177249866557187,"0.279953125,0.29897260273972603,0.3446666666666666,0.2,0.55,0.13197782265092123","0,0,0"
31.833333333333332,20,AV,1,0,0,63,670.158540600369,0.5,-2.693608612261584,"0.24958888888888886,0.24363405797101445,0.3478611111111112,0.5,0.63,0.032229530323508795","0,0,0"
37.983333333333334,44,AV,2,0,0,56,950.4213588862824,0.1,-0.9116204869115478,"0.2997280701754386,0.302647201946472,0.32402222222222227,0.1,0.56,0.04570804093445438","0,0,0"
40.916666666666664,142,AV,1,0,0,92,2187.718469250836,0.1,-2.2604582668395627,"0.17862626262626263,0.2496749311294766,0.29452777777777783,0.1,0.92,0.10521262428567076","0,0,0"
29.183333333333334,165,AV,1,0,0,55,2574.4307659940623,0.5,-9.486170604494113,"0.2782649572649572,0.3070485564304462,0.3649629629629629,0.5,0.55,0.12381054543309646","0,0,0"
19.316666666666666,155,AV,1,0,0,22,2344.9936519099742,0.3,-3.431625811317752,"0.29796341463414633,0.29023529411764704,0.3324743589743589,0.3,0.22,0.11277636474640867","0,0,0"
28.016666666666666,158,AV,0,0,0,35,2401.1770329784995,0.2,-3.397625077808803,"0.3402758620689655,0.2926302816901409,0.3463947368421052,0.2,0.35,0.11547835819142706","0,0,0"
32.95,63,AV,2,0,0,48,1141.0395517097602,0.1,-0.9494255865867829,"0.31050490196078423,0.29896200980392157,0.3387083333333334,0.1,0.48,0.054875326664056465","0,0,0"
25.9,206,AV,0,0,0,34,3583.4963710051925,0.5,-11.718757071847788,"0.2781261261261261,0.2817953929539296,0.29413157894736847,0.5,0.34,0.17233892871085194","0,0,0"
15.233333333333333,202,AV,1,0,0,3,3414.9419898187493,0.1,-1.3136603445683237,"0.21694623655913983,0.25835763888888885,0.3482272727272727,0.1,0.03,0.1642327445611401","0,0,0"
19.55,55,AV,1,0,0,22,1025.7249596144625,0.1,-0.5063869434460287,"0.21423958333333334,0.2685870098039216,0.2887348484848485,0.1,0.22,0.049329571566540366","0,0,0"
46.516666666666666,280,AV,2,0,0,99,8134.997760071039,0.7,-66.89118318119017,"0.24447701149425285,0.2600425055928412,0.2741388888888889,0.7,0.99,0.39123153866695837","0,0,0"
26.7,288,AV,1,0,0,50,9667.367812467324,0.1,-6.518149509921152,"0.2717107843137255,0.2624463276836158,0.34768181818181815,0.1,0.5,0.46492688697408946","0,0,0"
25.6,8,AV,1,0,0,45,522.2875039790788,0.2,-0.6752808132254757,"0.35435087719298247,0.331255291005291,0.37217948717948723,0.2,0.45,0.025118057783764625","0,0,0"
34.516666666666666,47,AV,2,0,0,44,968.7072844723906,0.2,-1.6887144664497653,"0.23364062500000002,0.26857395143487856,0.31116666666666665,0.2,0.44,0.04658745492005087","0,0,0"
39.583333333333336,41,AV,0,0,0,67,932.0432837729122,0.5,-4.658255048317901,"0.2127175925925926,0.27785185185185185,0.3284444444444445,0.5,0.67,0.04482419525724574","0,0,0"
32.766666666666666,293,AV,1,0,0,65,11940.25564443948,0.2,-19.75971599071382,"0.21370370370370373,0.2741995614035088,0.33160606060606057,0.2,0.65,0.5742355100304415","0,0,0"
34.65,211,AV,0,0,0,56,3773.073658575576,0.1,-3.3014394512536294,"0.3300765765765766,0.29582098765432097,0.3352685185185185,0.1,0.56,0.18145615481219285","0,0,0"
27.916666666666668,143,AV,1,0,0,51,2187.907521251699,0.3,-4.627203406687622,"0.3168838383838384,0.30690364583333335,0.31501190476190477,0.3,0.51,0.10522171624947545","0,0,0"
32.43333333333333,109,AV,1,0,0,65,1778.835052690156,0.1,-1.45690783355852,"0.25045512820512816,0.2951515151515151,0.3468730158730159,0.1,0.65,0.08554844085078303","0,0,0"
20.533333333333335,298,AV,1,0,0,27,17322.90883950548,0.4,-35.928996111566924,"0.31890804597701156,0.32574574209245744,0.32488596491228067,0.4,0.27,0.833100202280572","0,0,0"
27.716666666666665,113,AV,0,0,0,36,1797.659883656486,0.3,-3.774631801162546,"0.31112903225806454,0.2900119904076739,0.32466666666666677,0.3,0.36,0.08645377208765831","0,0,0"
42.38333333333333,57,AV,1,0,0,96,1089.3140785512585,0.3,-3.497633461812942,"0.3132474747474748,0.2790490196078432,0.3433333333333334,0.3,0.96,0.052387724694280345","0,0,0"
45.63333333333333,85,AV,2,0,0,92,1386.7650627050614,0.2,-3.1960965839111597,"0.3009754901960784,0.27790298507462685,0.3528472222222222,0.2,0.92,0.06669285539507566","0,0,0"
29.966666666666665,54,AV,1,0,0,57,1020.7360413649084,0.2,-1.544851348799752,"0.35765151515151516,0.3452136150234742,0.3838111111111111,0.2,0.57,0.04908964253144747","0,0,0"
48.15,133,AV,0,0,0,85,2033.019749384408,0.4,-9.887868781096893,"0.3235245098039215,0.33746126760563383,0.3858452380952382,0.4,0.85,0.0977727920954007","0,0,0"
19.366666666666667,86,AV,1,0,0,18,1404.912317929139,0.4,-2.7483301572957233,"0.25777222222222224,0.27316550925925925,0.3209791666666667,0.4,0.18,0.06756560039062387","0,0,0"
35.36666666666667,9,AV,1,0,0,74,539.5213747330826,0.3,-1.4455358045247486,"0.25405,0.28500000000000003,0.3138125,0.3,0.74,0.025946875931124203","0,0,0"
42.56666666666667,149,AV,1,0,0,97,2283.7291705859197,0.8,-19.63853300227758,"0.2484404761904762,0.2903410852713178,0.3395289855072463,0.8,0.97,0.10983000901270609","0,0,0"
38.333333333333336,198,AV,1,0,0,78,3352.9358316496982,0.7,-22.71980929695292,"0.30620720720720723,0.2999898218829517,0.36926515151515155,0.7,0.78,0.16125071981045438","0,0,0"
23.95,299,AV,1,0,0,32,20793.30768626012,1.0,-125.75750481967926,"0.2524388888888889,0.2989730392156863,0.37010714285714286,1.0,0.32,1.0","0,0,0"
8.566666666666666,150,AV,0,0,0,7,2293.603195459698,0.2,-0.9923502040961993,"0.3253731884057971,0.3207239185750636,0.3706153846153846,0.2,0.07,0.11030487453303418","0,0,0"
32.46666666666667,294,AV,1,0,0,66,13351.937436366714,0.3,-32.840371371265604,"0.25315432098765434,0.2575148401826484,0.2914117647058823,0.3,0.66,0.6421266706493964","0,0,0"
39.18333333333333,249,AV,1,0,0,82,5702.891177591027,0.1,-5.642886009476643,"0.2769444444444445,0.316780459770115,0.348711111111111,0.1,0.82,0.27426570431405706","0,0,0"
16.75,23,AV,1,0,0,17,736.5379020629116,0.9,-2.803865877171311,"0.30264912280701756,0.2749058524173028,0.3325396825396825,0.9,0.17,0.03542187290142414","0,0,0"
48.35,75,AV,0,0,0,80,1275.9312017726234,0.1,-1.557860444588544,"0.3411346153846154,0.3021594724220623,0.3428333333333333,0.1,0.8,0.06136258939772906","0,0,0"
44.233333333333334,237,AV,1,0,0,100,4959.361066312568,0.1,-5.539623009256547,"0.24911538461538463,0.28301027397260264,0.3526481481481481,0.1,1.0,0.23850755931388606","0,0,0"
41.11666666666667,271,AV,1,0,0,90,7128.986247371214,0.4,-29.608096081253844,"0.30460606060606055,0.300144675925926,0.40405128205128205,0.4,0.9,0.34285003400790975","0,0,0"
18.766666666666666,221,AV,1,0,0,21,4034.238052294327,0.2,-3.8236970091611218,"0.2661827956989247,0.26441728395061725,0.3234166666666667,0.2,0.21,0.19401617641430308","0,0,0"
37.166666666666664,148,AV,1,0,0,82,2260.56382504795,0.2,-4.24331425072132,"0.3051199999999999,0.30440407673860914,0.32123958333333336,0.2,0.82,0.10871593202757703","0,0,0"
11.833333333333334,285,AV,1,0,0,0,8981.750106371177,0.6,-16.10364286748368,"0.26578125,0.27877397260273973,0.3372777777777778,0.6,0.0,0.4319538883323586","0,0,0"
24.916666666666668,84,AV,1,0,0,42,1373.5659577718477,0.4,-3.457038900452715,"0.30284482758620684,0.3097213930348259,0.3751333333333334,0.4,0.42,0.0660580788057822","0,0,0"
15.216666666666667,14,AV,1,0,0,7,601.3137559373858,0.1,-0.23106037843890292,"0.2860416666666667,0.29251348039215685,0.3431777777777778,0.1,0.07,0.028918619635236016","0,0,0"
38.11666666666667,7,AV,0,0,0,61,513.3463032142733,0.1,-0.49411742232788014,"0.2771452991452992,0.3001691919191919,0.3286547619047619,0.1,0.61,0.024688054010448962","0,0,0"
36.06666666666667,189,AV,1,0,0,74,3119.7161673652217,0.4,-11.365430616461854,"0.3373840579710145,0.3361895674300255,0.3806041666666667,0.4,0.74,0.1500346272193471","0,0,0"
30.916666666666668,283,AV,2,0,0,40,8480.737499651503,0.4,-26.48445801658845,"0.26409999999999995,0.2834888888888889,0.3406333333333334,0.4,0.4,0.407858991345347","0,0,0"
43.016666666666666,250,AV,1,0,0,98,5807.233742044462,0.8,-50.46622992665575,"0.28629333333333334,0.32055666666666677,0.3455222222222222,0.8,0.98,0.27928378830664774","0,0,0"
17.316666666666666,130,AV,0,0,0,26,2011.9739719035176,0.2,-1.7596304350233627,"0.3154666666666666,0.3136130952380953,0.3531444444444445,0.2,0.26,0.09676065021790628","0,0,0"
20.2,154,AV,1,0,0,25,2335.4036410281064,0.2,-2.382583512564028,"0.22820202020202018,0.2922464285714286,0.32283333333333336,0.2,0.25,0.1123151581396212","0,0,0"
15.733333333333333,129,AV,1,0,0,2,2010.868248891871,0.1,-0.7989308194250532,"0.27197395833333343,0.3057589928057554,0.34438596491228074,0.1,0.02,0.0967074733482937","0,0,0"
41.36666666666667,227,AV,0,0,0,70,4547.885280126284,0.2,-9.50155830410222,"0.2976333333333333,0.3056076115485564,0.36115625,0.2,0.7,0.2187187026108142","0,0,0"
15.366666666666667,145,AV,1,0,0,1,2218.0502812558643,0.8,-6.885664509487902,"0.2781521739130435,0.28795717592592596,0.3288070175438596,0.8,0.01,0.10667135381839783","0,0,0"
34.96666666666667,40,AV,1,0,0,68,914.1934345695068,0.1,-0.8072297246325024,"0.33277586206896553,0.3442698412698412,0.3617380952380952,0.1,0.68,0.04396575322999674","0,0,0"
30.466666666666665,255,AV,1,0,0,60,5911.733280178027,0.5,-22.741263544119175,"0.2710376344086022,0.305225352112676,0.3449509803921569,0.5,0.6,0.28430942153971994","0,0,0"
22.3,297,AV,1,0,0,28,15387.119225735782,0.2,-17.32993730979333,"0.2872587719298246,0.2986472868217054,0.31708333333333344,0.2,0.28,0.7400034404292175","0,0,0"
6.966666666666667,168,AV,0,0,0,6,2675.3892374750885,0.6,-2.824021972890371,"0.2595436507936508,0.2537142857142857,0.3249166666666667,0.6,0.06,0.1286658802843062","0,0,0"
29.433333333333334,257,AV,0,0,0,37,6020.57275324985,0.1,-4.474886987474426,"0.31827604166666673,0.3321384976525822,0.3732407407407408,0.1,0.37,0.2895437726450875","0,0,0"
9.066666666666666,99,AV,0,0,0,6,1564.487892525026,1.0,-3.5819924812020796,"0.2289188034188034,0.2940087064676617,0.2911666666666666,1.0,0.06,0.07523997221273333","0,0,0"
41.46666666666667,223,AV,1,0,0,95,4113.319853961603,0.3,-12.921641157394534,"0.2751969696969697,0.30055185185185185,0.3525833333333333,0.3,0.95,0.19781940978440954","0,0,0"
19.083333333333332,212,AV,0,0,0,31,3783.636689084741,0.9,-16.410090943189505,"0.2676609195402299,0.29172535211267603,0.3732719298245615,0.9,0.31,0.18196415626480184","0,0,0"
32.766666666666666,225,AV,1,0,0,64,4237.057085974603,0.6,-21.03549048238906,"0.3635238095238095,0.30279606625258804,0.38110416666666663,0.6,0.64,0.20377022982131804","0,0,0"
21.683333333333334,69,AV,1,0,0,28,1244.4027248274256,0.2,-1.3627676304717848,"0.22089583333333335,0.25746874999999997,0.29697619047619045,0.2,0.28,0.05984630938009477","0,0,0"
28.066666666666666,268,AV,1,0,0,55,7006.371100745904,0.1,-4.965795005747519,"0.3410333333333334,0.330910569105691,0.36613725490196075,0.1,0.55,0.33695317774649197","0,0,0"
39.1,108,AV,1,0,0,87,1751.9448432672848,0.2,-3.4596486551389307,"0.27624774774774774,0.2966829573934837,0.3473111111111111,0.2,0.87,0.0842552262343976","0,0,0"
36.3,22,AV,1,0,0,75,727.2326469992182,0.1,-0.66662992641595,"0.2781029411764706,0.32676359338061467,0.3627555555555555,0.1,0.75,0.034974360884380204","0,0,0"
22.366666666666667,33,AV,1,0,0,29,825.4433072334436,0.6,-2.797335652291115,"0.22137373737373736,0.2638635265700483,0.30787719298245614,0.6,0.29,0.039697546907310144","0,0,0"
33.3,181,AV,1,0,0,66,2964.6777926145683,0.2,-4.9860490148517735,"0.2039141414141414,0.27704373522458625,0.3288854166666667,0.2,0.66,0.14257846021167567","0,0,0"
15.45,160,AV,0,0,0,22,2421.0391237858234,0.2,-1.8891441647722713,"0.2746025641025642,0.30367730496453904,0.3241282051282051,0.2,0.22,0.11643357373995898","0,0,0"
27.65,287,AV,2,0,0,20,9030.678864893336,0.3,-18.91653565259854,"0.24470666666666666,0.2774977168949771,0.34521052631578947,0.3,0.2,0.4343069895926497","0,0,0"
23.683333333333334,234,AV,2,0,0,7,4689.4303597647895,0.3,-8.41373805710324,"0.2598908045977012,0.2731009389671361,0.3339907407407407,0.3,0.07,0.22552594471842924","0,0,0"
56.43333333333333,284,AV,0,0,0,97,8493.635575370567,0.1,-12.104145647392565,"0.22833928571428572,0.27559456264775417,0.2943412698412698,0.1,0.97,0.40847929071828354","0,0,0"
30.183333333333334,196,AV,2,0,0,43,3278.222126324269,0.2,-4.997357130280515,"0.2716913580246914,0.2780154525386313,0.3248888888888889,0.2,0.43,0.1576575586620336","0,0,0"
34.03333333333333,77,AV,1,0,0,66,1291.2118623687816,0.2,-2.2194062482803467,"0.28698,0.281734693877551,0.34348888888888884,0.2,0.66,0.062097472987522495","0,0,0"
44.766666666666666,166,AV,0,0,0,76,2580.565825479665,0.1,-2.917255811127265,"0.2661036036036036,0.2822046070460704,0.28635,0.1,0.76,0.12410559514707999","0,0,0"
17.25,197,AV,0,0,0,24,3301.717979419838,0.1,-1.438248362247278,"0.22180232558139537,0.24296568627450985,0.2962121212121212,0.1,0.24,0.15878753054770403","0,0,0"
29.45,107,AV,2,0,0,14,1717.0377309640771,0.1,-1.2769384135578807,"0.3233769841269842,0.2882099737532809,0.32103333333333334,0.1,0.14,0.08257645954513855","0,0,0"
13.683333333333334,140,AV,0,0,0,20,2137.1188228190404,0.1,-0.738457303676108,"0.2416576576576577,0.27955875299760197,0.33390476190476187,0.1,0.2,0.10277916602134513","0,0,0"
33.06666666666667,71,AV,1,0,0,63,1260.6549751070208,0.4,-4.210672509448366,"0.2640921052631579,0.2931435523114356,0.3386222222222222,0.4,0.63,0.06062791904628244","0,0,0"
23.833333333333332,60,AV,1,0,0,40,1111.987968807459,0.2,-1.3385040365274972,"0.26212222222222226,0.29815174129353234,0.3465729166666667,0.2,0.4,0.05347816641708441","0,0,0"
44.166666666666664,192,AV,1,0,0,100,3227.056348793521,1.0,-35.99200052316006,"0.29469791666666667,0.31521822541966427,0.36134313725490197,1.0,1.0,0.1551968737963661","0,0,0"
38.416666666666664,88,AV,1,0,0,81,1454.957177165027,0.1,-1.4114799214500786,"0.26655555555555555,0.29494852941176475,0.3578703703703704,0.1,0.81,0.06997237760909195","0,0,0"
36.55,83,AV,1,0,0,76,1348.5865378412918,0.2,-2.4894362605100615,"0.27494117647058824,0.2999354005167959,0.31315333333333334,0.2,0.76,0.06485675863549194","0,0,0"
31.066666666666666,173,AV,1,0,0,61,2758.442965787371,0.2,-4.328062027127659,"0.2781034482758621,0.28197058823529414,0.33876666666666666,0.2,0.61,0.13266013312591463","0,0,0"
20.466666666666665,135,AV,1,0,0,25,2088.64210540395,0.4,-4.317933510835103,"0.31915942028985506,0.2684844444444444,0.3356764705882353,0.4,0.25,0.10044780450125744","0,0,0"
25.25,78,AV,1,0,0,47,1291.7462447339112,0.6,-4.94190798174716,"0.2074761904761905,0.2667242206235012,0.32940624999999996,0.6,0.47,0.0621231727161656","0,0,0"
19.416666666666668,243,AV,1,0,0,24,5158.4050556257225,0.6,-15.1756108328383,"0.3298072916666666,0.292956572769953,0.38249999999999995,0.6,0.24,0.24808006178999184","0,0,0"
31.9,172,AV,1,0,0,64,2753.3979495063454,0.1,-2.2180150148801117,"0.3243944444444445,0.319581560283688,0.34964912280701754,0.1,0.64,0.13241750620204337","0,0,0"
26.983333333333334,139,AV,1,0,0,50,2131.3254046090938,0.3,-4.3568381692703575,"0.2614666666666666,0.3096464646464646,0.35245555555555563,0.3,0.5,0.10250054665508744","0,0,0"
55.25,120,AV,0,0,0,93,1848.7234685638712,0.1,-2.5793427181351993,"0.31285,0.3226115591397849,0.38065625,0.1,0.93,0.08890954226515282","0,0,0"
23.3,68,AV,1,0,0,37,1200.7903182940884,0.1,-0.7065256165720266,"0.33874122807017537,0.3218181818181819,0.3772833333333333,0.1,0.37,0.057748884228147654","0,0,0"
31.55,26,AV,1,0,0,64,783.6834518391023,0.3,-1.8731221898123995,"0.2263904761904762,0.2785012626262626,0.307,0.3,0.64,0.037689215379472674","0,0,0"
46.166666666666664,45,AV,0,0,0,80,954.0002559944874,0.2,-2.224394536283443,"0.285716049382716,0.27388804071246825,0.3489861111111111,0.2,0.8,0.045880158673594545","0,0,0"
24.533333333333335,169,AV,1,0,0,42,2722.266725979925,0.4,-6.746088586940152,"0.2722833333333334,0.2903705128205128,0.35783333333333334,0.4,0.42,0.13092033105337805","0,0,0"
31.166666666666668,273,AV,0,0,0,37,7332.887514065835,0.5,-28.856270309981298,"0.2922148148148148,0.3050950292397661,0.32521212121212123,0.5,0.37,0.3526561345942708","0,0,0"
39.083333333333336,184,AV,1,0,0,83,3024.224513765153,0.8,-23.878136312388165,"0.33005555555555555,0.30448765432098773,0.3390444444444445,0.8,0.83,0.1454422047418416","0,0,0"
14.983333333333333,58,AV,1,0,0,7,1100.389953660579,0.1,-0.41635124930170897,"0.21115789473684213,0.26061642156862747,0.3319479166666667,0.1,0.07,0.052920390072797266","0,0,0"
46.016666666666666,286,AV,2,0,0,96,8987.822610831106,0.2,-20.888365512209333,"0.30132291666666666,0.28169222222222223,0.3118541666666666,0.2,0.96,0.4322459296252377","0,0,0"
20.6,12,AV,1,0,0,28,572.7967315704935,0.1,-0.29797001692808506,"0.32736046511627914,0.3057434895833333,0.3155833333333333,0.1,0.28,0.027547167589358008","0,0,0"
17.166666666666668,259,AV,1,0,0,14,6130.868263041086,0.2,-5.315483426710706,"0.3,0.29942469135802463,0.3536770833333333,0.2,0.14,0.29484814804583803","0,0,0"
15.716666666666667,218,AV,1,0,0,16,3942.222625638348,0.3,-4.693833252496164,"0.3256722222222222,0.31533819951338204,0.37213333333333337,0.3,0.16,0.18959093402168548","0,0,0"
20.533333333333335,291,AV,0,0,0,32,10838.007207066395,0.2,-11.239414881402189,"0.2624380952380953,0.30784515366430254,0.3371309523809524,0.2,0.32,0.5212257410218565","0,0,0"
15.45,156,AV,1,0,0,11,2360.1328348572283,0.2,-1.8416188029567766,"0.24690384615384617,0.272900479616307,0.31371111111111116,0.2,0.11,0.11350444433700012","0,0,0"
40.0,104,AV,1,0,0,91,1664.0464513081895,0.2,-3.361710002642807,"0.3543965517241379,0.3166594202898551,0.3903974358974359,0.2,0.91,0.08002798190726358","0,0,0"
31.233333333333334,254,AV,1,0,0,63,5899.132481879994,0.7,-32.569368643645525,"0.2926960784313726,0.3274330900243308,0.36156410256410254,0.7,0.63,0.2837034189504176","0,0,0"
38.96666666666667,114,AV,1,0,0,80,1799.695682844959,0.5,-8.854563355411438,"0.33754385964912276,0.27022377622377625,0.31327777777777777,0.5,0.8,0.0865516785496407","0,0,0"
20.566666666666666,132,AV,0,0,0,32,2030.86588445069,0.5,-5.27375526391446,"0.23401388888888888,0.2504265734265734,0.3446449275362319,0.5,0.32,0.09766920756877238","0,0,0"
41.4,164,AV,1,0,0,93,2563.744074524839,0.1,-2.68027789609415,"0.2561083333333334,0.25691387024608503,0.3460634920634921,0.1,0.93,0.1232965968285517","0,0,0"
10.433333333333334,214,AV,0,0,0,8,3824.993837156676,0.3,-3.0232905834091905,"0.2842903225806452,0.3043823529411765,0.34057692307692305,0.3,0.08,0.18395312063237393","0,0,0"
36.083333333333336,3,AV,1,0,0,75,473.5024380788758,0.2,-0.8629063791588941,"0.28837121212121214,0.26931333333333335,0.3508771929824561,0.2,0.75,0.022771867046038015","0,0,0"
38.733333333333334,115,AV,1,0,0,84,1809.16611953512,0.3,-5.308714724494468,"0.27350555555555556,0.31076978417266193,0.3569206349206349,0.3,0.84,0.08700713454697676","0,0,0"
41.833333333333336,138,AV,1,0,0,95,2123.4400354784907,0.5,-11.215981668878392,"0.2575691056910569,0.2668994708994709,0.3382314814814815,0.5,0.95,0.1021213203554731","0,0,0"
42.3,240,AV,2,0,0,79,5009.92015912814,0.1,-5.35150562452324,"0.30670833333333336,0.31954296875,0.38196212121212125,0.1,0.79,0.24093906725761643","0,0,0"
26.283333333333335,246,AV,1,0,0,48,5480.041794665195,0.4,-14.548865168665008,"0.24759803921568632,0.25638383838383844,0.3056904761904762,0.4,0.48,0.26354834340696637","0,0,0"
42.63333333333333,36,AV,2,0,0,86,854.5785374972068,0.1,-0.9200386779957302,"0.18415972222222227,0.2652030516431924,0.3423508771929826,0.1,0.86,0.04109872995636468","0,0,0"
19.166666666666668,2,AV,0,0,0,28,457.16351791608827,0.4,-0.8850808848543799,"0.3138232323232323,0.3133695652173913,0.3486842105263158,0.4,0.28,0.021986089217454062","0,0,0"
22.616666666666667,174,AV,0,0,0,32,2838.632091159661,0.1,-1.621222116036894,"0.3795657894736843,0.3518799019607842,0.3626145833333333,0.1,0.32,0.13651662034681394","0,0,0"
51.53333333333333,24,AV,0,0,0,86,741.34301771214,0.2,-1.929488729600957,"0.24263131313131311,0.26193407960199006,0.32716666666666666,0.2,0.86,0.03565296242896494","0,0,0"
32.38333333333333,21,AV,2,0,0,41,699.2977112166509,0.2,-1.1437167111901958,"0.27585,0.31401182033096925,0.3666228070175439,0.2,0.41,0.03363090287355943","0,0,0"
37.21666666666667,25,AV,1,0,0,83,763.1985099142711,0.4,-2.8690610650480934,"0.23506666666666665,0.2868657074340528,0.352936507936508,0.4,0.83,0.03670404542797105","0,0,0"
22.95,238,AV,1,0,0,32,4967.653125719208,0.6,-17.273884732614516,"0.24487037037037038,0.26445153664302595,0.30065277777777777,0.6,0.32,0.2389063443235514","0,0,0"
13.75,121,AV,1,0,0,6,1885.557658153182,0.1,-0.6547075201920772,"0.2984,0.3216362612612613,0.3673823529411765,0.1,0.06,0.09068098671954573","0,0,0"
23.1,182,AV,1,0,0,35,2991.769966736588,0.1,-1.7451991472630097,"0.2724013605442177,0.2798842975206612,0.3554333333333334,0.1,0.35,0.143881387794473","0,0,0"
34.05,226,AV,1,0,0,68,4434.023444374438,0.1,-3.812588340428021,"0.28594202898550725,0.3079366666666667,0.3459313725490196,0.1,0.68,0.2132428140475394","0,0,0"
43.61666666666667,35,AV,2,0,0,84,849.0657401736111,0.4,-3.7407492290140407,"0.29870325203252035,0.2859543209876544,0.33327380952380947,0.4,0.84,0.040833606321069346","0,0,0"
33.666666666666664,116,AV,1,0,0,68,1823.811293294481,0.1,-1.5505466382385737,"0.22253240740740737,0.27216096866096867,0.33447826086956517,0.1,0.68,0.08771145605177698","0,0,0"
23.166666666666668,247,AV,1,0,0,36,5502.789496653042,0.1,-3.2192244950958457,"0.26630630630630625,0.25585802469135804,0.34832407407407406,0.1,0.36,0.26464233491284295","0,0,0"
16.3,126,AV,1,0,0,16,1950.0200213032829,0.4,-3.210639024974092,"0.25491358024691363,0.2670194647201946,0.32547916666666665,0.4,0.16,0.09378113625432592","0,0,0"
21.016666666666666,112,AV,1,0,0,27,1794.439334206041,0.1,-0.952351852034435,"0.22475968992248063,0.26547283950617284,0.321875,0.1,0.27,0.08629888814619799","0,0,0"
10.45,105,AV,0,0,0,10,1682.490559712908,0.1,-0.44399056436868406,"0.21316666666666667,0.28535616438356165,0.35679487179487174,0.1,0.1,0.08091500328370894","0,0,0"
39.95,37,AV,2,0,0,72,861.805442805673,0.1,-0.8694224101031981,"0.28862666666666664,0.2973687943262411,0.36782352941176477,0.1,0.72,0.04144628915269407","0,0,0"
26.35,262,AV,1,0,0,46,6446.254396158338,0.7,-30.02554604473246,"0.2512916666666667,0.2975124716553289,0.35462222222222217,0.7,0.46,0.3100158230437728","0,0,0"
27.45,253,AV,1,0,0,50,5849.7981009167725,0.1,-4.054973683590036,"0.33351282051282055,0.3192954545454546,0.37733333333333335,0.1,0.5,0.28133081033481866","0,0,0"
29.35,52,AV,0,0,0,37,1017.530975349866,0.1,-0.7541549021848123,"0.2582552083333333,0.2770867208672087,0.32831333333333335,0.1,0.37,0.048935503225503364","0,0,0"
26.95,136,AV,1,0,0,52,2105.159940183184,0.1,-1.4326782926246668,"0.26044999999999996,0.310010752688172,0.3369305555555556,0.1,0.52,0.10124218676253416","0,0,0"
18.616666666666667,27,AV,1,0,0,22,793.0252767736928,0.1,-0.3728153342408312,"0.25182905982905984,0.2666885245901639,0.3089035087719298,0.1,0.22,0.03813848612925163","0,0,0"
36.95,152,AV,1,0,0,75,2302.618320259251,0.1,-2.1485289629691753,"0.3231176470588235,0.30205839416058394,0.32632456140350874,0.1,0.75,0.11073843349034766","0,0,0"
36.15,64,AV,2,0,0,61,1148.2139867956057,0.1,-1.0481801924914431,"0.3014367816091954,0.3113510101010101,0.3474062500000001,0.1,0.61,0.05522036244162957","0,0,0"
33.05,239,AV,2,0,0,32,4968.170350229253,0.2,-8.292829801771557,"0.2929833333333333,0.29343019943019943,0.3183589743589743,0.2,0.32,0.23893121888982288","0,0,0"
17.966666666666665,18,AV,1,0,0,17,632.5893922142865,0.2,-0.5740163003425932,"0.2698009259259259,0.2698307291666666,0.33880000000000005,0.2,0.17,0.030422739939172414","0,0,0"
23.783333333333335,179,AV,1,0,0,38,2946.490055333797,0.1,-1.7696301805392798,"0.2956829268292683,0.3022798982188295,0.34776190476190477,0.1,0.38,0.14170376833700152","0,0,0"
35.166666666666664,93,AV,2,0,0,54,1507.5005543882637,0.4,-5.354926211715886,"0.2105904761904762,0.2562938271604938,0.31744791666666666,0.4,0.54,0.07249931454553503","0,0,0"
30.1,180,AV,1,0,0,59,2953.761118311176,0.1,-2.245156809625414,"0.33348062015503876,0.34596491228070164,0.3723809523809525,0.1,0.59,0.14205345118145746","0,0,0"
13.666666666666666,122,AV,0,0,0,22,1888.2149669861096,0.4,-2.606626722102037,"0.28979166666666667,0.2819635036496351,0.33826515151515146,0.4,0.22,0.09080878306984375","0,0,0"
37.18333333333333,29,AV,2,0,0,70,806.3598325453933,0.4,-3.0286006505198184,"0.29128735632183905,0.31274378109452733,0.35455555555555557,0.4,0.7,0.03877977687399022","0,0,0"
25.316666666666666,4,AV,1,0,0,43,491.8679742725259,0.6,-1.8867359922221385,"0.33502173913043476,0.3143068432671081,0.3368854166666667,0.6,0.43,0.023655109696546463","0,0,0"
39.733333333333334,79,AV,1,0,0,84,1294.2551843223837,0.6,-7.791677675314552,"0.3330322580645161,0.3113053527980536,0.36136363636363633,0.6,0.84,0.062243833633915134","0,0,0"
23.283333333333335,264,AV,1,0,0,30,6778.2755320215965,0.8,-31.88299972469418,"0.22160810810810813,0.2852349081364829,0.343268115942029,0.8,0.3,0.3259835151913118","0,0,0"
34.766666666666666,119,AV,1,0,0,73,1836.3970218708375,0.1,-1.612257654723303,"0.33497058823529413,0.3138506944444445,0.37224999999999997,0.1,0.73,0.08831673390204767","0,0,0"
22.1,263,AV,1,0,0,28,6563.608435155774,0.2,-7.326047798835487,"0.350720588235294,0.3263775252525252,0.3689027777777778,0.2,0.28,0.31565966003056356","0,0,0"
11.616666666666667,187,AV,1,0,0,4,3097.4575811220984,0.4,-3.634558811518691,"0.3010343137254902,0.2611707317073171,0.36259649122807014,0.4,0.04,0.14896415846185204","0,0,0"
37.416666666666664,92,AV,1,0,0,80,1496.328062426438,0.5,-7.069142466640054,"0.2303235294117647,0.29325845410628015,0.3456666666666667,0.5,0.8,0.0719620026310286","0,0,0"
24.85,210,AV,1,0,0,36,3742.7752140142647,0.2,-4.697371922639116,"0.3621614583333333,0.33256506849315065,0.3732083333333333,0.2,0.36,0.17999902999980277","0,0,0"
24.833333333333332,190,AV,1,0,0,38,3132.463358685509,0.1,-1.9643814833507611,"0.2900344827586207,0.3015344444444445,0.30359259259259264,0.1,0.38,0.150647670199936","0,0,0"
39.1,251,AV,1,0,0,80,5825.425317043349,0.8,-46.01497573664545,"0.2983777777777778,0.3126956521739131,0.36197222222222225,0.8,0.8,0.28015866474638357","0,0,0"
35.61666666666667,235,AV,1,0,0,71,4818.617258984985,0.2,-8.667832560985618,"0.2808913043478261,0.3108579812206572,0.33988461538461545,0.2,0.71,0.23173885231203734","0,0,0"
37.4,56,AV,1,0,0,81,1040.734547163155,0.5,-4.9145798060482315,"0.33421666666666666,0.29054961832061066,0.37089473684210533,0.5,0.81,0.05005141860382586","0,0,0"
30.133333333333333,96,AV,1,0,0,60,1538.317647081207,0.1,-1.1705716775769455,"0.3125925925925926,0.3316347826086956,0.37572222222222224,0.1,0.6,0.07398138238957058","0,0,0"
24.2,98,AV,0,0,0,35,1564.4426034616197,0.1,-0.9560482576709898,"0.2338041666666667,0.27083205128205123,0.3451666666666667,0.1,0.35,0.07523779415313409","0,0,0"
12.183333333333334,11,AV,0,0,0,10,566.7055292848979,0.1,-0.1743525849778032,"0.3235,0.3102166666666666,0.3711041666666667,0.1,0.1,0.027254227073231246","0,0,0"
32.483333333333334,270,AV,2,0,0,46,7099.697064525982,0.1,-5.823783492744588,"0.2898833333333334,0.2883180661577608,0.3500416666666667,0.1,0.46,0.3414414470102487","0,0,0"
49.81666666666667,194,AV,0,0,0,85,3257.969850357721,0.7,-28.6896057150819,"0.2510990990990991,0.2881317829457364,0.34623333333333334,0.7,0.85,0.15668357817407447","0,0,0"
25.433333333333334,141,AV,1,0,0,47,2139.4702648744856,0.2,-2.7481747678438255,"0.26255913978494627,0.2857457420924574,0.37020833333333336,0.2,0.47,0.10289225250527183","0,0,0"
14.9,124,AV,1,0,0,10,1929.5758599688188,0.4,-2.904109122579334,"0.26104285714285713,0.29628042328042326,0.3443,0.4,0.1,0.09279792753915007","0,0,0"
43.11666666666667,260,AV,1,0,0,97,6197.036257351283,0.3,-20.24208686586839,"0.2613333333333334,0.2683292349726776,0.32597058823529407,0.3,0.97,0.2980303254708333","0,0,0"
39.233333333333334,91,AV,1,0,0,89,1485.5718097438446,0.1,-1.4718165152091796,"0.2443918918918919,0.27485049019607843,0.3166078431372549,0.1,0.89,0.07144470866102204","0,0,0"
27.666666666666668,278,AV,2,0,0,29,7958.958807233507,0.1,-5.560552028622737,"0.2807569444444445,0.2840609195402299,0.3455714285714286,0.1,0.29,0.38276540352897576","0,0,0"
57.03333333333333,15,AV,0,0,0,95,623.7253316558669,0.2,-1.7966229671097445,"0.25588541666666664,0.30806790123456784,0.34301449275362317,0.2,0.95,0.02999644602325653","0,0,0"
40.7,248,AV,1,0,0,88,5702.616109653807,0.1,-5.861022112699747,"0.29251388888888885,0.30453787878787875,0.34451388888888884,0.1,0.88,0.27425247563772664","0,0,0"
19.6,199,AV,1,0,0,21,3368.9508766880413,0.2,-3.334921069852809,"0.2988368055555556,0.3354408602150537,0.3766759259259259,0.2,0.21,0.16202092170810273","0,0,0"
36.9,110,AV,1,0,0,77,1782.711710770346,0.5,-8.30581592518002,"0.3073148148148148,0.3200386473429952,0.36937500000000006,0.5,0.77,0.08573487862868172","0,0,0"
15.616666666666667,176,AV,0,0,0,22,2853.537244729806,0.3,-3.3759651493836214,"0.276837962962963,0.30619823232323234,0.3814166666666667,0.3,0.22,0.13723344490378397","0,0,0"
22.9,282,AV,1,0,0,35,8348.421721831439,0.1,-4.827748924998483,"0.3193007246376812,0.31975303030303037,0.3907261904761905,0.1,0.35,0.4014956084811817","0,0,0"
27.816666666666666,207,AV,1,0,0,50,3608.770587345788,0.8,-20.279589596902763,"0.26173148148148145,0.2891626984126984,0.3781794871794872,0.8,0.5,0.17355442634701188","0,0,0"
51.483333333333334,73,AV,0,0,0,91,1267.69032506861,0.2,-3.296208261058028,"0.2771739130434782,0.2825952380952381,0.36334313725490197,0.2,0.91,0.0609662658868978","0,0,0"
27.433333333333334,261,AV,1,0,0,51,6230.691172258436,0.4,-17.265517962184152,"0.27640090090090097,0.3056950904392765,0.35082638888888895,0.4,0.51,0.29964887098629217","0,0,0"
53.18333333333333,195,AV,0,0,0,91,3274.575105225111,0.1,-4.397798468338944,"0.21715972222222224,0.265416114790287,0.3220777777777778,0.1,0.91,0.15748216467690215","0,0,0"
12.3,200,AV,0,0,0,13,3386.12741774329,0.3,-3.1552550938062476,"0.18209523809523812,0.2881739130434782,0.33270175438596494,0.3,0.13,0.16284698273285247","0,0,0"
24.05,219,AV,1,0,0,41,3958.913906791885,0.1,-2.4043403903622433,"0.2877657657657658,0.2932140921409215,0.3490277777777779,0.1,0.41,0.1903936577347851","0,0,0"
26.35,32,AV,2,0,0,34,822.5771428470101,0.7,-3.8314230807608842,"0.26150595238095237,0.31183088235294115,0.3219166666666667,0.7,0.34,0.039559706192899544","0,0,0"
33.2,103,AV,1,0,0,68,1661.9571573900298,0.2,-2.7867160416842927,"0.25387142857142864,0.26586049382716054,0.30770000000000003,0.2,0.68,0.07992750275552475","0,0,0"
46.516666666666666,230,AV,0,0,0,79,4572.8741748457805,0.2,-10.743174934338866,"0.2428970588235294,0.28243236714975845,0.35622549019607846,0.2,0.79,0.21992047844641197","0,0,0"
26.633333333333333,175,AV,1,0,0,49,2850.5966631146844,0.8,-15.337553763155777,"0.2233782051282051,0.25587612612612615,0.30502083333333335,0.8,0.49,0.13709202528649697","0,0,0"
35.766666666666666,220,AV,1,0,0,70,4021.28082322038,0.1,-3.6320154236662185,"0.2291609195402299,0.2691875,0.3607619047619047,0.1,0.7,0.1933930322147629","0,0,0"
42.96666666666667,39,AV,0,0,0,75,913.5589076746268,0.1,-0.9912267946065606,"0.22934374999999999,0.28508712121212115,0.31183333333333335,0.1,0.75,0.04393523731091094","0,0,0"
22.0,177,AV,1,0,0,26,2891.134206742707,0.5,-8.030928352063075,"0.2461989247311828,0.2622374100719425,0.3276083333333333,0.5,0.26,0.13904157291209238","0,0,0"
58.65,204,AV,0,0,0,97,3465.4556083993225,0.1,-5.132549783652027,"0.3281208333333332,0.3144770992366413,0.34811403508771926,0.1,0.97,0.1666620655399256","0,0,0"
15.35,76,AV,1,0,0,7,1282.6858023855964,0.4,-1.9888108148099906,"0.34517816091954023,0.3478120567375887,0.37934999999999985,0.4,0.07,0.06168743432932387","0,0,0"
41.516666666666666,100,AV,1,0,0,94,1592.2311391495805,0.4,-6.6771847939757665,"0.20590540540540545,0.2562188295165394,0.3066590909090909,0.4,0.94,0.07657421143254188","0,0,0"
43.61666666666667,208,AV,1,0,0,98,3628.2404526711953,0.6,-23.977538547072015,"0.29688383838383836,0.29080827067669174,0.36218750000000005,0.6,0.98,0.17449077883210845","0,0,0"
25.2,269,AV,1,0,0,38,7081.334819999852,0.9,-40.55673578727188,"0.2883944444444444,0.28357894736842104,0.32661666666666667,0.9,0.38,0.34055836266392014","0,0,0"
23.466666666666665,0,AV,2,0,0,13,437.8567856598078,1.0,-2.5947068779840463,"0.27064215686274506,0.29143749999999996,0.3247638888888889,1.0,0.13,0.021057582192617507","0,0,0"
32.43333333333333,74,AV,2,0,0,40,1275.6237969650936,0.2,-2.089531909843495,"0.32048850574712645,0.32595486111111116,0.38890196078431366,0.2,0.4,0.06134780556380672","0,0,0"
36.15,241,AV,0,0,0,60,5051.78348307234,0.5,-23.058329913265794,"0.2820324074074074,0.27517407407407407,0.3432179487179488,0.5,0.6,0.24295237483598997","0,0,0"
13.9,80,AV,1,0,0,5,1317.647826688136,0.3,-1.387523090224628,"0.24736111111111117,0.2623710462287105,0.3152333333333333,0.3,0.05,0.06336884186823323","0,0,0"
17.183333333333334,272,AV,1,0,0,14,7177.938863287724,0.4,-12.458678397389972,"0.2937833333333333,0.27876771653543303,0.35956250000000006,0.4,0.14,0.345204282627472","0,0,0"
41.18333333333333,222,AV,0,0,0,67,4090.160813256426,0.1,-4.253698387860534,"0.2933717948717948,0.2848931924882629,0.3555,0.1,0.67,0.19670563601379967","0,0,0"
11.816666666666666,28,AV,1,0,0,1,802.5586880039084,0.1,-0.23948405294392722,"0.27390000000000003,0.3206155717761557,0.386659420289855,0.1,0.01,0.038596970723144074","0,0,0"
30.616666666666667,61,AV,2,0,0,39,1117.0806745336297,0.2,-1.7273377096955203,"0.2901086956521739,0.25937469586374695,0.3316416666666667,0.2,0.39,0.05372308684066549","0,0,0"
