travel_time,id,kind,action,origin,destination,start_time,income,urgency,reward,observation,cost_table
29.083333333333332,291,AV,1,0,0,51,11861.36896338871,0.5,-43.55658426160206,"0.25057894736842107,0.2735779816513761,0.32425,0.5,0.51,0.5860583346804944","0,0,0"
28.516666666666666,66,AV,1,0,0,49,1135.438045570021,1.0,-8.17649198640701,"0.23059027777777774,0.24899999999999994,0.28300000000000003,1.0,0.49,0.05610085414032447","0,0,0"
10.466666666666667,262,AV,0,0,0,7,5912.288420941998,0.5,-7.81337779535264,"0.27610606060606063,0.2917145061728395,0.3131333333333333,0.5,0.07,0.2921202364434439","0,0,0"
12.066666666666666,39,AV,0,0,0,17,881.2906222289953,0.4,-1.074165674231974,"0.22682407407407407,0.26394837758112094,0.3562222222222223,0.4,0.17,0.04354368505248021","0,0,0"
31.016666666666666,264,AV,1,0,0,54,6130.868263041086,0.2,-9.60399481272682,"0.24208000000000002,0.2791897689768977,0.34240476190476193,0.2,0.54,0.3029200470429381","0,0,0"
22.0,62,AV,1,0,0,33,1104.4445206976068,0.4,-2.454321157105793,"0.339775,0.33633666666666673,0.3805897435897435,0.4,0.33,0.05456949518600221","0,0,0"
20.316666666666666,281,AV,1,0,0,27,8475.089255911002,0.1,-4.348120287439189,"0.23449206349206353,0.2997118055555556,0.30339999999999995,0.1,0.27,0.41874565329841523","0,0,0"
35.88333333333333,162,AV,2,0,0,52,2538.843693606908,0.7,-16.103919741729673,"0.22866666666666668,0.3165560471976401,0.34068750000000003,0.7,0.52,0.12544171854715278","0,0,0"
27.4,19,AV,0,0,0,55,617.4453946714843,0.2,-0.8544446370706399,"0.25403472222222223,0.2953830128205129,0.35075,0.2,0.55,0.03050735719243069","0,0,0"
25.966666666666665,205,AV,2,0,0,26,3458.1247672483346,0.2,-4.535150157721301,"0.27796078431372545,0.31257119741100325,0.3528787878787878,0.2,0.26,0.17086247367116114","0,0,0"
12.133333333333333,175,AV,0,0,0,12,2815.231094880572,0.3,-2.587737673072041,"0.27434166666666665,0.2621,0.30221666666666663,0.3,0.12,0.1390977426213619","0,0,0"
5.316666666666666,101,AV,0,0,0,0,1592.6375082496468,0.1,-0.21382633212610996,"0.21526851851851853,0.28775889967637536,0.3483030303030303,0.1,0.0,0.0786906206792357","0,0,0"
36.6,49,AV,2,0,0,67,959.5289757906356,1.0,-8.868373867155874,"0.30638333333333334,0.30988621794871796,0.35046875,1.0,0.67,0.04740936357053375","0,0,0"
38.55,24,AV,1,0,0,75,640.5426603936758,0.1,-0.6235585747014192,"0.20433333333333334,0.2753128930817611,0.32211111111111107,0.1,0.75,0.03164856990797825","0,0,0"
33.833333333333336,45,AV,2,0,0,49,912.6272274022258,0.1,-0.7797278079236188,"0.25985,0.29910561056105606,0.3556388888888889,0.1,0.49,0.04509199526010037","0,0,0"
19.133333333333333,108,AV,1,0,0,22,1649.648602545546,0.5,-3.9852621963852837,"0.2339074074074074,0.2551324404761905,0.31305000000000005,0.5,0.22,0.08150748162374356","0,0,0"
41.36666666666667,289,AV,1,0,0,83,11515.391842589095,0.7,-84.2038795762386,"0.27241269841269844,0.2934607843137255,0.35504761904761906,0.7,0.83,0.5689639524149042","0,0,0"
35.5,278,AV,1,0,0,69,8139.327108000771,0.2,-14.59323799666805,"0.21275000000000002,0.32223676012461056,0.3314242424242424,0.2,0.69,0.40215598259005225","0,0,0"
32.06666666666667,96,AV,2,0,0,29,1530.0661682302475,0.4,-4.955971898442756,"0.1951388888888889,0.26558787878787876,0.34458333333333335,0.4,0.29,0.07559903357460358","0,0,0"
12.916666666666666,297,AV,1,0,0,2,17322.90883950548,0.3,-16.95107872552619,"0.2007017543859649,0.2673633333333333,0.29148809523809527,0.3,0.02,0.8559075379611304","0,0,0"
39.03333333333333,271,AV,1,0,0,75,7334.728577480919,0.2,-14.459540680522148,"0.2754083333333333,0.32419090909090914,0.38420000000000004,0.2,0.75,0.3624015768095477","0,0,0"
14.366666666666667,127,AV,1,0,0,4,1888.2149669861096,0.2,-1.3700684356414365,"0.30995614035087715,0.3445884955752212,0.39422916666666663,0.2,0.04,0.09329480623074009","0,0,0"
32.733333333333334,54,AV,1,0,0,60,1022.032321197676,0.2,-1.6896224569294913,"0.3097539682539682,0.31518535825545174,0.3606388888888889,0.2,0.6,0.05049759112961852","0,0,0"
21.933333333333334,91,AV,1,0,0,32,1496.328062426438,0.9,-7.4589686748226995,"0.26535333333333333,0.2860400641025641,0.34509090909090906,0.9,0.32,0.07393206763132296","0,0,0"
33.0,158,AV,1,0,0,61,2496.2043409386315,0.2,-4.160340568231052,"0.18615833333333334,0.26033015873015863,0.33864814814814814,0.2,0.61,0.12333495093088893","0,0,0"
43.55,157,AV,1,0,0,85,2486.38103050259,0.2,-5.468782519110493,"0.2813555555555555,0.30360648148148145,0.32516666666666666,0.2,0.85,0.12284959102235175","0,0,0"
45.666666666666664,105,AV,1,0,0,90,1626.914224999384,0.3,-5.628465879417061,"0.3246597222222223,0.3372955974842767,0.37013333333333337,0.3,0.9,0.0803841988487261","0,0,0"
34.36666666666667,152,AV,1,0,0,61,2398.572127464108,0.5,-10.407945553095518,"0.2462936507936508,0.29125728155339803,0.3596818181818182,0.5,0.61,0.11851104126104732","0,0,0"
31.416666666666668,250,AV,1,0,0,55,5158.4050556257225,0.5,-20.462107596495134,"0.21580729166666668,0.2791236559139785,0.3403333333333333,0.5,0.55,0.2548716160705086","0,0,0"
39.68333333333333,191,AV,1,0,0,78,3048.604611013583,0.1,-3.0550200247572983,"0.20151388888888888,0.2570698412698413,0.291469696969697,0.1,0.78,0.15062849380578247","0,0,0"
29.033333333333335,27,AV,1,0,0,50,727.2326469992182,0.3,-1.5995445341826238,"0.23045454545454544,0.2699027777777778,0.35078333333333334,0.3,0.5,0.03593183513143892","0,0,0"
26.05,231,AV,1,0,0,44,4549.115907877681,0.1,-2.992537106066,"0.2924533333333333,0.3138256172839506,0.3409761904761905,0.1,0.44,0.22476725085176577","0,0,0"
35.18333333333333,202,AV,1,0,0,67,3387.2787239910285,0.3,-9.02846639690033,"0.2605873015873016,0.30031831831831834,0.33939583333333334,0.3,0.67,0.16736204178524355","0,0,0"
31.816666666666666,218,AV,1,0,0,57,3793.837230001502,0.4,-12.192651973186647,"0.28669999999999995,0.33788244047619054,0.3534791666666666,0.4,0.57,0.18744968948578491","0,0,0"
34.233333333333334,130,AV,1,0,0,59,1927.298426803608,0.1,-1.6661073100398196,"0.2474270833333333,0.2640983333333333,0.30075,0.1,0.59,0.09522588075045987","0,0,0"
38.21666666666667,171,AV,1,0,0,73,2767.495209174315,0.6,-16.024915441001777,"0.2575555555555556,0.2896367924528302,0.3251166666666667,0.6,0.73,0.1367391604233156","0,0,0"
34.03333333333333,208,AV,1,0,0,56,3558.5090095449787,0.4,-12.233123564799405,"0.2585882352941177,0.30960565476190477,0.36460606060606066,0.4,0.56,0.17582235832276605","0,0,0"
40.93333333333333,232,AV,1,0,0,77,4559.760277629775,0.4,-18.853150238819406,"0.21906321839080461,0.2737006472491909,0.31172916666666667,0.4,0.77,0.2252931784769742","0,0,0"
35.21666666666667,156,AV,1,0,0,68,2478.182963693478,0.1,-2.2038723073587203,"0.2885416666666667,0.3067733333333333,0.3653974358974359,0.1,0.68,0.12244453277008954","0,0,0"
12.116666666666667,143,AV,1,0,0,0,2218.0502812558643,0.5,-3.3933555439246916,"0.29396666666666665,0.2724512578616352,0.3059166666666666,0.5,0.0,0.10959163803796217","0,0,0"
41.11666666666667,183,AV,1,0,0,80,2953.464044858564,0.4,-12.266322893377236,"0.14438333333333328,0.24057798165137614,0.3300624999999999,0.4,0.8,0.1459276939290168","0,0,0"
42.95,132,AV,1,0,0,82,1945.516475481125,0.3,-6.3302979259026,"0.2753641975308642,0.34067000000000003,0.3633076923076923,0.3,0.82,0.09612601624932422","0,0,0"
35.65,26,AV,0,0,0,89,676.2529471816457,0.3,-1.8263952702292174,"0.3281666666666666,0.3360901360544218,0.38620000000000004,0.3,0.89,0.033412979334117666","0,0,0"
8.65,176,AV,0,0,0,6,2818.3733061874163,0.9,-5.540665704209354,"0.3120196078431372,0.31081111111111115,0.31986111111111115,0.9,0.06,0.13925299612805134","0,0,0"
23.283333333333335,172,AV,2,0,0,0,2793.3389947689566,0.7,-11.496659103470382,"0.2553137254901961,0.2581183800623053,0.34077083333333336,0.7,0.0,0.13801607592895285","0,0,0"
20.65,203,AV,0,0,0,33,3389.778327720714,0.7,-12.373546900808819,"0.3148245614035088,0.32373809523809527,0.32975,0.7,0.33,0.1674855446965603","0,0,0"
33.93333333333333,20,AV,1,0,0,62,623.7253316558669,0.5,-2.6723585337780826,"0.23211111111111116,0.2701944444444445,0.366530303030303,0.5,0.62,0.03081764257536799","0,0,0"
31.85,190,AV,1,0,0,58,3046.5766145774583,0.2,-4.90068005930768,"0.259216049382716,0.2672022653721683,0.3422833333333334,0.2,0.58,0.15052829253746666","0,0,0"
44.516666666666666,46,AV,1,0,0,90,934.0011274976006,0.5,-5.249825360997666,"0.22577192982456137,0.28318464052287584,0.3265,0.5,0.9,0.04614805820984811","0,0,0"
38.63333333333333,193,AV,1,0,0,75,3101.095365071405,0.4,-12.101580902753396,"0.24174603174603174,0.28401,0.32834848484848483,0.4,0.75,0.15322200927639995","0,0,0"
37.9,283,AV,1,0,0,73,8795.495569618428,0.3,-25.25373349155594,"0.3164824561403509,0.3460795795795796,0.3984166666666667,0.3,0.73,0.43457660765217343","0,0,0"
22.383333333333333,284,AV,1,0,0,36,8981.750106371177,1.0,-50.76805720899196,"0.27020833333333333,0.32420918367346935,0.3743425925925926,1.0,0.36,0.4437792573608979","0,0,0"
31.766666666666666,181,AV,2,0,0,39,2909.8477340427667,0.6,-14.005479245165436,"0.23786904761904762,0.2761022012578616,0.3702023809523809,0.6,0.39,0.1437726557913017","0,0,0"
24.966666666666665,209,AV,1,0,0,41,3628.2404526711953,0.6,-13.72501060126629,"0.2156742424242424,0.28815902140672783,0.31255555555555564,0.6,0.41,0.1792677189349818","0,0,0"
29.483333333333334,274,AV,1,0,0,51,7572.106998522375,0.2,-11.275300741065726,"0.2727979797979798,0.2934097222222222,0.36390909090909096,0.2,0.51,0.37413020632558763","0,0,0"
37.1,38,AV,1,0,0,71,877.2934597877683,0.2,-1.643817543339707,"0.27469607843137256,0.290162037037037,0.31885714285714295,0.2,0.71,0.04334618926839462","0,0,0"
25.216666666666665,121,AV,1,0,0,42,1824.367004680513,0.7,-8.132100566738767,"0.18171739130434783,0.25792187499999997,0.28872916666666665,0.7,0.42,0.09014014250035135","0,0,0"
40.916666666666664,106,AV,0,0,0,99,1635.9686818612918,0.1,-1.6903632634551646,"0.2194866666666667,0.2592048192771085,0.3509305555555556,0.1,0.99,0.08083157047389894","0,0,0"
28.85,163,AV,0,0,0,64,2553.8725848963804,1.0,-18.605864665217318,"0.33495833333333336,0.3204863636363636,0.36485185185185187,1.0,0.64,0.1261842809805775","0,0,0"
16.3,201,AV,1,0,0,9,3386.12741774329,0.2,-2.7875695408694763,"0.2430757575757575,0.26586111111111116,0.32175,0.2,0.09,0.16730515689916173","0,0,0"
38.25,239,AV,1,0,0,74,4662.282088415262,0.2,-9.006681307165847,"0.25353125,0.3170060975609756,0.3465833333333333,0.2,0.74,0.23035867824203715","0,0,0"
24.116666666666667,89,AV,1,0,0,40,1467.6871321740252,0.3,-2.6814940407270385,"0.2418157894736842,0.29418055555555556,0.3581444444444445,0.3,0.4,0.07251694801576773","0,0,0"
36.516666666666666,166,AV,1,0,0,67,2629.980017260476,0.2,-4.850409274257326,"0.27098666666666665,0.31329967948717946,0.3839090909090909,0.2,0.67,0.1299446728211638","0,0,0"
32.85,160,AV,1,0,0,57,2530.9644311939346,0.1,-2.0995500395131503,"0.25457692307692315,0.2829042904290429,0.32719230769230767,0.1,0.57,0.12505241210010515","0,0,0"
46.1,28,AV,1,0,0,98,753.7709081553346,0.6,-5.264975585751655,"0.2724940476190476,0.3046986531986532,0.35384615384615387,0.6,0.98,0.03724306397749163","0,0,0"
41.13333333333333,196,AV,1,0,0,82,3257.3450634265246,0.9,-30.451240971729785,"0.31380208333333337,0.29414309764309765,0.3478055555555556,0.9,0.82,0.1609421500371313","0,0,0"
25.1,147,AV,2,0,0,4,2283.7291705859197,0.9,-13.02763685947877,"0.2844347826086957,0.2952871287128713,0.35283333333333333,0.9,0.04,0.1128367660348439","0,0,0"
19.15,40,AV,1,0,0,23,892.1845339920479,0.4,-1.7257912955502743,"0.22994736842105268,0.2516538461538462,0.28292424242424247,0.4,0.23,0.044081942297973305","0,0,0"
46.016666666666666,220,AV,1,0,0,100,3898.759045987068,0.7,-31.7135168694411,"0.26762745098039215,0.3446904761904762,0.36153030303030304,0.7,1.0,0.19263377109878843","0,0,0"
31.766666666666666,259,AV,1,0,0,58,5721.231751015957,0.9,-41.305559535743996,"0.25471875,0.2901830357142858,0.3401944444444444,0.9,0.58,0.2826803181547486","0,0,0"
34.03333333333333,174,AV,1,0,0,64,2813.5576138103806,0.4,-9.672196376095618,"0.23371969696969697,0.32136448598130846,0.37342424242424244,0.4,0.64,0.1390150576014335","0,0,0"
24.016666666666666,140,AV,0,0,0,42,2142.030696222753,0.9,-11.69191755021586,"0.2634861111111111,0.29856790123456795,0.33975,0.9,0.42,0.10583558664582342","0,0,0"
24.3,69,AV,1,0,0,40,1150.4391077840953,0.4,-2.82380508274278,"0.18340476190476193,0.24345709570957097,0.3143974358974359,0.4,0.4,0.056842041567067104","0,0,0"
31.033333333333335,92,AV,1,0,0,53,1509.578116022191,0.1,-1.1830111330106563,"0.23767592592592596,0.2740690235690236,0.33209259259259255,0.1,0.53,0.07458673947980204","0,0,0"
31.1,8,AV,1,0,0,54,542.8991684878858,0.1,-0.42636778131245584,"0.28002941176470586,0.31374927536231884,0.3624791666666667,0.1,0.54,0.02682410298216846","0,0,0"
43.25,53,AV,2,0,0,90,1017.530975349866,0.1,-1.1113185526232754,"0.20443055555555556,0.2819967320261438,0.36839285714285724,0.1,0.9,0.050275184149485695","0,0,0"
26.25,169,AV,1,0,0,42,2754.938443140308,0.7,-12.783331791086656,"0.2540500000000001,0.3073966666666667,0.37465,0.7,0.42,0.13611874321737782","0,0,0"
30.833333333333332,256,AV,1,0,0,53,5502.789496653042,0.2,-8.569158727952969,"0.22136904761904763,0.30266066066066066,0.3474111111111111,0.2,0.53,0.27188730562719554","0,0,0"
23.466666666666665,4,AV,1,0,0,37,506.5869000089976,0.1,-0.30019964444977637,"0.2685747126436782,0.2959754385964912,0.3424375,0.1,0.37,0.025029950244917432","0,0,0"
26.95,36,AV,1,0,0,48,859.2772315809713,0.1,-0.5847858937148277,"0.2586875,0.2783106796116505,0.3667435897435898,0.1,0.48,0.042456025516412095","0,0,0"
42.516666666666666,206,AV,1,0,0,83,3523.1638559153366,0.6,-22.695936859697028,"0.23263636363636364,0.30105974842767297,0.3028888888888889,0.6,0.83,0.1740759897594787","0,0,0"
19.3,184,AV,1,0,0,20,2965.4163440895786,0.4,-5.7810641859524114,"0.17751754385964913,0.2561253968253967,0.316875,0.4,0.2,0.14651824503694982","0,0,0"
13.166666666666666,215,AV,1,0,0,2,3758.845856207275,0.4,-4.999138428289137,"0.18571839080459768,0.2612983333333333,0.32292424242424245,0.4,0.02,0.18572080082906037","0,0,0"
30.9,261,AV,1,0,0,54,5899.132481879994,0.6,-27.61866571061997,"0.22657894736842107,0.28057547169811314,0.31633333333333336,0.6,0.54,0.29147021469961026","0,0,0"
25.083333333333332,199,AV,2,0,0,23,3366.895459871004,0.1,-2.1326505332937127,"0.2422460317460318,0.27460066006600664,0.32606481481481486,0.1,0.23,0.16635492516469105","0,0,0"
22.433333333333334,214,AV,0,0,0,36,3752.1132597063192,0.3,-6.376697534803921,"0.16672222222222222,0.22245015576323993,0.3038555555555556,0.3,0.36,0.1853881499937643","0,0,0"
45.28333333333333,79,AV,1,0,0,98,1317.647826688136,0.2,-3.013509381407126,"0.18330555555555555,0.2903878205128205,0.35110416666666666,0.2,0.98,0.06510365653304864","0,0,0"
28.916666666666668,86,AV,1,0,0,50,1411.5824788559885,0.6,-6.184584850543283,"0.2938690476190476,0.31322222222222224,0.3692999999999999,0.6,0.5,0.06974487341013964","0,0,0"
33.35,31,AV,2,0,0,22,793.0252767736928,0.2,-1.3357269182021545,"0.2761481481481481,0.3269741100323625,0.3736833333333333,0.2,0.22,0.0391825829295129","0,0,0"
46.333333333333336,275,AV,1,0,0,93,7612.519032757181,0.4,-35.6276143283922,"0.3473974358974359,0.29392456140350876,0.33000000000000007,0.4,0.93,0.3761269243737155","0,0,0"
19.983333333333334,6,AV,1,0,0,28,522.440884226393,0.5,-1.3181957495527046,"0.26975,0.30137654320987656,0.3468611111111111,0.5,0.28,0.02581327969172718","0,0,0"
15.85,136,AV,1,0,0,8,2113.1349678504243,0.1,-0.8457876070815462,"0.29030555555555554,0.32187893081761004,0.3621666666666667,0.1,0.08,0.10440787771091574","0,0,0"
33.53333333333333,110,AV,1,0,0,62,1664.0464513081895,0.3,-4.227350328323329,"0.26847101449275357,0.2662603174603175,0.32733333333333325,0.3,0.62,0.08221886487932402","0,0,0"
13.3,95,AV,1,0,0,4,1528.3774584247917,0.5,-2.566593459223451,"0.15380158730158727,0.2328066037735849,0.3338333333333333,0.5,0.04,0.07551559611815158","0,0,0"
13.833333333333334,149,AV,1,0,0,2,2329.0008356791827,0.5,-4.067909708783084,"0.23906140350877195,0.2732539682539683,0.3599375000000001,0.5,0.02,0.1150735935658535","0,0,0"
25.683333333333334,41,AV,0,0,0,54,898.3728471886773,0.6,-3.495940801812504,"0.17467361111111113,0.24020967741935487,0.29443589743589743,0.6,0.54,0.044387700641524724","0,0,0"
39.13333333333333,61,AV,0,0,0,98,1100.389953660579,0.6,-6.524534371704646,"0.23195652173913042,0.31608722741433026,0.38291666666666674,0.6,0.98,0.05436916309845774","0,0,0"
15.316666666666666,286,AV,1,0,0,7,9280.176126726552,0.1,-3.5894283924502113,"0.32894202898550723,0.32874761904761896,0.4065416666666667,0.1,0.07,0.4585241874827607","0,0,0"
34.233333333333334,227,AV,1,0,0,65,4237.057085974603,0.3,-10.988529361858378,"0.262468253968254,0.3279591836734694,0.3594615384615385,0.3,0.65,0.20934873768929974","0,0,0"
36.71666666666667,100,AV,1,0,0,69,1587.6148581174584,0.8,-11.77614657384768,"0.22824637681159424,0.2906604938271605,0.33446296296296296,0.8,0.69,0.07844245657766878","0,0,0"
38.28333333333333,165,AV,1,0,0,74,2612.3907844155665,0.3,-7.576592969447672,"0.13940625,0.2325030864197531,0.33148717948717954,0.3,0.74,0.12907560648141725","0,0,0"
42.983333333333334,113,AV,1,0,0,86,1703.2333497257905,0.2,-3.6975074149350284,"0.3067954545454546,0.30171717171717166,0.3496851851851851,0.2,0.86,0.08415505019644881","0,0,0"
14.183333333333334,224,AV,1,0,0,3,3958.913906791885,0.2,-2.8358886655554665,"0.3360133333333334,0.35011403508771927,0.4055499999999999,0.2,0.03,0.19560596239095915","0,0,0"
39.5,229,AV,1,0,0,77,4412.688598555705,0.3,-13.204636336587146,"0.27148666666666665,0.26760691823899374,0.3426666666666667,0.3,0.77,0.21802651443652019","0,0,0"
40.13333333333333,21,AV,1,0,0,79,627.4062491148882,0.6,-3.8151369895673,"0.2565,0.29990654205607475,0.332156862745098,0.6,0.79,0.0309995130123124","0,0,0"
29.35,125,AV,1,0,0,50,1848.7234685638712,0.1,-1.3702028737967076,"0.23795370370370367,0.26103787878787876,0.3386805555555556,0.1,0.5,0.09134357093312716","0,0,0"
39.36666666666667,292,AV,1,0,0,79,12726.503958899895,1.0,-126.5151614096025,"0.19940833333333338,0.2775495049504951,0.32470175438596494,1.0,0.79,0.6288037864329918","0,0,0"
19.016666666666666,60,AV,0,0,0,28,1089.3140785512585,0.1,-0.5231091597756675,"0.3331228070175438,0.3061752577319588,0.34789215686274516,0.1,0.28,0.05382191522667051","0,0,0"
38.266666666666666,98,AV,1,0,0,71,1552.9853059451273,1.0,-15.006962384048872,"0.19286206896551725,0.26933168316831685,0.31448333333333334,1.0,0.71,0.07673144516410514","0,0,0"
36.63333333333333,253,AV,1,0,0,68,5427.330032863625,0.1,-5.020737126361215,"0.26108666666666663,0.28697962962962964,0.3694555555555556,0.1,0.68,0.26815892926348833","0,0,0"
19.2,13,AV,1,0,0,23,597.1498506777683,0.4,-1.1581088013144598,"0.2740277777777777,0.27522743055555554,0.34660714285714284,0.4,0.23,0.029504574735270385","0,0,0"
15.65,146,AV,0,0,0,22,2280.385817754286,0.2,-1.8024261640330597,"0.28681249999999997,0.27951401869158876,0.3075,0.2,0.22,0.1126715743273096","0,0,0"
42.016666666666666,118,AV,1,0,0,83,1797.659883656486,0.1,-1.9073655583745799,"0.22814166666666671,0.27225,0.37024999999999997,0.1,0.83,0.08882057045771759","0,0,0"
17.183333333333334,161,AV,1,0,0,15,2533.2754137277425,0.2,-2.1984906999606926,"0.19480701754385965,0.2831051051051051,0.33454999999999996,0.2,0.15,0.12516659542746134","0,0,0"
37.833333333333336,15,AV,1,0,0,73,601.3137559373858,0.4,-2.2979498753836127,"0.29266666666666663,0.3000681159420289,0.32252380952380955,0.4,0.73,0.029710309114645228","0,0,0"
15.683333333333334,43,AV,1,0,0,12,904.859336063587,0.5,-1.7918195185939296,"0.2527962962962963,0.27127000000000007,0.33237500000000003,0.5,0.12,0.044708191546047354","0,0,0"
27.6,242,AV,2,0,0,28,4717.175795221327,0.1,-3.287728584548198,"0.2277051282051282,0.2698019801980198,0.30324358974358967,0.1,0.28,0.23307092119599135","0,0,0"
15.183333333333334,228,AV,1,0,0,10,4245.708624069837,0.1,-1.6278790221075852,"0.26323076923076927,0.29295259938837925,0.3309166666666667,0.1,0.1,0.20977620150263931","0,0,0"
18.583333333333332,216,AV,1,0,0,18,3773.073658575576,0.2,-3.54122653982472,"0.24555333333333337,0.291081081081081,0.356875,0.2,0.18,0.1864237822629797","0,0,0"
23.016666666666666,296,AV,1,0,0,36,15725.918848752755,0.1,-9.140359398201834,"0.24447023809523813,0.2860336538461539,0.3436875,0.1,0.36,0.7770018654902042","0,0,0"
22.566666666666666,37,AV,1,0,0,37,863.3540159882258,0.3,-1.4759865374344163,"0.28771014492753627,0.29370183486238527,0.37547916666666664,0.3,0.37,0.04265745534191888","0,0,0"
14.483333333333333,135,AV,1,0,0,5,2088.64210540395,0.1,-0.7639015107727412,"0.3177142857142857,0.3553523809523809,0.40925000000000006,0.1,0.05,0.10319770996204586","0,0,0"
23.566666666666666,273,AV,1,0,0,38,7511.51421120444,0.4,-17.880944603776225,"0.2910530303030303,0.3243020833333333,0.3709166666666667,0.4,0.38,0.3711363775239707","0,0,0"
19.716666666666665,276,AV,1,0,0,18,7958.958807233507,0.1,-3.9627307529281306,"0.26213888888888887,0.28809666666666667,0.362439393939394,0.1,0.18,0.3932441658930853","0,0,0"
44.03333333333333,124,AV,2,0,0,84,1838.9541098615327,0.4,-8.179321141842037,"0.24176984126984127,0.30057928802588996,0.3493333333333334,0.4,0.84,0.09086087672559844","0,0,0"
19.583333333333332,234,AV,1,0,0,23,4577.590037133467,0.8,-18.109994254652605,"0.3314583333333333,0.3316622418879056,0.3546212121212121,0.8,0.23,0.2261741289975035","0,0,0"
33.38333333333333,76,AV,1,0,0,61,1279.3396024785957,0.1,-1.0785005150524525,"0.2629583333333333,0.2568823529411765,0.3471458333333333,0.1,0.61,0.06321088562657848","0,0,0"
16.966666666666665,279,AV,1,0,0,13,8331.964781214912,0.1,-3.5698401293252444,"0.31195000000000006,0.3339494949494949,0.3746515151515152,0.1,0.13,0.4116740166642871","0,0,0"
25.833333333333332,295,AV,1,0,0,46,14754.343640924068,0.3,-28.875293741707452,"0.3081376811594203,0.3174895833333332,0.37582539682539684,0.3,0.46,0.7289973096860264","0,0,0"
47.516666666666666,59,AV,1,0,0,99,1083.524948441525,0.1,-1.3001387323260891,"0.2734696969696969,0.2926423948220065,0.3756111111111111,0.1,0.99,0.053535880118764236","0,0,0"
30.133333333333333,290,AV,1,0,0,52,11662.42845360034,0.1,-8.874440506780058,"0.19886805555555553,0.29967948717948717,0.3540138888888889,0.1,0.52,0.5762288837775733","0,0,0"
18.316666666666666,83,AV,1,0,0,18,1365.417472605012,0.2,-1.2631260962903268,"0.2809166666666666,0.31396165191740416,0.3857777777777778,0.2,0.18,0.06746390678921493","0,0,0"
20.833333333333332,268,AV,1,0,0,31,7081.334819999852,0.1,-3.725449715909013,"0.2301055555555555,0.27561394557823127,0.34236111111111106,0.1,0.31,0.34988164559535495","0,0,0"
28.866666666666667,270,AV,1,0,0,49,7130.271245067938,0.2,-10.39531127647952,"0.28585,0.34160576923076924,0.40345833333333336,0.2,0.49,0.3522995452382328","0,0,0"
33.6,88,AV,1,0,0,62,1447.5744631551047,0.1,-1.2282449990406952,"0.2547083333333333,0.294730303030303,0.33324999999999994,0.1,0.62,0.07152320122755207","0,0,0"
37.21666666666667,221,AV,2,0,0,24,3919.41152379869,0.1,-3.683521015421917,"0.31824305555555554,0.3236751700680272,0.39717592592592593,0.1,0.24,0.1936541892976206","0,0,0"
19.766666666666666,16,AV,1,0,0,25,610.4868582393152,0.2,-0.6094591025857137,"0.28505555555555556,0.3270361635220126,0.38286666666666663,0.2,0.25,0.03016354289191967","0,0,0"
12.883333333333333,226,AV,1,0,0,2,4135.471393234625,0.7,-9.417944321882388,"0.24664102564102564,0.27633506944444447,0.3524242424242424,0.7,0.02,0.20432949057724065","0,0,0"
28.95,189,AV,1,0,0,51,3032.1279287666234,0.1,-2.216669281257418,"0.2017733333333333,0.29330158730158723,0.3355666666666666,0.1,0.51,0.14981439747436257","0,0,0"
26.8,51,AV,2,0,0,13,985.8695826897422,0.5,-3.336023335364279,"0.23641666666666666,0.282683800623053,0.37431818181818177,0.5,0.13,0.04871082651814225","0,0,0"
21.316666666666666,280,AV,1,0,0,28,8436.938288223368,0.1,-4.5416010398306765,"0.2551781609195402,0.2942745098039215,0.36061111111111116,0.1,0.28,0.4168606522788469","0,0,0"
43.11666666666667,198,AV,1,0,0,89,3269.866339895674,0.2,-7.120491768779553,"0.1903086419753086,0.2600780141843972,0.32842424242424245,0.2,0.89,0.161560813739292","0,0,0"
26.833333333333332,299,AV,1,0,0,47,20239.22920549412,0.1,-13.714292517190882,"0.19959848484848483,0.28318932038834954,0.32312962962962954,0.1,0.47,1.0","0,0,0"
16.633333333333333,200,AV,1,0,0,9,3368.9508766880413,0.9,-12.735655208085854,"0.21064583333333334,0.2850982142857143,0.36522222222222217,0.9,0.09,0.16645648124650464","0,0,0"
40.61666666666667,77,AV,1,0,0,81,1282.6858023855964,0.3,-3.9468501267849723,"0.1924533333333333,0.24931899641577066,0.29659722222222223,0.3,0.81,0.06337621800524892","0,0,0"
27.433333333333334,144,AV,1,0,0,47,2255.9253983027734,0.1,-1.5628170057265847,"0.26337499999999997,0.2824605263157895,0.3386166666666666,0.1,0.47,0.11146300955425625","0,0,0"
44.516666666666666,245,AV,1,0,0,89,4925.450001742355,0.3,-16.610955750825543,"0.29417424242424245,0.3172897196261682,0.36921212121212116,0.3,0.89,0.24336154068581314","0,0,0"
22.2,58,AV,1,0,0,35,1074.3823512953045,0.7,-4.216136802810362,"0.25778666666666666,0.3098777777777778,0.3432166666666667,0.7,0.35,0.05308415357061393","0,0,0"
17.583333333333332,107,AV,1,0,0,18,1639.6236094811811,0.4,-2.9121261077485623,"0.2273456790123457,0.2836421568627451,0.306,0.4,0.18,0.08101215677897904","0,0,0"
20.783333333333335,244,AV,1,0,0,28,4889.272753955773,0.6,-15.396270515613255,"0.22293650793650793,0.3120833333333334,0.3231818181818182,0.6,0.28,0.24157405918544247","0,0,0"
22.433333333333334,194,AV,0,0,0,38,3132.463358685509,0.7,-12.421746534316021,"0.3298840579710145,0.3023333333333333,0.3713888888888889,0.7,0.38,0.15477187035537765","0,0,0"
16.716666666666665,139,AV,1,0,0,12,2139.4702648744856,0.1,-0.9031517995240357,"0.28423076923076923,0.3059439252336448,0.35434848484848486,0.1,0.12,0.10570907830292801","0,0,0"
8.733333333333333,267,AV,0,0,0,3,6918.069898529506,1.0,-15.257022840191333,"0.16917391304347829,0.2926165048543689,0.32916666666666666,1.0,0.03,0.34181488970200175","0,0,0"
12.433333333333334,230,AV,1,0,0,1,4549.070920567666,0.2,-2.856571470322794,"0.2336159420289855,0.27891582491582495,0.31698809523809524,0.2,0.01,0.22476502807393375","0,0,0"
15.566666666666666,117,AV,0,0,0,21,1794.439334206041,0.5,-3.526949364790493,"0.23432291666666663,0.28833333333333333,0.33208333333333334,0.5,0.21,0.08866144634198442","0,0,0"
30.666666666666668,148,AV,0,0,0,73,2294.767722006211,0.6,-10.66255709215007,"0.22474999999999998,0.3045797101449275,0.36953571428571425,0.6,0.73,0.11338216978061968","0,0,0"
38.71666666666667,277,AV,1,0,0,74,8028.27043643778,0.4,-31.39675458559758,"0.22042708333333338,0.2558738738738738,0.3228076923076923,0.4,0.74,0.39666878392080435","0,0,0"
13.15,272,AV,1,0,0,0,7336.658338656486,0.4,-9.745157288215436,"0.2563333333333333,0.30192307692307696,0.3154629629629629,0.4,0.0,0.3624969243722426","0,0,0"
23.366666666666667,112,AV,1,0,0,39,1691.6338586686718,0.1,-0.9981778913524738,"0.22296031746031744,0.2955585585585585,0.30795833333333333,0.1,0.39,0.08358193098625824","0,0,0"
33.81666666666667,213,AV,1,0,0,61,3729.3449139509553,0.3,-9.554091957583951,"0.24048148148148143,0.29831570512820516,0.38059090909090904,0.3,0.61,0.1842631888836256","0,0,0"
26.3,78,AV,1,0,0,43,1294.2551843223837,0.4,-3.4382738735028986,"0.19654,0.24895714285714285,0.3147,0.4,0.43,0.06394784955402583","0,0,0"
7.3,254,AV,0,0,0,1,5458.612723313221,0.2,-2.012518832332652,"0.23695833333333333,0.28044801223241594,0.3492272727272727,0.2,0.01,0.2697045755987304","0,0,0"
18.216666666666665,57,AV,1,0,0,21,1062.4074567339185,0.2,-0.9774506314900445,"0.25490909090909086,0.2890061728395061,0.3634666666666667,0.2,0.21,0.052492486050087245","0,0,0"
19.083333333333332,237,AV,0,0,0,27,4645.51881630073,0.1,-2.238686466609569,"0.2549652777777778,0.3022804487179487,0.34897222222222224,0.1,0.27,0.2295304217929239","0,0,0"
42.68333333333333,211,AV,1,0,0,86,3651.018124108644,0.1,-3.9352935251861267,"0.18841333333333335,0.26720486111111114,0.33014814814814814,0.1,0.86,0.18039314081771168","0,0,0"
25.683333333333334,116,AV,0,0,0,53,1783.933402668827,0.5,-5.7850197254054345,"0.26769230769230773,0.30546581196581196,0.34291666666666665,0.5,0.53,0.08814235881001646","0,0,0"
27.35,269,AV,2,0,0,12,7099.697064525982,0.1,-4.903452391787516,"0.31811538461538463,0.3157772435897436,0.41244444444444445,0.1,0.12,0.3507889056663633","0,0,0"
28.883333333333333,263,AV,0,0,0,68,5984.209260784091,0.7,-30.553216558321473,"0.2767105263157894,0.3549131944444445,0.3899999999999999,0.7,0.68,0.2956737729497932","0,0,0"
39.266666666666666,10,AV,1,0,0,75,567.9518330451218,0.5,-2.8158554685486257,"0.2714222222222222,0.2858427672955975,0.34096296296296297,0.5,0.75,0.028061929991431995","0,0,0"
29.366666666666667,129,AV,1,0,0,51,1922.439846447592,0.3,-4.276943193738203,"0.1891266666666667,0.27735763888888887,0.33192307692307693,0.3,0.51,0.09498582317184927","0,0,0"
40.983333333333334,235,AV,0,0,0,99,4617.1597275219765,0.1,-4.7784493981382745,"0.2917604166666667,0.2700714285714286,0.35897222222222225,0.1,0.99,0.22812922768168498","0,0,0"
29.366666666666667,52,AV,1,0,0,52,1014.5614647146556,0.3,-2.2571430566000292,"0.1857638888888889,0.2745033670033671,0.34464285714285725,0.3,0.52,0.05012846360963409","0,0,0"
21.733333333333334,126,AV,1,0,0,31,1862.7228332236152,0.3,-3.0669072910651445,"0.2867368421052631,0.27180581039755347,0.3055694444444444,0.3,0.31,0.09203526548916015","0,0,0"
42.65,18,AV,1,0,0,89,616.3739675020589,0.1,-0.663847214999061,"0.31011494252873567,0.2967518115942029,0.3893333333333333,0.1,0.89,0.030454419051430016","0,0,0"
24.633333333333333,179,AV,1,0,0,40,2872.269398564857,0.3,-5.360118902877346,"0.1925634920634921,0.2499791666666666,0.3436666666666667,0.3,0.4,0.1419159479544386","0,0,0"
27.616666666666667,192,AV,1,0,0,48,3064.640983136323,0.3,-6.4117551882031405,"0.22029687499999998,0.27936426116838486,0.33986363636363637,0.3,0.48,0.1514208348559242","0,0,0"
30.883333333333333,68,AV,1,0,0,53,1141.5133047894662,0.3,-2.6707375678975773,"0.17923717948717946,0.28966981132075476,0.35481250000000003,0.3,0.53,0.0564010266003407","0,0,0"
26.7,85,AV,1,0,0,45,1405.7852601227096,0.3,-2.8435201852482077,"0.32973717948717945,0.3059110032362459,0.33442424242424246,0.3,0.45,0.0694584386514629","0,0,0"
5.483333333333333,145,AV,0,0,0,0,2276.662146114732,0.1,-0.31524488471033124,"0.21721333333333334,0.2746356209150327,0.34226923076923077,0.1,0.0,0.1124875914492194","0,0,0"
20.533333333333335,120,AV,1,0,0,30,1823.811293294481,0.1,-0.9456799298563976,"0.1779888888888889,0.24972118380062303,0.30534848484848487,0.1,0.3,0.09011268535856054","0,0,0"
37.016666666666666,255,AV,0,0,0,94,5480.041794665195,0.5,-25.6127374283489,"0.2208141025641025,0.29888782051282053,0.3189833333333333,0.5,0.94,0.27076336450488875","0,0,0"
42.166666666666664,111,AV,1,0,0,82,1682.490559712908,0.1,-1.791540873768374,"0.27035353535353535,0.31509298245614037,0.3715,0.1,0.82,0.08313016976240285","0,0,0"
46.93333333333333,35,AV,1,0,0,99,857.6590975250949,0.7,-7.115393994282268,"0.2551754385964912,0.314591743119266,0.3785238095238095,0.7,0.99,0.04237607513690668","0,0,0"
35.666666666666664,265,AV,0,0,0,85,6248.181898567973,0.3,-16.8827137158276,"0.2720892857142857,0.3230374149659864,0.3715595238095238,0.3,0.85,0.3087163960212402","0,0,0"
34.233333333333334,186,AV,0,0,0,81,2969.8754393798326,0.1,-2.56739232006994,"0.24134375000000002,0.26707589285714284,0.3215,0.1,0.81,0.1467385644594426","0,0,0"
30.983333333333334,123,AV,1,0,0,53,1832.3133019091129,0.2,-2.8672310002096304,"0.26564444444444446,0.3265521739130435,0.3710333333333334,0.2,0.53,0.09053276107035316","0,0,0"
42.11666666666667,266,AV,2,0,0,84,6434.117121135291,0.1,-6.843019345584545,"0.28662698412698406,0.3192051282051282,0.34509375000000003,0.1,0.84,0.3179032687365728","0,0,0"
28.083333333333332,164,AV,1,0,0,49,2580.565825479665,0.3,-5.490218959511661,"0.23663333333333333,0.29774006116207946,0.3615606060606061,0.3,0.49,0.12750316720456661","0,0,0"
42.2,287,AV,1,0,0,86,9884.322174397852,0.1,-10.533292822211854,"0.27058333333333334,0.29394391025641026,0.3376309523809523,0.1,0.86,0.48837443728907737","0,0,0"
17.483333333333334,63,AV,1,0,0,18,1111.987968807459,0.1,-0.49094081619487573,"0.19972222222222222,0.285630303030303,0.33814444444444447,0.1,0.18,0.05494220938540485","0,0,0"
13.35,298,AV,1,0,0,2,17693.100214811147,0.3,-17.89415817179764,"0.24410416666666673,0.2854126984126985,0.36448484848484847,0.3,0.02,0.874198322236906","0,0,0"
31.45,97,AV,1,0,0,55,1538.317647081207,0.2,-2.4434388889244425,"0.25489814814814815,0.32803738317757014,0.3888111111111111,0.2,0.55,0.07600673086224138","0,0,0"
40.78333333333333,138,AV,2,0,0,64,2131.3254046090938,0.4,-8.780056001815575,"0.3116851851851851,0.3371084905660377,0.3686904761904761,0.4,0.64,0.10530664893258515","0,0,0"
44.05,11,AV,1,0,0,89,571.0932451196882,0.1,-0.6352691274626834,"0.2993589743589744,0.2996089108910891,0.372051282051282,0.1,0.89,0.028217144008856807","0,0,0"
20.55,84,AV,1,0,0,30,1386.7650627050614,0.1,-0.7196470211764903,"0.29546491228070176,0.32166171617161715,0.3882692307692308,0.1,0.3,0.0685186697885022","0,0,0"
25.033333333333335,241,AV,1,0,0,44,4689.4303597647895,0.3,-8.893338889351911,"0.2650416666666667,0.33721287128712873,0.4076538461538462,0.3,0.44,0.2317000470794511","0,0,0"
39.56666666666667,170,AV,1,0,0,80,2756.9260540590044,0.1,-2.7546054092323558,"0.2591590909090909,0.28901190476190475,0.31907407407407407,0.1,0.8,0.1362169490778143","0,0,0"
41.016666666666666,240,AV,1,0,0,80,4669.869929992837,0.1,-4.83693177513147,"0.24618840579710144,0.28854326923076923,0.3569871794871794,0.1,0.8,0.23073358587812023","0,0,0"
24.583333333333332,73,AV,1,0,0,41,1240.6560786390864,0.3,-2.3105652979705207,"0.2799583333333333,0.28975617283950617,0.3068888888888889,0.3,0.41,0.06129957154209703","0,0,0"
25.3,159,AV,2,0,0,6,2497.1975937909187,0.4,-6.381727184132348,"0.25566666666666665,0.3047142857142857,0.3403461538461538,0.4,0.06,0.12338402655734695","0,0,0"
46.85,56,AV,1,0,0,99,1059.8377785859489,0.2,-2.5077474710480656,"0.23925000000000002,0.2789200680272109,0.31813095238095235,0.2,0.99,0.052365520832099985","0,0,0"
44.68333333333333,293,AV,1,0,0,87,14297.77376075636,0.3,-48.39940839973207,"0.30517999999999995,0.31753960396039604,0.3879166666666667,0.3,0.87,0.7064386501870882","0,0,0"
43.81666666666667,104,AV,1,0,0,90,1614.9573615816892,0.4,-7.147681655889329,"0.18574074074074076,0.2526456310679611,0.3458070175438596,0.4,0.9,0.0797934222289105","0,0,0"
47.1,7,AV,2,0,0,91,539.5213747330826,0.3,-1.9251103598430443,"0.2052608695652174,0.27624766355140185,0.3589333333333333,0.3,0.91,0.026657209583190285","0,0,0"
33.0,50,AV,1,0,0,58,985.0802174553831,0.1,-0.8209001812128194,"0.159525,0.26939805825242724,0.31325,0.1,0.58,0.04867182477423469","0,0,0"
37.35,243,AV,0,0,0,94,4754.245589533712,0.7,-31.38882599453507,"0.2949057971014493,0.3282720125786163,0.36057575757575755,0.7,0.94,0.234902502524312","0,0,0"
15.95,288,AV,1,0,0,9,10450.70686878338,0.2,-8.418624977631056,"0.20463793103448277,0.24373692810457517,0.3347037037037037,0.2,0.09,0.5163589365323479","0,0,0"
26.85,48,AV,1,0,0,43,954.0002559944874,0.5,-3.234205413314645,"0.3256862745098039,0.3445504587155963,0.39649999999999996,0.5,0.43,0.04713619507483592","0,0,0"
36.9,9,AV,1,0,0,71,566.7055292848979,0.4,-2.112266063698256,"0.2484555555555556,0.29403333333333337,0.36984523809523817,0.4,0.71,0.02800035137361163","0,0,0"
14.633333333333333,81,AV,1,0,0,2,1342.087988935639,0.4,-1.9837596873493115,"0.21685555555555552,0.29675333333333337,0.33799999999999997,0.4,0.02,0.06631122041798494","0,0,0"
20.65,142,AV,0,0,0,36,2215.952556227922,0.2,-2.3110818326316456,"0.21916666666666665,0.3117692307692308,0.3476969696969697,0.2,0.36,0.10948799154991444","0,0,0"
27.1,197,AV,1,0,0,46,3257.969850357721,0.9,-20.066132487430508,"0.17719047619047618,0.22281501831501832,0.35419696969696973,0.9,0.46,0.1609730201322744","0,0,0"
14.05,257,AV,0,0,0,16,5578.433439706214,0.1,-1.9792169148452603,"0.22016666666666673,0.26020093457943927,0.32179487179487176,0.1,0.16,0.2756247969261546","0,0,0"
12.95,222,AV,1,0,0,2,3933.772930850901,0.1,-1.2864232185484639,"0.2772017543859649,0.3083643790849674,0.364425925925926,0.1,0.02,0.19436377200486682","0,0,0"
26.9,204,AV,1,0,0,46,3414.9419898187493,0.1,-2.319745947629403,"0.1773771929824561,0.2812718446601942,0.33955555555555555,0.1,0.46,0.16872885598290138","0,0,0"
28.35,25,AV,1,0,0,50,670.158540600369,1.0,-4.797725915661732,"0.18472463768115943,0.27880428134556573,0.33922916666666664,1.0,0.5,0.033111860822172434","0,0,0"
23.183333333333334,219,AV,1,0,0,35,3824.993837156676,0.5,-11.196478172316786,"0.26991176470588235,0.290037356321839,0.31566666666666665,0.5,0.35,0.18898910617200515","0,0,0"
23.283333333333335,30,AV,1,0,0,38,783.6834518391023,0.5,-2.3038842218418054,"0.2003560606060606,0.2672718446601941,0.3346333333333334,0.5,0.38,0.038721012736313315","0,0,0"
35.516666666666666,153,AV,1,0,0,64,2403.836358207942,0.1,-2.155966026658722,"0.19025999999999998,0.25068081761006294,0.3059074074074074,0.1,0.64,0.11877114161815011","0,0,0"
22.316666666666666,102,AV,1,0,0,36,1594.6992934726818,0.1,-0.8986962769191588,"0.29652976190476193,0.31756122448979596,0.3570595238095238,0.1,0.36,0.07879249141759738","0,0,0"
7.15,2,AV,0,0,0,0,437.5592869272848,0.3,-0.23701128041894595,"0.3434871794871795,0.3219598214285715,0.36585416666666665,0.3,0.0,0.021619365168734063","0,0,0"
17.583333333333332,185,AV,1,0,0,14,2966.188350320237,0.1,-1.317057537705324,"0.32415942028985506,0.31372330097087375,0.3841428571428572,0.1,0.14,0.14655638908990856","0,0,0"
42.95,150,AV,1,0,0,85,2344.9936519099742,0.2,-5.0867412802794645,"0.22234126984126984,0.2656560606060606,0.3324444444444445,0.2,0.85,0.1158637825630931","0,0,0"
34.5,223,AV,1,0,0,62,3942.222625638348,1.0,-34.345121359728026,"0.19991333333333336,0.246625786163522,0.29164814814814816,1.0,0.62,0.19478126294296802","0,0,0"
16.833333333333332,155,AV,1,0,0,13,2476.7926805910606,0.7,-7.369917614385016,"0.25450757575757577,0.3004939393939394,0.37300000000000005,0.7,0.13,0.12237584027749006","0,0,0"
46.0,178,AV,1,0,0,96,2857.712092786687,0.1,-3.3195645522269603,"0.2184206349206349,0.2717986798679867,0.3436574074074074,0.1,0.96,0.1411966860877753","0,0,0"
40.666666666666664,119,AV,1,0,0,76,1799.695682844959,0.1,-1.8481723342347225,"0.25325925925925924,0.3279235474006116,0.37652564102564107,0.1,0.76,0.08892115725219493","0,0,0"
32.083333333333336,14,AV,0,0,0,79,600.3305173079323,0.2,-0.9727577826748904,"0.35001754385964906,0.3607599388379205,0.39987500000000004,0.2,0.79,0.029661728280885674","0,0,0"
17.033333333333335,207,AV,1,0,0,10,3531.3895067900216,0.1,-1.5189730959340924,"0.23119607843137252,0.2675198019801981,0.33108333333333334,0.1,0.1,0.17448241091273348","0,0,0"
15.416666666666666,251,AV,1,0,0,8,5168.6614957092925,0.5,-10.061051943457691,"0.24033999999999994,0.2654915824915825,0.32038888888888883,0.5,0.08,0.255378376480178","0,0,0"
12.2,71,AV,0,0,0,10,1200.7903182940884,0.2,-0.739880903191307,"0.22002173913043474,0.28213186813186814,0.3805128205128206,0.2,0.1,0.05932984433854443","0,0,0"
12.133333333333333,75,AV,1,0,0,0,1275.9312017726234,0.1,-0.39094188337140984,"0.20871505376344085,0.276486531986532,0.3208333333333334,0.1,0.0,0.06304247996886464","0,0,0"
14.35,260,AV,1,0,0,4,5807.233742044462,0.1,-2.1043889949075263,"0.2636666666666667,0.28852083333333334,0.33171212121212124,0.1,0.04,0.28692959020732056","0,0,0"
42.483333333333334,115,AV,1,0,0,82,1723.69240549938,0.3,-5.547590835376161,"0.24420000000000003,0.30490034364261165,0.3606875000000001,0.3,0.82,0.08516591160652838","0,0,0"
31.266666666666666,294,AV,1,0,0,55,14505.369879802229,0.4,-45.81157221297808,"0.1902936507936508,0.2595681818181818,0.31468518518518523,0.4,0.55,0.7166957660553899","0,0,0"
31.283333333333335,167,AV,2,0,0,33,2744.255474143275,0.3,-6.503746874958241,"0.2542916666666667,0.28296333333333334,0.354875,0.3,0.33,0.13559090844222083","0,0,0"
39.86666666666667,187,AV,1,0,0,78,2971.291490045772,0.5,-14.956500934742188,"0.294536231884058,0.3371356209150327,0.37172222222222223,0.5,0.78,0.14680853010149164","0,0,0"
13.95,168,AV,0,0,0,16,2747.619709803412,0.1,-0.9679114886807475,"0.22621428571428573,0.3139106060606061,0.3463888888888889,0.1,0.16,0.13575713194935043","0,0,0"
20.45,29,AV,1,0,0,28,761.8437659652793,0.2,-0.7868537885853516,"0.2557202380952381,0.3207966666666666,0.35294444444444445,0.2,0.28,0.03764193577878302","0,0,0"
32.13333333333333,180,AV,0,0,0,81,2898.378436294527,0.3,-7.055648516636172,"0.2564351851851852,0.3107421383647799,0.3572121212121212,0.3,0.81,0.14320596930182183","0,0,0"
28.15,177,AV,1,0,0,49,2853.537244729806,0.1,-2.0284614504834355,"0.19998550724637681,0.26105940594059407,0.3097820512820513,0.1,0.49,0.14099041103577145","0,0,0"
46.96666666666667,282,AV,1,0,0,98,8493.635575370567,0.3,-30.2210417315584,"0.26324000000000003,0.30076051779935276,0.3247083333333334,0.3,0.98,0.41966200832712014","0,0,0"
17.316666666666666,103,AV,0,0,0,24,1614.9493849180149,0.3,-2.1186015289517894,"0.24015789473684213,0.28447301587301593,0.294875,0.3,0.24,0.0797930281099649","0,0,0"
41.71666666666667,0,AV,1,0,0,85,417.8295094645922,0.7,-3.081140923960067,"0.2654444444444445,0.29578787878787877,0.4013055555555555,0.7,0.85,0.020644536667985786","0,0,0"
34.0,32,AV,1,0,0,63,806.3598325453933,0.3,-2.076987447465407,"0.26293750000000005,0.30861057692307703,0.32315277777777773,0.3,0.63,0.039841429945686846","0,0,0"
34.06666666666667,122,AV,0,0,0,85,1830.3424648913517,0.3,-4.723762624037782,"0.1877777777777778,0.2363657407407408,0.30191666666666667,0.3,0.85,0.09043538399152518","0,0,0"
38.55,236,AV,1,0,0,72,4630.913868273173,0.1,-4.508124485402292,"0.2552121212121212,0.32163968253968256,0.3902564102564102,0.1,0.72,0.2288088059705391","0,0,0"
26.916666666666668,212,AV,1,0,0,47,3724.6301341612702,0.1,-2.5316825196424464,"0.2839425287356322,0.3281453900709219,0.37592222222222227,0.1,0.47,0.1840302363466582","0,0,0"
37.083333333333336,94,AV,1,0,0,70,1519.7273932229994,0.4,-5.692581565523861,"0.28018518518518515,0.3165070921985816,0.34790909090909095,0.4,0.7,0.07508820507899855","0,0,0"
44.96666666666667,72,AV,1,0,0,92,1205.4292211271013,0.2,-2.7375825240748486,"0.2587380952380952,0.3023513513513513,0.34145833333333336,0.2,0.92,0.059559047871243866","0,0,0"
39.06666666666667,141,AV,0,0,0,98,2187.907521251699,0.2,-4.3168815065774275,"0.2610289855072463,0.31346474358974363,0.3829242424242424,0.2,0.98,0.10810231452182832","0,0,0"
24.0,23,AV,0,0,0,50,639.9143284368583,0.4,-1.5513074628772328,"0.20086111111111113,0.248525,0.27346666666666664,0.4,0.5,0.03161752465667753","0,0,0"
45.233333333333334,64,AV,2,0,0,91,1122.7546975855585,0.2,-2.5649463377501736,"0.21858730158730158,0.2811907051282051,0.3250333333333333,0.2,0.91,0.0554741826472708","0,0,0"
25.0,188,AV,1,0,0,42,3031.4508351358254,0.2,-3.8275894383028097,"0.19877777777777778,0.26990865384615387,0.3406666666666667,0.2,0.42,0.14978094295769478","0,0,0"
24.966666666666665,173,AV,1,0,0,41,2797.307504072895,0.1,-1.7636223236957898,"0.3048188405797101,0.3309385113268608,0.40036904761904757,0.1,0.41,0.13821215599028547","0,0,0"
16.966666666666665,195,AV,1,0,0,18,3251.3322332141274,0.2,-2.7860742537137893,"0.19593181818181823,0.24565740740740744,0.2784333333333333,0.2,0.18,0.16064506213169047","0,0,0"
34.483333333333334,67,AV,1,0,0,67,1141.0395517097602,0.5,-4.9680362636521345,"0.2742847222222222,0.30945993589743587,0.3763809523809523,0.5,0.67,0.056377618936200136","0,0,0"
45.45,12,AV,1,0,0,97,595.9176043698985,0.3,-2.0518526605009004,"0.24983950617283948,0.29862211221122115,0.38572222222222224,0.3,0.97,0.029443690682060725","0,0,0"
27.583333333333332,44,AV,1,0,0,47,905.8209551718018,0.3,-1.8928455565774391,"0.23855,0.2996699346405229,0.33128571428571424,0.3,0.47,0.044755704180963","0,0,0"
30.716666666666665,65,AV,0,0,0,74,1129.1321270070612,0.8,-7.006702054121258,"0.2920763888888889,0.3307435897435898,0.38856666666666667,0.8,0.74,0.05578928503366858","0,0,0"
18.15,249,AV,1,0,0,16,5144.150368411208,0.2,-4.715471171043607,"0.284698717948718,0.28363201320132014,0.3490641025641026,0.2,0.16,0.25416730628332335","0,0,0"
22.016666666666666,252,AV,1,0,0,35,5386.149373461946,0.2,-5.989144210726625,"0.2286764705882353,0.3050083333333334,0.3306805555555556,0.2,0.35,0.2661242342173697","0,0,0"
36.666666666666664,70,AV,1,0,0,69,1167.011530479414,0.3,-3.241698695776149,"0.20958771929824557,0.27209345794392525,0.32862121212121215,0.3,0.69,0.05766086833794136","0,0,0"
21.716666666666665,3,AV,1,0,0,32,477.1303205766694,0.2,-0.5233171782082493,"0.20978888888888886,0.2677216312056737,0.33607291666666667,0.2,0.32,0.02357453022208712","0,0,0"
45.93333333333333,109,AV,1,0,0,95,1661.9571573900298,0.2,-3.855516772531079,"0.21021739130434786,0.2549606918238994,0.3300151515151515,0.2,0.95,0.08211563496394797","0,0,0"
41.11666666666667,154,AV,1,0,0,78,2436.431929205765,0.4,-10.11898580698758,"0.23696874999999998,0.34770982142857143,0.4098611111111111,0.4,0.78,0.12038165606348158","0,0,0"
44.083333333333336,5,AV,1,0,0,90,508.6019702527906,0.9,-5.0956523156008755,"0.22951960784313727,0.26276923076923075,0.3275138888888889,0.9,0.9,0.025129512843044734","0,0,0"
38.85,210,AV,1,0,0,78,3630.005597296026,0.2,-7.122510982573263,"0.2600069444444445,0.2895238095238095,0.3676515151515152,0.2,0.78,0.17935493295913799","0,0,0"
14.75,17,AV,1,0,0,8,615.3970356119416,0.4,-0.9168794217450646,"0.21465,0.2953395061728395,0.34322222222222215,0.4,0.08,0.030406149827330708","0,0,0"
17.3,90,AV,0,0,0,23,1474.5167950508735,0.3,-1.9325106480590994,"0.3141933333333332,0.31224666666666673,0.37323333333333336,0.3,0.23,0.07285439480326665","0,0,0"
46.0,217,AV,1,0,0,98,3783.636689084741,0.2,-8.7902670554494,"0.23123148148148145,0.3126436170212766,0.3355,0.2,0.98,0.18694569099783895","0,0,0"
23.833333333333332,34,AV,0,0,0,50,850.3216016091212,0.1,-0.5117676305980823,"0.263,0.32057389937106917,0.39113888888888887,0.1,0.5,0.04201353682867991","0,0,0"
18.316666666666666,238,AV,1,0,0,13,4660.29795945294,0.1,-2.1555839467334934,"0.21305555555555553,0.2804027777777778,0.3069880952380953,0.1,0.13,0.23026064442157015","0,0,0"
36.25,225,AV,1,0,0,67,4104.202624979457,0.2,-7.514007331086128,"0.2716349206349206,0.35508181818181817,0.3690370370370371,0.2,0.67,0.20278453212365097","0,0,0"
36.56666666666667,22,AV,1,0,0,68,632.5893922142865,0.6,-3.5048008245407694,"0.2259824561403509,0.2854737654320988,0.32965384615384624,0.6,0.68,0.031255606910295004","0,0,0"
27.35,82,AV,0,0,0,57,1348.5865378412918,0.1,-0.9314101467161449,"0.2869166666666667,0.3239327217125383,0.3999696969696969,0.1,0.57,0.0666323071965214","0,0,0"
28.866666666666667,285,AV,1,0,0,50,9095.945853089892,0.4,-26.52218555143383,"0.19095238095238096,0.2677421383647799,0.35074358974358966,0.4,0.5,0.44942155458275634","0,0,0"
35.61666666666667,248,AV,1,0,0,69,4967.653125719208,1.0,-44.679607448072176,"0.34103205128205133,0.3275360824742268,0.36211111111111116,1.0,0.69,0.24544675468029653","0,0,0"
19.333333333333332,134,AV,1,0,0,25,2022.4315636845977,0.6,-5.924294479480134,"0.23940277777777777,0.28067575757575763,0.35636111111111113,0.6,0.25,0.09992631355425287","0,0,0"
43.21666666666667,80,AV,1,0,0,88,1323.5149786113286,0.4,-5.777566228180429,"0.3047833333333333,0.3143318181818182,0.33964999999999995,0.4,0.88,0.06539354662044386","0,0,0"
19.05,258,AV,1,0,0,20,5611.673516276995,0.7,-18.89688543928124,"0.2151764705882353,0.2863018018018018,0.3293611111111111,0.7,0.2,0.27726715574492605","0,0,0"
14.933333333333334,133,AV,1,0,0,9,2011.9739719035176,0.5,-3.7936209571244777,"0.30215,0.3012752293577982,0.3895757575757575,0.5,0.09,0.09940961444111464","0,0,0"
37.9,42,AV,1,0,0,70,902.2448599555772,0.6,-5.181072756411572,"0.212375,0.30387368421052635,0.34493939393939393,0.6,0.7,0.04457901290582028","0,0,0"
24.05,74,AV,1,0,0,37,1269.7848662283686,1.0,-7.711698493129359,"0.2829375,0.3294132653061224,0.3340625,1.0,0.37,0.06273879569898216","0,0,0"
27.05,128,AV,1,0,0,49,1921.5023446668008,0.2,-2.6250827486483317,"0.1660614035087719,0.24891123188405795,0.3380740740740741,0.2,0.49,0.09493950214987396","0,0,0"
10.533333333333333,233,AV,0,0,0,7,4569.840806868062,0.2,-2.4310937625762756,"0.24350666666666665,0.3066199376947041,0.3481458333333333,0.2,0.07,0.22579124730834796","0,0,0"
29.033333333333335,33,AV,2,0,0,40,827.3783452591958,0.4,-2.42641932229212,"0.2683421052631579,0.316081081081081,0.33075000000000004,0.4,0.4,0.040879933561629736","0,0,0"
34.55,93,AV,1,0,0,65,1517.942512651984,0.3,-3.9730995312216697,"0.28380952380952384,0.31099853801169597,0.3424305555555555,0.3,0.65,0.07500001592155126","0,0,0"
21.75,151,AV,1,0,0,32,2382.718205806423,0.2,-2.6173798472873586,"0.27842857142857147,0.34037837837837837,0.3388333333333333,0.2,0.32,0.1177277149052501","0,0,0"
46.28333333333333,1,AV,1,0,0,99,424.9057127261393,0.8,-3.9729399469376734,"0.1821533333333333,0.2773827160493827,0.31604761904761897,0.8,0.99,0.02099416476842877","0,0,0"
18.216666666666665,55,AV,1,0,0,18,1038.299283744561,0.1,-0.47763515030841963,"0.16815873015873017,0.24991666666666668,0.3227444444444445,0.1,0.18,0.051301325421163044","0,0,0"
29.7,247,AV,1,0,0,53,4950.268578812107,0.4,-14.850805736436323,"0.3336369047619048,0.340457928802589,0.39112962962962966,0.4,0.53,0.24458780166728444","0,0,0"
31.466666666666665,87,AV,2,0,0,35,1444.5182772575097,0.1,-1.1478327051608495,"0.2718066666666667,0.29108070175438594,0.3468333333333333,0.1,0.35,0.07137219814998598","0,0,0"
16.566666666666666,99,AV,1,0,0,10,1581.438059619256,0.3,-1.984784635431238,"0.2669761904761905,0.28472685185185176,0.35727272727272735,0.3,0.1,0.07813726716380881","0,0,0"
20.35,114,AV,1,0,0,25,1716.9764066453156,0.9,-7.941015880734586,"0.22522435897435894,0.25858781362007177,0.3608484848484849,0.9,0.25,0.08483408084430542","0,0,0"
15.383333333333333,182,AV,1,0,0,7,2942.323800284961,0.8,-9.143989453410839,"0.22689393939393943,0.2603632075471698,0.3212777777777778,0.8,0.07,0.14537726562660996","0,0,0"
44.46666666666667,47,AV,1,0,0,90,943.1907669438916,0.4,-4.236419135027446,"0.2949916666666666,0.3181339869281046,0.4088666666666667,0.4,0.9,0.046602109070826375","0,0,0"
22.883333333333333,246,AV,1,0,0,37,4934.883137056144,0.3,-8.555043620174349,"0.2166296296296296,0.2741415770609319,0.3425714285714285,0.3,0.37,0.2438276224331965","0,0,0"
46.06666666666667,131,AV,1,0,0,97,1929.5758599688188,0.9,-20.20207453391597,"0.2013111111111111,0.3328129251700681,0.3526888888888889,0.9,0.97,0.09533840643718873","0,0,0"
48.983333333333334,137,AV,2,0,0,96,2123.4400354784907,0.2,-5.253190458140812,"0.29025694444444444,0.28115384615384614,0.3292777777777778,0.2,0.96,0.10491704075874904","0,0,0"
