travel_time,id,kind,action,origin,destination,start_time,income,urgency,reward,observation,cost_table
23.666666666666668,242,AV,2,0,0,12,5144.150368411208,0.1,-3.0743659609191565,"0.5752962962962962,0.23943452380952382,0.3483649425287356,0.1,0.12,0.2473945197189757","0,0,0"
42.333333333333336,205,AV,2,0,0,88,3487.44186130441,1.0,-37.28157545333839,"0.5900787037037037,0.26199722222222216,0.348125,1.0,0.88,0.16771943713451876","0,0,0"
85.31666666666666,137,AV,0,0,0,78,2108.868816674547,0.7,-31.804333462920468,"0.579102564102564,0.25457407407407406,0.35186594202898547,0.7,0.78,0.10142055552171977","0,0,0"
69.58333333333333,43,AV,0,0,0,63,946.2003450753726,0.1,-1.6626205558458251,"0.5462075471698113,0.2503560606060606,0.33659689922480623,0.1,0.63,0.04550504226418034","0,0,0"
37.0,244,AV,2,0,0,60,5307.329693361759,0.1,-4.958868652888513,"0.5580925925925926,0.25632905982905985,0.35102631578947374,0.1,0.6,0.25524220453241103","0,0,0"
28.316666666666666,102,AV,1,0,0,59,1628.9397076974285,0.1,-2.164801583913271,"0.5507212121212122,0.24671568627450977,0.3548627450980393,0.1,0.59,0.07833961446998668","0,0,0"
71.56666666666666,123,AV,0,0,0,65,1927.298426803608,0.1,-3.483088991874871,"0.529304347826087,0.25949099099099104,0.33303216374269007,0.1,0.65,0.0926884003201249","0,0,0"
19.75,157,AV,1,0,0,30,2398.572127464108,0.1,-2.1962575635711143,"0.5080672514619883,0.2437314814814815,0.3308936170212766,0.1,0.3,0.11535308204230756","0,0,0"
83.61666666666666,171,AV,0,0,0,77,2750.2432356670683,0.2,-11.614453125708486,"0.6212121212121212,0.2550854700854701,0.3614094202898551,0.2,0.77,0.13226578845290615","0,0,0"
57.43333333333333,289,AV,0,0,0,54,10426.353459350525,0.4,-60.48689229111432,"0.38367251461988305,0.19170098039215686,0.3300040650406504,0.4,0.54,0.5014283257223231","0,0,0"
36.38333333333333,131,AV,2,0,0,65,2022.4315636845977,0.4,-7.432606234888008,"0.522135593220339,0.25495098039215686,0.35869503546099296,0.4,0.65,0.09726358086938654","0,0,0"
31.866666666666667,295,AV,1,0,0,66,14312.770160915026,1.0,-116.17683732184145,"0.4561923076923077,0.24872072072072077,0.32645424836601306,1.0,0.66,0.6883354191104801","0,0,0"
37.88333333333333,49,AV,1,0,0,99,975.0940381265832,0.3,-3.798470642249651,"0.5801775362318843,0.2534021739130435,0.351625,0.3,0.99,0.04689460920981367","0,0,0"
37.516666666666666,231,AV,2,0,0,48,4577.590037133467,0.1,-4.3367656454492565,"0.5139166666666667,0.24369512195121953,0.33246341463414636,0.1,0.48,0.22014727556589106","0,0,0"
66.18333333333334,101,AV,0,0,0,61,1597.8734280578535,0.1,-2.670519942263357,"0.6845947712418301,0.27447967479674795,0.36748958333333337,0.1,0.61,0.07684556262848466","0,0,0"
47.233333333333334,193,AV,0,0,0,44,3236.647802754315,0.1,-3.8605470845983705,"0.5737743055555555,0.2545530303030303,0.3694444444444444,0.1,0.44,0.1556581498042776","0,0,0"
99.13333333333334,215,AV,0,0,0,95,3882.59008652233,0.1,-9.71954791019984,"0.5810624999999999,0.25182916666666666,0.37839772727272725,0.1,0.95,0.18672306229989","0,0,0"
28.383333333333333,66,AV,1,0,0,64,1150.2916000513435,0.2,-2.648944945191446,"0.5038690476190477,0.2486560283687943,0.35235135135135137,0.2,0.64,0.05532027984231857","0,0,0"
37.86666666666667,48,AV,1,0,0,97,969.457736312404,0.7,-7.489164915114677,"0.6580660919540232,0.3057136752136752,0.39497674418604656,0.7,0.97,0.04662354594757456","0,0,0"
14.616666666666667,59,AV,1,0,0,9,1104.4445206976068,0.6,-3.445954153161114,"0.5862733333333332,0.25825,0.3606388888888889,0.6,0.09,0.05311538391880796","0,0,0"
13.8,127,AV,0,0,0,11,1986.5043233563797,0.1,-0.6922666581393445,"0.5351153846153847,0.2632882882882883,0.35114473684210523,0.1,0.11,0.0955357537785597","0,0,0"
17.75,67,AV,1,0,0,21,1167.011530479414,0.1,-1.5230922895456969,"0.5949473684210527,0.27697666666666665,0.37075531914893617,0.1,0.21,0.0561243813676915","0,0,0"
27.516666666666666,217,AV,2,0,0,25,3919.41152379869,1.0,-27.23463142168197,"0.5220035460992907,0.23514236111111106,0.3332592592592592,1.0,0.25,0.18849389346499082","0,0,0"
35.416666666666664,146,AV,2,0,0,51,2218.7455195521825,0.2,-3.9687156810171613,"0.4595646258503402,0.23493253968253971,0.31892635658914725,0.2,0.51,0.1067047894942801","0,0,0"
25.416666666666668,128,AV,2,0,0,26,1993.780724220221,0.6,-7.6780697081713045,"0.652593220338983,0.2780540540540541,0.36362500000000003,0.6,0.26,0.09588569333476842","0,0,0"
15.033333333333333,134,AV,1,0,0,15,2043.1688306873104,0.3,-3.326942279393881,"0.6908771929824562,0.2866590909090909,0.3708793103448276,0.3,0.15,0.09826088573860729","0,0,0"
36.516666666666666,82,AV,2,0,0,64,1342.087988935639,0.3,-3.7127711916136175,"0.45293464052287574,0.2398222222222222,0.3525394736842105,0.3,0.64,0.06454422784415724","0,0,0"
92.2,1,AV,0,0,0,89,449.0833195935783,0.1,-1.0455929814779779,"0.4898581560283688,0.24398263888888888,0.34102592592592595,0.1,0.89,0.021597493115072083","0,0,0"
28.4,125,AV,2,0,0,6,1942.5668635563816,0.2,-2.786308026515214,"0.5316388888888889,0.24356028368794327,0.33547863247863247,0.2,0.06,0.09342269603599423","0,0,0"
92.11666666666666,153,AV,0,0,0,87,2318.2944376966047,0.2,-10.785533128913412,"0.4511477987421383,0.23981845238095242,0.33438709677419354,0.2,0.87,0.11149233554738845","0,0,0"
20.683333333333334,94,AV,1,0,0,38,1527.6889462703334,0.1,-1.797921709731264,"0.4612058823529413,0.25310000000000005,0.35075203252032516,0.1,0.38,0.07347022269476662","0,0,0"
35.03333333333333,6,AV,0,0,0,33,508.6019702527906,0.1,-0.44995005954182055,"0.5824196428571429,0.26265873015873015,0.3635555555555555,0.1,0.33,0.024459887668034006","0,0,0"
37.483333333333334,72,AV,2,0,0,53,1261.43865123121,0.3,-3.582039806337111,"0.531497175141243,0.24060227272727275,0.3449234234234234,0.3,0.53,0.060665607909257666","0,0,0"
23.416666666666668,232,AV,2,0,0,11,4645.51881630073,0.5,-13.735172426141679,"0.4902091503267974,0.2514875,0.338765306122449,0.5,0.11,0.22341413335457028","0,0,0"
34.75,245,AV,0,0,0,34,5354.15698790508,0.1,-4.698407962871251,"0.4329573643410853,0.2301099290780142,0.32356,0.1,0.34,0.2574942413535784","0,0,0"
32.31666666666667,203,AV,1,0,0,81,3456.1529418207683,0.4,-12.281953794933454,"0.4116992753623189,0.22554924242424246,0.3225460992907801,0.4,0.81,0.1662146780093356","0,0,0"
28.316666666666666,252,AV,1,0,0,60,5825.994272151124,0.4,-17.663912909738656,"0.6292708333333333,0.267837037037037,0.3641489361702127,0.4,0.6,0.28018602716107777","0,0,0"
22.283333333333335,70,AV,1,0,0,42,1249.5878531833848,0.1,-1.7031561278224687,"0.5804259259259261,0.27023076923076916,0.3808953488372093,0.1,0.42,0.06009567462944302","0,0,0"
10.5,188,AV,0,0,0,6,3101.095365071405,1.0,-8.222601346780241,"0.6367936507936508,0.259405303030303,0.343854609929078,1.0,0.06,0.14913910821030935","0,0,0"
30.633333333333333,267,AV,1,0,0,82,6995.337061486569,0.1,-6.411376060190368,"0.4247358490566037,0.2366736111111111,0.33610683760683757,0.1,0.82,0.3364225243542649","0,0,0"
38.4,266,AV,0,0,0,34,6947.27484286379,0.3,-20.210254088331023,"0.5887249999999999,0.26270085470085464,0.35152032520325205,0.3,0.34,0.3341110970744898","0,0,0"
34.96666666666667,163,AV,2,0,0,44,2538.843693606908,0.3,-6.725371299478904,"0.5310314465408806,0.26854054054054055,0.34444444444444444,0.3,0.44,0.12209907783380393","0,0,0"
100.86666666666666,42,AV,0,0,0,96,932.1411738504048,0.2,-4.748584498436574,"0.6301415094339624,0.2806746031746032,0.37806666666666655,0.2,0.96,0.04482890302567631","0,0,0"
18.85,186,AV,1,0,0,16,3048.604611013583,0.4,-6.804666355313743,"0.44005769230769226,0.2479183673469388,0.32426495726495724,0.4,0.16,0.14661470204800806","0,0,0"
23.283333333333335,34,AV,1,0,0,47,832.3173438658397,0.3,-2.468115314874467,"0.4748333333333333,0.2337063492063492,0.33117083333333336,0.3,0.47,0.0400281358033201","0,0,0"
45.18333333333333,265,AV,0,0,0,43,6918.069898529506,0.1,-7.893471167892883,"0.5016265432098765,0.23370833333333338,0.3317708333333333,0.1,0.43,0.33270656130870674","0,0,0"
48.733333333333334,281,AV,0,0,0,46,8139.327108000771,0.2,-20.033158639557456,"0.4595157232704403,0.24711111111111111,0.32496428571428576,0.2,0.46,0.39143974738464077","0,0,0"
19.266666666666666,151,AV,1,0,0,31,2294.767722006211,0.6,-7.698867390502979,"0.5012797619047619,0.2243148148148148,0.34471794871794875,0.6,0.31,0.11036087940556741","0,0,0"
36.416666666666664,209,AV,2,0,0,62,3630.005597296026,0.2,-6.676399183578969,"0.5547121212121212,0.2553796296296296,0.34838333333333343,0.2,0.62,0.17457566886747292","0,0,0"
15.783333333333333,30,AV,0,0,0,11,814.1496548969513,1.0,-3.244948329913354,"0.5600505952380952,0.22297674418604652,0.32180894308943087,1.0,0.11,0.039154408100012306","0,0,0"
26.266666666666666,81,AV,2,0,0,28,1338.7213376931895,0.2,-1.7759468250879353,"0.48136858974358965,0.23166319444444444,0.33771666666666667,0.2,0.28,0.06438231751737097","0,0,0"
64.33333333333333,65,AV,0,0,0,60,1148.9174546898266,0.1,-1.8665073127536747,"0.4429891304347825,0.23790476190476192,0.3428962264150943,0.1,0.6,0.05525419389859809","0,0,0"
22.95,90,AV,1,0,0,43,1467.6871321740252,0.2,-2.70118281229262,"0.6030384615384615,0.27386111111111117,0.3712074829931972,0.2,0.43,0.07058459165416232","0,0,0"
24.45,277,AV,0,0,0,23,7912.643587116454,0.1,-4.885457972348416,"0.5039119496855347,0.2421744186046512,0.34103508771929825,0.1,0.23,0.38053799359420826","0,0,0"
20.85,118,AV,0,0,0,17,1830.3424648913517,0.4,-3.854812160907544,"0.5707314814814817,0.2774868421052632,0.3682208333333334,0.4,0.17,0.08802555574651609","0,0,0"
40.06666666666667,201,AV,0,0,0,36,3393.6426315430986,0.4,-13.73454021250776,"0.7270714285714287,0.31667567567567567,0.4069397163120567,0.4,0.36,0.1632084073754924","0,0,0"
28.0,89,AV,0,0,0,26,1457.5875839824732,0.4,-4.122469934495884,"0.46258823529411763,0.24559302325581395,0.3153125,0.4,0.26,0.07009888017699192","0,0,0"
5.25,162,AV,0,0,0,1,2530.9644311939346,0.1,-0.33554452686283226,"0.5884702380952382,0.24790942028985505,0.3446447368421052,0.1,0.01,0.12172014522087579","0,0,0"
22.333333333333332,185,AV,1,0,0,43,3046.5766145774583,0.1,-2.7181871479519337,"0.4761234567901234,0.2348686868686869,0.3397596899224806,0.1,0.43,0.14651717083908622","0,0,0"
30.45,228,AV,1,0,0,75,4559.760277629775,0.3,-11.518537913168684,"0.4360612244897958,0.2420625,0.3228333333333333,0.3,0.75,0.21928979970044837","0,0,0"
88.95,275,AV,0,0,0,81,7658.5640246764915,0.2,-34.40551868661484,"0.49981446540880503,0.25037179487179484,0.3563368055555556,0.2,0.81,0.3683186985078447","0,0,0"
62.63333333333333,256,AV,0,0,0,59,6007.794801579103,0.2,-19.00445527300864,"0.43756382978723407,0.23804964539007095,0.322984496124031,0.2,0.59,0.2889292503255245","0,0,0"
15.083333333333334,111,AV,1,0,0,19,1783.933402668827,0.2,-2.3589728362081557,"0.4884266666666667,0.24539795918367346,0.3482456140350877,0.2,0.19,0.0857936327199939","0,0,0"
19.266666666666666,95,AV,1,0,0,22,1530.6528609905624,0.3,-3.234134731445821,"0.5916092896174863,0.25346874999999996,0.3436595744680851,0.3,0.22,0.07361276445699849","0,0,0"
15.416666666666666,258,AV,1,0,0,3,6081.635477498837,0.7,-17.57348052054081,"0.4111472222222223,0.22746929824561404,0.32037606837606836,0.7,0.03,0.29248042539751784","0,0,0"
46.733333333333334,191,AV,2,0,0,99,3159.4556453821087,0.2,-7.457166354925448,"0.5782777777777777,0.24861428571428573,0.3464413580246914,0.2,0.99,0.15194579395705407","0,0,0"
90.73333333333333,16,AV,0,0,0,83,626.2908344343901,0.1,-1.4349862384936112,"0.6629598765432099,0.2679809523809523,0.3768992248062015,0.1,0.83,0.03011982720037529","0,0,0"
33.333333333333336,97,AV,1,0,0,84,1541.4014724042315,0.5,-7.487379934361244,"0.4779455128205128,0.23642222222222223,0.33130208333333333,0.5,0.84,0.07412969094006937","0,0,0"
18.9,161,AV,1,0,0,19,2472.005569054355,0.1,-2.179820839775942,"0.4041577380952381,0.21989583333333335,0.33881205673758863,0.1,0.19,0.11888467223941558","0,0,0"
32.7,279,AV,2,0,0,42,8011.326014866212,0.2,-13.230826297279048,"0.6374598765432098,0.288177304964539,0.39802991452991454,0.2,0.42,0.385283868047601","0,0,0"
69.6,5,AV,0,0,0,65,497.26542980048754,0.8,-6.991853315982612,"0.6123020833333334,0.2668888888888889,0.3625780141843971,0.8,0.65,0.023914686268460907","0,0,0"
43.65,38,AV,2,0,0,95,863.3540159882258,0.5,-4.758257929026017,"0.46076333333333336,0.23584782608695654,0.32920833333333344,0.5,0.95,0.04152076374836295","0,0,0"
42.85,87,AV,2,0,0,67,1447.5744631551047,0.4,-6.265511691534974,"0.5626185897435898,0.22692307692307698,0.34734042553191485,0.4,0.67,0.06961732519889745","0,0,0"
19.933333333333334,46,AV,1,0,0,35,961.7772661313056,0.3,-2.452380821077073,"0.4767421383647799,0.23579166666666665,0.3495325203252033,0.3,0.35,0.04625417372950396","0,0,0"
36.31666666666667,147,AV,0,0,0,35,2241.037238818388,0.1,-2.0552273330746074,"0.6003687943262412,0.2505581395348837,0.3322866666666666,0.1,0.35,0.10777685169826198","0,0,0"
78.21666666666667,216,AV,0,0,0,72,3898.759045987068,0.1,-7.7007054725662085,"0.6402256944444444,0.2685106382978724,0.35293693693693695,0.1,0.72,0.18750066631117593","0,0,0"
102.7,13,AV,0,0,0,100,591.6693204447811,0.4,-6.137822142391822,"0.591421568627451,0.24584666666666663,0.3557905982905983,0.4,1.0,0.028454795618483852","0,0,0"
8.783333333333333,17,AV,0,0,0,3,627.4062491148882,0.1,-0.1391595510452635,"0.44118027210884364,0.23187837837837835,0.33798484848484844,0.1,0.03,0.03017347016557005","0,0,0"
22.366666666666667,229,AV,1,0,0,40,4569.840806868062,0.1,-3.5811137890643683,"0.72590522875817,0.28777083333333336,0.3824634146341463,0.1,0.4,0.21977459651057532","0,0,0"
14.366666666666667,292,AV,1,0,0,11,11515.391842589095,0.4,-17.710888498841417,"0.5479476190476191,0.27338095238095234,0.34868253968253965,0.4,0.11,0.5538027915682833","0,0,0"
7.266666666666667,62,AV,0,0,0,3,1122.7546975855585,0.1,-0.20602737716637354,"0.4910747126436781,0.2418803418803419,0.3161472868217054,0.1,0.03,0.05399596420763093","0,0,0"
18.25,106,AV,1,0,0,19,1691.6338586686718,0.7,-6.457227915275829,"0.481730303030303,0.2569786324786325,0.33715530303030306,0.7,0.19,0.08135472644337755","0,0,0"
33.38333333333333,159,AV,2,0,0,44,2411.397471856681,1.0,-20.328405455088095,"0.3969539007092199,0.22581007751937981,0.33668650793650784,1.0,0.44,0.11596988359144483","0,0,0"
33.8,50,AV,1,0,0,86,1011.0784796502788,0.4,-4.451964910321154,"0.5076156462585034,0.22913095238095238,0.3414651162790697,0.4,0.86,0.04862518724321976","0,0,0"
29.483333333333334,51,AV,2,0,0,36,1014.5614647146556,0.3,-2.26611014025281,"0.5193235294117646,0.2548652482269504,0.36408730158730157,0.3,0.36,0.04879269234230884","0,0,0"
17.35,276,AV,0,0,0,14,7864.29237148983,0.1,-3.445592743569408,"0.5475131578947369,0.26750333333333337,0.3394423076923077,0.1,0.14,0.37821266775590623","0,0,0"
27.116666666666667,144,AV,2,0,0,21,2212.8825544422834,0.4,-6.061211979928612,"0.5818593749999998,0.272952380952381,0.3450162601626016,0.4,0.21,0.1064228254509272","0,0,0"
32.916666666666664,213,AV,2,0,0,52,3822.7735841463273,0.1,-3.1776000962495776,"0.5781707317073169,0.27450340136054424,0.3500566666666666,0.1,0.52,0.18384634334403438","0,0,0"
43.36666666666667,10,AV,0,0,0,41,541.9839687696077,0.3,-1.780608947902171,"0.5280448717948718,0.24092105263157898,0.3663766666666667,0.3,0.41,0.026065307980208553","0,0,0"
13.9,19,AV,1,0,0,10,658.4091024775607,0.5,-2.1555412278330928,"0.45416666666666666,0.2563333333333334,0.32289007092198574,0.5,0.1,0.03166447168540803","0,0,0"
21.733333333333334,167,AV,1,0,0,42,2629.980017260476,0.3,-5.330169119327854,"0.47252721088435373,0.2270208333333333,0.3325271317829457,0.3,0.42,0.12648204205617194","0,0,0"
28.533333333333335,183,AV,2,0,0,25,3017.17067826153,0.8,-17.391906401292054,"0.49578362573099405,0.226062015503876,0.33434583333333334,0.8,0.25,0.14510296888720728","0,0,0"
36.05,224,AV,2,0,0,57,4135.471393234625,0.1,-3.764741003184551,"0.5960294117647059,0.25610185185185186,0.3618144654088049,0.1,0.57,0.198884730396563","0,0,0"
27.75,233,AV,2,0,0,14,4687.914961676448,0.4,-13.140367695608228,"0.5674767441860465,0.26077272727272727,0.3422948717948718,0.4,0.14,0.22545306559254863","0,0,0"
22.45,274,AV,2,0,0,14,7572.106998522375,0.1,-4.292772780727963,"0.6190158730158729,0.2702763157894736,0.36496296296296293,0.1,0.14,0.3641607729166582","0,0,0"
100.85,290,AV,0,0,0,96,10783.100237376317,0.3,-82.3845196166213,"0.623545138888889,0.2538958333333333,0.34624603174603175,0.3,0.96,0.518585133259083","0,0,0"
22.583333333333332,296,AV,0,0,0,21,14505.369879802229,0.5,-41.36106099985694,"0.5767569444444444,0.2703100775193798,0.37199572649572654,0.5,0.21,0.6975980011774241","0,0,0"
90.63333333333334,236,AV,0,0,0,85,4843.3187157075145,0.4,-44.34001208083749,"0.6366282051282051,0.27862162162162163,0.35748809523809527,0.4,0.85,0.2329268045654853","0,0,0"
15.633333333333333,178,AV,1,0,0,14,2927.9701715656583,0.5,-6.7795370810786775,"0.47064965986394547,0.23642028985507246,0.33310740740740735,0.5,0.14,0.14081310274172557","0,0,0"
11.3,117,AV,1,0,0,4,1824.367004680513,0.1,-1.520589574567924,"0.4348187134502925,0.22647916666666668,0.3169186046511627,0.1,0.04,0.08773818154415255","0,0,0"
26.216666666666665,53,AV,1,0,0,57,1020.5842314575186,0.4,-3.7026582425634285,"0.5671428571428572,0.26266666666666666,0.37342276422764237,0.4,0.57,0.04908234162917255","0,0,0"
7.416666666666667,31,AV,0,0,0,2,818.0604611907775,0.1,-0.1532141857028182,"0.6098362573099414,0.2744340277777778,0.37714761904761906,0.1,0.02,0.03934248814734457","0,0,0"
25.983333333333334,170,AV,1,0,0,58,2744.255474143275,0.9,-17.20566016738396,"0.5522755102040816,0.2389863945578231,0.3272812500000001,0.9,0.58,0.13197782265092123","0,0,0"
29.6,20,AV,2,0,0,46,670.158540600369,0.1,-0.5009265859033061,"0.4826666666666666,0.23486190476190477,0.3343750000000001,0.1,0.46,0.032229530323508795","0,0,0"
30.166666666666668,44,AV,2,0,0,35,950.4213588862824,0.2,-1.448032541737518,"0.6039213836477988,0.2613023255813954,0.3673787878787879,0.2,0.35,0.04570804093445438","0,0,0"
43.93333333333333,142,AV,2,0,0,87,2187.718469250836,0.1,-2.4271152714415836,"0.5905238095238095,0.2603630952380952,0.347447619047619,0.1,0.87,0.10521262428567076","0,0,0"
37.38333333333333,165,AV,2,0,0,62,2574.4307659940623,0.1,-2.430323319917795,"0.5003108974358974,0.24647000000000002,0.3205219298245614,0.1,0.62,0.12381054543309646","0,0,0"
28.35,155,AV,1,0,0,64,2344.9936519099742,1.0,-17.78802273526459,"0.5489489795918367,0.24964957264957266,0.3369375000000001,1.0,0.64,0.11277636474640867","0,0,0"
19.866666666666667,158,AV,2,0,0,4,2401.1770329784995,0.1,-1.2046309020666546,"0.4379151515151516,0.21962790697674422,0.3114920634920635,0.1,0.04,0.11547835819142706","0,0,0"
43.5,63,AV,2,0,0,83,1141.0395517097602,0.2,-2.506829318150231,"0.6057033333333334,0.27226923076923076,0.3381633986928104,0.2,0.83,0.054875326664056465","0,0,0"
88.78333333333333,206,AV,0,0,0,82,3583.4963710051925,0.1,-8.034210929437988,"0.3781206896551724,0.21364141414141413,0.3078863636363636,0.1,0.82,0.17233892871085194","0,0,0"
62.6,202,AV,0,0,0,57,3414.9419898187493,0.1,-5.398367892996306,"0.4546307189542484,0.27194814814814816,0.3429204545454546,0.1,0.57,0.1642327445611401","0,0,0"
25.5,55,AV,1,0,0,52,1025.7249596144625,1.0,-7.6050470884264625,"0.5942870370370371,0.2658931623931624,0.3549113475177306,1.0,0.52,0.049329571566540366","0,0,0"
26.2,280,AV,0,0,0,25,8134.997760071039,0.2,-10.764491985548547,"0.5450615384615385,0.238479797979798,0.34653968253968254,0.2,0.25,0.39123153866695837","0,0,0"
99.15,288,AV,0,0,0,95,9667.367812467324,0.1,-24.205038348639786,"0.5102881944444444,0.23682954545454546,0.3268229166666668,0.1,0.95,0.46492688697408946","0,0,0"
33.85,8,AV,2,0,0,48,522.2875039790788,0.1,-0.44645030327504603,"0.7239500000000001,0.3044509803921569,0.3966811594202898,0.1,0.48,0.025118057783764625","0,0,0"
71.3,47,AV,0,0,0,65,968.7072844723906,1.0,-17.44162358153572,"0.3258472222222222,0.21034146341463417,0.3,1.0,0.65,0.04658745492005087","0,0,0"
76.61666666666666,41,AV,0,0,0,72,932.0432837729122,0.2,-3.606568161198718,"0.4569964539007092,0.25406097560975616,0.34191666666666665,0.2,0.72,0.04482419525724574","0,0,0"
33.733333333333334,293,AV,1,0,0,84,11940.25564443948,0.1,-11.171328882300298,"0.5217499999999999,0.2478401360544218,0.3513333333333334,0.1,0.84,0.5742355100304415","0,0,0"
26.15,211,AV,0,0,0,25,3773.073658575576,0.1,-2.4915625295896797,"0.4635592592592592,0.22765333333333335,0.3166814814814815,0.1,0.25,0.18145615481219285","0,0,0"
15.366666666666667,143,AV,1,0,0,18,2187.907521251699,0.3,-3.547033755800589,"0.5077514124293785,0.2573153153153153,0.35751515151515156,0.3,0.18,0.10522171624947545","0,0,0"
73.15,109,AV,0,0,0,66,1778.835052690156,0.9,-29.573132750973844,"0.5557083333333334,0.2629166666666667,0.35373484848484843,0.9,0.66,0.08554844085078303","0,0,0"
78.23333333333333,298,AV,0,0,0,72,17322.90883950548,0.2,-68.44590411838277,"0.4646412429378531,0.20184666666666662,0.3409465408805032,0.2,0.72,0.833100202280572","0,0,0"
13.166666666666666,113,AV,1,0,0,6,1797.659883656486,0.1,-1.597706779498579,"0.5020466666666666,0.2552291666666666,0.35662195121951223,0.1,0.06,0.08645377208765831","0,0,0"
30.233333333333334,57,AV,2,0,0,20,1089.3140785512585,0.1,-0.8316564555942689,"0.4725409836065574,0.20031111111111108,0.3365213675213676,0.1,0.2,0.052387724694280345","0,0,0"
73.21666666666667,85,AV,0,0,0,66,1386.7650627050614,0.3,-7.691993586443603,"0.46478508771929816,0.25490880503144653,0.32327419354838705,0.3,0.66,0.06669285539507566","0,0,0"
37.55,54,AV,1,0,0,98,1020.7360413649084,0.2,-2.9357898158208235,"0.4983184523809524,0.23912015503875972,0.3600095238095238,0.2,0.98,0.04908964253144747","0,0,0"
22.7,133,AV,0,0,0,22,2033.019749384408,0.4,-4.661570536467279,"0.5193262910798122,0.254438596491228,0.35853703703703693,0.4,0.22,0.0977727920954007","0,0,0"
37.666666666666664,86,AV,1,0,0,93,1404.912317929139,0.5,-7.681611613046831,"0.5069876543209877,0.2358414634146342,0.3419,0.5,0.93,0.06756560039062387","0,0,0"
21.883333333333333,9,AV,2,0,0,15,539.5213747330826,0.2,-0.5962891961486004,"0.66066,0.28836190476190476,0.3873840579710145,0.2,0.15,0.025946875931124203","0,0,0"
41.7,149,AV,0,0,0,38,2283.7291705859197,0.4,-9.619344082164936,"0.4054751773049646,0.2129298245614035,0.32592063492063494,0.4,0.38,0.10983000901270609","0,0,0"
21.216666666666665,198,AV,1,0,0,33,3352.9358316496982,0.1,-2.796417219566526,"0.5262993827160493,0.25177536231884057,0.34257916666666666,0.1,0.33,0.16125071981045438","0,0,0"
64.63333333333334,299,AV,0,0,0,59,20793.30768626012,0.4,-135.7515946251124,"0.5495030864197531,0.24210884353741494,0.3366801801801802,0.4,0.59,1.0","0,0,0"
41.36666666666667,150,AV,2,0,0,79,2293.603195459698,0.6,-14.375563462451945,"0.5917471264367815,0.25270512820512825,0.36108914728682173,0.6,0.79,0.11030487453303418","0,0,0"
53.88333333333333,294,AV,0,0,0,51,13351.937436366714,0.2,-36.33570179442221,"0.49521052631578955,0.23556578947368423,0.35870740740740736,0.2,0.51,0.6421266706493964","0,0,0"
14.316666666666666,249,AV,1,0,0,3,5702.891177591027,0.1,-3.061777576410224,"0.4780272727272728,0.22740624999999998,0.33000900900900904,0.1,0.03,0.27426570431405706","0,0,0"
24.45,23,AV,1,0,0,50,736.5379020629116,0.9,-5.092807205781406,"0.5092192982456141,0.23168055555555556,0.32790070921985814,0.9,0.5,0.03542187290142414","0,0,0"
57.36666666666667,75,AV,0,0,0,52,1275.9312017726234,0.3,-5.5451454501279915,"0.4690988700564972,0.24965999999999997,0.3572795698924731,0.3,0.52,0.06136258939772906","0,0,0"
40.78333333333333,237,AV,2,0,0,81,4959.361066312568,0.4,-20.430229847250594,"0.6115359477124184,0.2843407407407407,0.3759962121212121,0.4,0.81,0.23850755931388606","0,0,0"
40.516666666666666,271,AV,2,0,0,71,7128.986247371214,0.2,-14.588018154342947,"0.5513188405797101,0.24439705882352944,0.34747,0.2,0.71,0.34285003400790975","0,0,0"
38.11666666666667,221,AV,2,0,0,65,4034.238052294327,0.2,-7.766247832994214,"0.5319019607843137,0.21921111111111113,0.3257310606060606,0.2,0.65,0.19401617641430308","0,0,0"
48.85,148,AV,2,0,0,90,2260.56382504795,0.1,-2.788599567009908,"0.40474113475177304,0.23936296296296294,0.32589912280701755,0.1,0.9,0.10871593202757703","0,0,0"
33.18333333333333,285,AV,1,0,0,83,8981.750106371177,0.4,-31.1054957269108,"0.45618209876543203,0.23068571428571424,0.33333333333333326,0.4,0.83,0.4319538883323586","0,0,0"
16.683333333333334,84,AV,1,0,0,19,1373.5659577718477,0.1,-1.5786782507279544,"0.4012517006802721,0.22809126984126984,0.3301020408163266,0.1,0.19,0.0660580788057822","0,0,0"
33.833333333333336,14,AV,1,0,0,84,601.3137559373858,0.2,-2.027497411239809,"0.5388809523809523,0.25164529914529915,0.3511991869918699,0.2,0.84,0.028918619635236016","0,0,0"
102.55,7,AV,0,0,0,98,513.3463032142733,0.2,-2.6587708785163504,"0.6104213836477989,0.22934782608695656,0.34953658536585364,0.2,0.98,0.024688054010448962","0,0,0"
61.016666666666666,189,AV,0,0,0,55,3119.7161673652217,0.4,-19.227745603912588,"0.4624298245614036,0.2297121212121212,0.34375666666666665,0.4,0.55,0.1500346272193471","0,0,0"
26.783333333333335,283,AV,1,0,0,53,8480.737499651503,0.4,-23.94367872380466,"0.48772636815920395,0.24537037037037038,0.33105952380952375,0.4,0.53,0.407858991345347","0,0,0"
45.63333333333333,250,AV,2,0,0,86,5807.233742044462,0.3,-20.076017658734514,"0.41763000000000006,0.22612592592592595,0.3187925925925926,0.3,0.86,0.27928378830664774","0,0,0"
97.56666666666666,130,AV,0,0,0,94,2011.9739719035176,0.7,-34.69977669219795,"0.5611878787878787,0.25580496453900703,0.35914473684210535,0.7,0.94,0.09676065021790628","0,0,0"
22.866666666666667,154,AV,1,0,0,46,2335.4036410281064,0.1,-2.348557994735085,"0.5373437499999999,0.2632837837837838,0.3595809523809524,0.1,0.46,0.1123151581396212","0,0,0"
85.38333333333334,129,AV,0,0,0,78,2010.868248891871,0.3,-13.007169241253857,"0.7158007246376812,0.3004146341463415,0.4104559748427672,0.3,0.78,0.0967074733482937","0,0,0"
74.86666666666666,227,AV,0,0,0,68,4547.885280126284,0.9,-77.382957114876,"0.37478205128205117,0.20154471544715447,0.3093581560283688,0.9,0.68,0.2187187026108142","0,0,0"
45.15,145,AV,0,0,0,41,2218.0502812558643,0.1,-2.5289133888561177,"0.5863928571428572,0.23233333333333334,0.3453833333333333,0.1,0.41,0.10667135381839783","0,0,0"
20.866666666666667,40,AV,0,0,0,18,914.1934345695068,0.2,-0.9634429125261134,"0.5007438271604938,0.23695121951219517,0.34456666666666663,0.2,0.18,0.04396575322999674","0,0,0"
24.233333333333334,255,AV,0,0,0,23,5911.733280178027,0.4,-14.470808399627698,"0.6727135416666666,0.279453125,0.37537878787878787,0.4,0.23,0.28430942153971994","0,0,0"
18.916666666666668,297,AV,1,0,0,21,15387.119225735782,0.8,-59.8026273441418,"0.5173269230769232,0.25345121951219507,0.36045035460992897,0.8,0.21,0.7400034404292175","0,0,0"
38.666666666666664,168,AV,2,0,0,64,2675.3892374750885,0.2,-5.224665850961452,"0.46967528735632186,0.2489414414414415,0.3473370370370371,0.2,0.64,0.1286658802843062","0,0,0"
31.55,257,AV,2,0,0,43,6020.57275324985,0.1,-4.796693696086686,"0.49047169811320757,0.22863247863247863,0.3198229166666667,0.1,0.43,0.2895437726450875","0,0,0"
22.9,99,AV,1,0,0,46,1564.487892525026,0.1,-1.9047164833036134,"0.5589542483660132,0.23927916666666668,0.34154421768707477,0.1,0.46,0.07523997221273333","0,0,0"
17.783333333333335,223,AV,1,0,0,22,4113.319853961603,0.1,-2.8471853047883133,"0.4608644067796612,0.22371212121212122,0.33847569444444436,0.1,0.22,0.19781940978440954","0,0,0"
30.816666666666666,212,AV,1,0,0,77,3783.636689084741,0.3,-9.833262926916271,"0.6769137931034482,0.305625,0.40069927536231886,0.3,0.77,0.18196415626480184","0,0,0"
94.0,225,AV,0,0,0,90,4237.057085974603,0.2,-20.11532151927337,"0.4903875000000001,0.23882870370370368,0.34525617283950616,0.2,0.9,0.20377022982131804","0,0,0"
76.56666666666666,69,AV,0,0,0,71,1244.4027248274256,0.2,-4.812109526815819,"0.5722666666666667,0.2617520325203252,0.3680854700854701,0.2,0.71,0.05984630938009477","0,0,0"
33.7,268,AV,2,0,0,50,7006.371100745904,0.1,-5.962492578160025,"0.611326923076923,0.26825,0.3707738095238095,0.1,0.5,0.33695317774649197","0,0,0"
29.2,108,AV,2,0,0,28,1751.9448432672848,0.2,-2.5836762335052885,"0.5498653846153846,0.26861274509803923,0.33671527777777777,0.2,0.28,0.0842552262343976","0,0,0"
19.933333333333334,22,AV,2,0,0,6,727.2326469992182,0.3,-1.0981947548119508,"0.45198907103825137,0.21191666666666667,0.3185454545454546,0.3,0.06,0.034974360884380204","0,0,0"
22.2,33,AV,1,0,0,42,825.4433072334436,0.2,-1.9254970414435582,"0.5556436781609195,0.26948809523809525,0.3439916666666666,0.2,0.42,0.039697546907310144","0,0,0"
37.416666666666664,181,AV,1,0,0,95,2964.6777926145683,0.1,-3.8012212308163744,"0.4186925287356323,0.24564035087719296,0.3305731707317073,0.1,0.95,0.14257846021167567","0,0,0"
42.0,160,AV,2,0,0,86,2421.0391237858234,0.3,-7.703306302954892,"0.4750507246376811,0.2535142857142857,0.3432986111111111,0.3,0.86,0.11643357373995898","0,0,0"
31.166666666666668,287,AV,2,0,0,30,9030.678864893336,0.1,-7.107478736258646,"0.6065999999999999,0.26865740740740746,0.3548842592592593,0.1,0.3,0.4343069895926497","0,0,0"
18.55,234,AV,1,0,0,21,4689.4303597647895,0.2,-5.393380463314992,"0.3775283687943263,0.20835042735042733,0.30221111111111115,0.2,0.21,0.22552594471842924","0,0,0"
42.63333333333333,284,AV,2,0,0,83,8493.635575370567,0.1,-9.144242340824036,"0.5073620689655173,0.2338072916666667,0.36932986111111105,0.1,0.83,0.40847929071828354","0,0,0"
39.43333333333333,196,AV,2,0,0,78,3278.222126324269,0.3,-9.79327468545861,"0.3865303030303029,0.21618181818181817,0.29735648148148147,0.3,0.78,0.1576575586620336","0,0,0"
50.3,77,AV,0,0,0,47,1291.2118623687816,0.3,-4.920299748268917,"0.4335092592592592,0.23867592592592593,0.34092735042735045,0.3,0.47,0.062097472987522495","0,0,0"
32.5,166,AV,1,0,0,82,2580.565825479665,0.1,-3.11788861939619,"0.4836666666666667,0.2589826388888889,0.36316287878787873,0.1,0.82,0.12410559514707999","0,0,0"
15.833333333333334,197,AV,0,0,0,13,3301.717979419838,0.2,-2.6402626939805103,"0.5776461988304094,0.2642430555555555,0.35430952380952385,0.2,0.13,0.15878753054770403","0,0,0"
26.116666666666667,107,AV,1,0,0,55,1717.0377309640771,0.1,-2.132406618022184,"0.6294015151515152,0.2720681818181819,0.3563205128205128,0.1,0.55,0.08257645954513855","0,0,0"
37.0,140,AV,2,0,0,57,2137.1188228190404,0.2,-3.9936058810254798,"0.4624308943089431,0.25594736842105265,0.3396993464052288,0.2,0.57,0.10277916602134513","0,0,0"
49.983333333333334,71,AV,2,0,0,93,1260.6549751070208,0.1,-1.591205500987355,"0.45818707482993193,0.24662962962962964,0.3618257575757575,0.1,0.93,0.06062791904628244","0,0,0"
36.666666666666664,60,AV,2,0,0,57,1111.987968807459,0.1,-1.0296184896365361,"0.5357878787878788,0.2482567567567568,0.3925333333333334,0.1,0.57,0.05347816641708441","0,0,0"
16.0,192,AV,1,0,0,11,3227.056348793521,0.1,-2.3038611510276854,"0.524522435897436,0.24368181818181822,0.3266287878787879,0.1,0.11,0.1551968737963661","0,0,0"
24.3,88,AV,2,0,0,10,1454.957177165027,0.5,-4.464073157210877,"0.5585933333333333,0.24856201550387597,0.34991843971631204,0.5,0.1,0.06997237760909195","0,0,0"
41.36666666666667,83,AV,2,0,0,64,1348.5865378412918,0.1,-1.4087507520715852,"0.46841666666666676,0.2629583333333333,0.34062500000000007,0.1,0.64,0.06485675863549194","0,0,0"
33.78333333333333,173,AV,1,0,0,90,2758.442965787371,0.4,-10.413070524664985,"0.35341509433962265,0.20982575757575755,0.3245299145299145,0.4,0.9,0.13266013312591463","0,0,0"
81.96666666666667,135,AV,0,0,0,76,2088.64210540395,0.2,-8.646415719172245,"0.4935377358490567,0.2111138211382114,0.33088768115942024,0.2,0.76,0.10044780450125744","0,0,0"
75.06666666666666,78,AV,0,0,0,67,1291.7462447339112,0.5,-12.243318784262492,"0.4880701754385966,0.246527027027027,0.35058749999999994,0.5,0.67,0.0621231727161656","0,0,0"
34.38333333333333,243,AV,2,0,0,53,5158.4050556257225,0.1,-4.478867689291189,"0.3814777777777778,0.19286956521739135,0.3210343137254902,0.1,0.53,0.24808006178999184","0,0,0"
43.75,172,AV,2,0,0,95,2753.3979495063454,0.1,-3.04194849219451,"0.5518442622950821,0.24321367521367523,0.34393749999999995,0.1,0.95,0.13241750620204337","0,0,0"
28.066666666666666,139,AV,0,0,0,25,2131.3254046090938,0.1,-1.5105858507414622,"0.3922339743589744,0.20846875,0.3117743055555555,0.1,0.25,0.10250054665508744","0,0,0"
97.25,120,AV,0,0,0,92,1848.7234685638712,0.1,-4.540110033278698,"0.6788854166666667,0.28967156862745097,0.39036217948717955,0.1,0.92,0.08890954226515282","0,0,0"
39.416666666666664,68,AV,2,0,0,53,1200.7903182940884,0.2,-2.390462207715083,"0.5333166666666667,0.2442170542635659,0.3613918918918919,0.2,0.53,0.057748884228147654","0,0,0"
10.65,26,AV,0,0,0,3,783.6834518391023,0.1,-0.21076335257794043,"0.604237037037037,0.2643178294573644,0.3451794871794871,0.1,0.03,0.037689215379472674","0,0,0"
20.166666666666668,45,AV,1,0,0,37,954.0002559944874,0.3,-2.4575003911026894,"0.7013479532163742,0.2595042735042735,0.3882424242424242,0.3,0.37,0.045880158673594545","0,0,0"
44.95,169,AV,2,0,0,89,2722.266725979925,0.1,-3.090047710424183,"0.4330865384615384,0.2205151515151515,0.3332207207207207,0.1,0.89,0.13092033105337805","0,0,0"
42.916666666666664,273,AV,2,0,0,88,7332.887514065835,0.4,-31.788190822760143,"0.5178333333333334,0.2554090909090909,0.3281194968553459,0.4,0.88,0.3526561345942708","0,0,0"
59.31666666666667,184,AV,0,0,0,54,3024.224513765153,0.6,-27.1798359709348,"0.576047619047619,0.2406396396396396,0.33681333333333335,0.6,0.54,0.1454422047418416","0,0,0"
14.483333333333333,58,AV,1,0,0,14,1100.389953660579,0.3,-2.207372310266469,"0.5248666666666666,0.24869736842105264,0.34223469387755096,0.3,0.14,0.052920390072797266","0,0,0"
52.13333333333333,286,AV,0,0,0,49,8987.822610831106,0.6,-70.99472001686793,"0.5905243055555556,0.25520652173913044,0.3512536231884058,0.6,0.49,0.4322459296252377","0,0,0"
29.533333333333335,12,AV,0,0,0,29,572.7967315704935,0.3,-1.2815603640693367,"0.5000625000000001,0.24414035087719302,0.3453958333333334,0.3,0.29,0.027547167589358008","0,0,0"
43.666666666666664,259,AV,0,0,0,40,6130.868263041086,0.1,-6.760469212612645,"0.5049133333333333,0.27251984126984125,0.34735416666666663,0.1,0.4,0.29484814804583803","0,0,0"
38.733333333333334,218,AV,1,0,0,99,3942.222625638348,0.1,-4.8559450260873405,"0.4824117647058823,0.2289492753623189,0.3248837209302326,0.1,0.99,0.18959093402168548","0,0,0"
19.1,291,AV,1,0,0,29,10838.007207066395,0.4,-21.90969067221901,"0.32420512820512826,0.2053198198198198,0.2917721088435375,0.4,0.29,0.5212257410218565","0,0,0"
19.283333333333335,156,AV,0,0,0,14,2360.1328348572283,0.1,-1.1492734385226488,"0.5958648648648648,0.26380065359477123,0.36475641025641026,0.1,0.14,0.11350444433700012","0,0,0"
5.25,104,AV,0,0,0,2,1664.0464513081895,0.1,-0.22061221892343422,"0.5126197916666666,0.24919047619047618,0.3357479674796748,0.1,0.02,0.08002798190726358","0,0,0"
31.183333333333334,254,AV,2,0,0,31,5899.132481879994,0.2,-9.29063709898777,"0.596970760233918,0.2707037037037038,0.38098936170212766,0.2,0.31,0.2837034189504176","0,0,0"
26.5,114,AV,1,0,0,58,1799.695682844959,0.3,-4.613025423893289,"0.5504533333333334,0.23961240310077525,0.35219318181818193,0.3,0.58,0.0865516785496407","0,0,0"
44.45,132,AV,2,0,0,82,2030.86588445069,0.1,-2.2795956708038685,"0.6073066666666666,0.24841666666666667,0.3566349206349206,0.1,0.82,0.09766920756877238","0,0,0"
36.35,164,AV,2,0,0,59,2563.744074524839,0.1,-2.35333578558025,"0.4781491228070176,0.2148925925925926,0.3492894736842104,0.1,0.59,0.1232965968285517","0,0,0"
27.983333333333334,214,AV,2,0,0,18,3824.993837156676,0.1,-2.702931251088409,"0.5676882716049383,0.24976595744680846,0.3491623931623932,0.1,0.18,0.18395312063237393","0,0,0"
95.71666666666667,3,AV,0,0,0,92,473.5024380788758,0.1,-1.1444968442285286,"0.442258865248227,0.2007763157894737,0.31594791666666666,0.1,0.92,0.022771867046038015","0,0,0"
31.983333333333334,115,AV,1,0,0,81,1809.16611953512,0.3,-5.3835729588231,"0.5156231884057971,0.24397872340425533,0.3179609929078014,0.3,0.81,0.08700713454697676","0,0,0"
28.4,138,AV,1,0,0,66,2123.4400354784907,0.5,-8.614355682776406,"0.6527907801418439,0.3054666666666667,0.38261851851851847,0.5,0.66,0.1021213203554731","0,0,0"
83.66666666666667,240,AV,0,0,0,77,5009.92015912814,0.6,-63.50959393642238,"0.5740160256410255,0.2780074074074075,0.37169767441860463,0.6,0.77,0.24093906725761643","0,0,0"
30.783333333333335,246,AV,1,0,0,76,5480.041794665195,0.9,-39.33953482858567,"0.5315942028985506,0.2559186046511628,0.3505653594771242,0.9,0.76,0.26354834340696637","0,0,0"
38.016666666666666,36,AV,2,0,0,52,854.5785374972068,0.3,-2.461229348524152,"0.510093567251462,0.27437074829931973,0.3535392156862745,0.3,0.52,0.04109872995636468","0,0,0"
34.0,2,AV,2,0,0,56,457.16351791608827,0.4,-1.5700565261764647,"0.518275,0.24663131313131312,0.3494574468085107,0.4,0.56,0.021986089217454062","0,0,0"
34.35,174,AV,1,0,0,90,2838.632091159661,0.1,-3.4622982911953124,"0.5373100775193799,0.28338782051282047,0.36476296296296296,0.1,0.9,0.13651662034681394","0,0,0"
33.85,24,AV,2,0,0,45,741.34301771214,0.1,-0.6336985138776754,"0.4984508196721312,0.25073437500000006,0.3650921985815603,0.1,0.45,0.03565296242896494","0,0,0"
39.63333333333333,21,AV,2,0,0,63,699.2977112166509,0.1,-0.699886345653702,"0.5450733333333333,0.24809649122807018,0.36240942028985507,0.1,0.63,0.03363090287355943","0,0,0"
81.91666666666667,25,AV,0,0,0,77,763.1985099142711,0.1,-1.5787544933622233,"0.5532924528301887,0.2665,0.36726576576576575,0.1,0.77,0.03670404542797105","0,0,0"
19.216666666666665,238,AV,0,0,0,15,4967.653125719208,0.2,-4.821299708715696,"0.4352875816993464,0.22409183673469385,0.3317583333333333,0.2,0.15,0.2389063443235514","0,0,0"
19.35,121,AV,1,0,0,28,1885.557658153182,0.2,-2.842704075013337,"0.4403653846153846,0.24006578947368426,0.3234756944444444,0.2,0.28,0.09068098671954573","0,0,0"
38.583333333333336,182,AV,1,0,0,97,2991.769966736588,0.1,-3.914961057657913,"0.49661458333333336,0.26343518518518516,0.3457470238095238,0.1,0.97,0.143881387794473","0,0,0"
29.566666666666666,226,AV,0,0,0,26,4434.023444374438,0.1,-3.310588211414249,"0.565211111111111,0.2683962264150943,0.3668650793650794,0.1,0.26,0.2132428140475394","0,0,0"
12.25,35,AV,0,0,0,5,849.0657401736111,0.2,-0.52530582409731,"0.4886203703703703,0.22637179487179485,0.34263953488372095,0.2,0.05,0.040833606321069346","0,0,0"
28.333333333333332,116,AV,1,0,0,62,1823.811293294481,0.4,-6.21966195050609,"0.5341339869281047,0.2906099290780141,0.344138888888889,0.4,0.62,0.08771145605177698","0,0,0"
87.05,247,AV,0,0,0,79,5502.789496653042,0.4,-48.385638957944174,"0.6449848484848485,0.2841097560975609,0.36909848484848484,0.4,0.79,0.26464233491284295","0,0,0"
22.633333333333333,126,AV,1,0,0,39,1950.0200213032829,0.4,-5.458126580689997,"0.4465160256410256,0.24737916666666668,0.32743055555555556,0.4,0.39,0.09378113625432592","0,0,0"
17.466666666666665,112,AV,1,0,0,20,1794.439334206041,0.4,-4.165946838801231,"0.5194409722222222,0.24532051282051284,0.32927564102564105,0.4,0.2,0.08629888814619799","0,0,0"
12.25,105,AV,0,0,0,8,1682.490559712908,0.1,-0.5204674079919981,"0.5259423076923077,0.24743981481481478,0.331724358974359,0.1,0.08,0.08091500328370894","0,0,0"
18.416666666666668,37,AV,1,0,0,26,861.805442805673,0.6,-3.404785389647143,"0.5284666666666668,0.25546296296296295,0.34710162601626016,0.6,0.26,0.04144628915269407","0,0,0"
32.86666666666667,262,AV,1,0,0,84,6446.254396158338,0.3,-17.05052230962657,"0.4816317829457364,0.22823749999999998,0.32095029239766076,0.3,0.84,0.3100158230437728","0,0,0"
31.45,253,AV,1,0,0,77,5849.7981009167725,0.1,-5.645862380652336,"0.6319563492063492,0.24901937984496123,0.35484444444444435,0.1,0.77,0.28133081033481866","0,0,0"
45.916666666666664,52,AV,2,0,0,89,1017.530975349866,0.2,-2.35967831404788,"0.44750297619047624,0.23836559139784946,0.32747674418604644,0.2,0.89,0.048935503225503364","0,0,0"
14.0,136,AV,0,0,0,10,2105.159940183184,0.2,-1.4884969274022515,"0.49476530612244896,0.24695416666666667,0.35198888888888896,0.2,0.1,0.10124218676253416","0,0,0"
23.533333333333335,27,AV,2,0,0,8,793.0252767736928,0.1,-0.4712759641432888,"0.5552264150943397,0.24240196078431375,0.3597558139534885,0.1,0.08,0.03813848612925163","0,0,0"
31.183333333333334,152,AV,0,0,0,33,2302.618320259251,0.5,-9.066075078293473,"0.4986801075268817,0.22723809523809518,0.3221374999999999,0.5,0.33,0.11073843349034766","0,0,0"
33.06666666666667,64,AV,0,0,0,34,1148.2139867956057,0.1,-0.9587780091761287,"0.5085653594771241,0.22035984848484846,0.336637037037037,0.1,0.34,0.05522036244162957","0,0,0"
16.25,239,AV,1,0,0,20,4968.170350229253,0.3,-7.116118802365557,"0.3592113095238096,0.19464015151515152,0.31208749999999996,0.3,0.2,0.23893121888982288","0,0,0"
37.733333333333334,18,AV,2,0,0,57,632.5893922142865,0.1,-0.602770363625061,"0.5452138364779875,0.25476851851851856,0.3685657894736842,0.1,0.57,0.030422739939172414","0,0,0"
45.266666666666666,179,AV,2,0,0,83,2946.490055333797,0.1,-3.3681258376627077,"0.5388928571428572,0.2363708333333333,0.34947474747474744,0.1,0.83,0.14170376833700152","0,0,0"
27.716666666666665,93,AV,2,0,0,23,1507.5005543882637,0.2,-2.11024698817145,"0.4401702898550724,0.22510992907801422,0.3280125,0.2,0.23,0.07249931454553503","0,0,0"
48.06666666666667,180,AV,0,0,0,80,2953.761118311176,0.4,-14.341156675436753,"0.48093333333333327,0.2510595238095238,0.34471276595744677,0.4,0.8,0.14205345118145746","0,0,0"
37.71666666666667,122,AV,1,0,0,96,1888.2149669861096,0.1,-2.798413497596619,"0.4698027210884353,0.24843333333333334,0.3508771929824561,0.1,0.96,0.09080878306984375","0,0,0"
12.066666666666666,29,AV,1,0,0,2,806.3598325453933,0.6,-2.474253835259759,"0.6501153846153847,0.29845416666666674,0.3818333333333333,0.6,0.02,0.03877977687399022","0,0,0"
68.0,4,AV,0,0,0,62,491.8679742725259,0.6,-5.067730644019964,"0.65225956284153,0.29161842105263164,0.38078455284552837,0.6,0.62,0.023655109696546463","0,0,0"
20.533333333333335,79,AV,1,0,0,35,1294.2551843223837,0.1,-1.6710952807597546,"0.5734856321839081,0.27648373983739843,0.3713455284552845,0.1,0.35,0.062243833633915134","0,0,0"
30.883333333333333,264,AV,2,0,0,27,6778.2755320215965,0.2,-10.572512256595976,"0.43198484848484847,0.23165740740740742,0.3308027210884354,0.2,0.27,0.3259835151913118","0,0,0"
23.15,119,AV,2,0,0,14,1836.3970218708375,0.2,-2.1471005583994893,"0.5366775956284154,0.22957207207207206,0.3489918699186991,0.2,0.14,0.08831673390204767","0,0,0"
44.31666666666667,263,AV,2,0,0,80,6563.608435155774,0.2,-14.690770058147482,"0.5078368055555554,0.24610476190476194,0.33423391812865494,0.2,0.8,0.31565966003056356","0,0,0"
50.583333333333336,187,AV,0,0,0,47,3097.4575811220984,0.5,-19.782794105020137,"0.4663730158730158,0.2503407407407407,0.33205345911949685,0.5,0.47,0.14896415846185204","0,0,0"
32.96666666666667,92,AV,0,0,0,34,1496.328062426438,0.1,-1.245680516615949,"0.5668564814814815,0.24581632653061225,0.33843636363636365,0.1,0.34,0.0719620026310286","0,0,0"
31.3,210,AV,2,0,0,40,3742.7752140142647,0.1,-2.958304651480972,"0.5417261904761904,0.2624401709401709,0.31755925925925926,0.1,0.4,0.17999902999980277","0,0,0"
14.266666666666667,190,AV,1,0,0,11,3132.463358685509,0.1,-2.12853057030084,"0.5494924242424243,0.25520238095238096,0.36199583333333335,0.1,0.11,0.150647670199936","0,0,0"
8.566666666666666,251,AV,0,0,0,3,5825.425317043349,0.1,-1.2602140626937213,"0.558572463768116,0.23956097560975603,0.3483,0.1,0.03,0.28015866474638357","0,0,0"
80.16666666666667,235,AV,0,0,0,72,4818.617258984985,0.1,-9.754860696850919,"0.48974842767295584,0.2581742424242424,0.3616125,0.1,0.72,0.23173885231203734","0,0,0"
14.366666666666667,56,AV,1,0,0,3,1040.734547163155,0.2,-1.755145774120067,"0.46441085271317833,0.25381111111111115,0.3413863636363636,0.2,0.03,0.05005141860382586","0,0,0"
32.516666666666666,96,AV,1,0,0,85,1538.317647081207,0.1,-2.263155610040166,"0.6154761904761905,0.2737777777777778,0.35388235294117654,0.1,0.85,0.07398138238957058","0,0,0"
43.78333333333333,98,AV,2,0,0,83,1564.4426034616197,0.2,-3.4594197973852485,"0.47584795321637424,0.21076126126126127,0.3329625,0.2,0.83,0.07523779415313409","0,0,0"
59.15,11,AV,0,0,0,57,566.7055292848979,0.1,-0.8464806075050938,"0.5451629629629628,0.23406884057971017,0.3316802721088435,0.1,0.57,0.027254227073231246","0,0,0"
32.5,270,AV,1,0,0,83,7099.697064525982,0.1,-6.826771580734708,"0.6058945578231293,0.2532286821705426,0.3664513888888889,0.1,0.83,0.3414414470102487","0,0,0"
35.1,194,AV,1,0,0,86,3257.969850357721,0.2,-6.775492007452325,"0.4630326797385621,0.24542916666666667,0.33894557823129245,0.2,0.86,0.15668357817407447","0,0,0"
27.616666666666667,141,AV,1,0,0,63,2139.4702648744856,0.6,-9.95227835580056,"0.5871413043478262,0.2630735294117647,0.3552006802721089,0.6,0.63,0.10289225250527183","0,0,0"
55.63333333333333,124,AV,0,0,0,51,1929.5758599688188,0.3,-8.132480076484743,"0.4967624113475177,0.22694949494949498,0.3215614035087719,0.3,0.51,0.09279792753915007","0,0,0"
31.383333333333333,260,AV,1,0,0,76,6197.036257351283,0.4,-20.644813590223006,"0.550324074074074,0.25133749999999994,0.3471249999999999,0.4,0.76,0.2980303254708333","0,0,0"
61.016666666666666,91,AV,0,0,0,57,1485.5718097438446,0.4,-9.15602423480171,"0.44097286821705417,0.24956802721088434,0.35392635658914734,0.4,0.57,0.07144470866102204","0,0,0"
29.833333333333332,278,AV,2,0,0,38,7958.958807233507,0.1,-5.996016946526926,"0.48504666666666674,0.24697727272727274,0.33209090909090905,0.1,0.38,0.38276540352897576","0,0,0"
52.11666666666667,15,AV,0,0,0,49,623.7253316558669,0.4,-3.2834833536833266,"0.5858971631205674,0.24126829268292685,0.3617619047619048,0.4,0.49,0.02999644602325653","0,0,0"
24.266666666666666,248,AV,2,0,0,14,5702.616109653807,0.3,-10.483597292494876,"0.5654821428571428,0.2452333333333333,0.3665909090909091,0.3,0.14,0.27425247563772664","0,0,0"
29.733333333333334,199,AV,2,0,0,38,3368.9508766880413,0.2,-5.059097949504602,"0.5520608974358975,0.23148850574712643,0.345775,0.2,0.38,0.16202092170810273","0,0,0"
23.416666666666668,110,AV,1,0,0,47,1782.711710770346,0.1,-2.0541708559058653,"0.48841134751773063,0.24062727272727272,0.3260175438596491,0.1,0.47,0.08573487862868172","0,0,0"
35.583333333333336,176,AV,2,0,0,36,2853.537244729806,0.1,-2.5641001757147035,"0.5097163742690058,0.24125609756097563,0.3469404761904762,0.1,0.36,0.13723344490378397","0,0,0"
13.8,282,AV,1,0,0,8,8348.421721831439,0.3,-9.727895436460141,"0.6583545454545454,0.2739102564102564,0.3802608695652174,0.3,0.08,0.4014956084811817","0,0,0"
87.05,207,AV,0,0,0,80,3608.770587345788,0.1,-7.932916152233608,"0.5149210526315788,0.21882843137254906,0.32425877192982455,0.1,0.8,0.17355442634701188","0,0,0"
24.65,73,AV,2,0,0,11,1267.69032506861,0.3,-2.3673156449197905,"0.5252129629629629,0.29432499999999995,0.37272916666666667,0.3,0.11,0.0609662658868978","0,0,0"
45.1,261,AV,2,0,0,80,6230.691172258436,0.1,-7.09606494618322,"0.43244444444444446,0.2270708333333333,0.34680833333333333,0.1,0.8,0.29964887098629217","0,0,0"
66.2,195,AV,0,0,0,60,3274.575105225111,0.4,-21.896653733929536,"0.4676535947712417,0.22983783783783784,0.32398809523809524,0.4,0.6,0.15748216467690215","0,0,0"
93.98333333333333,200,AV,0,0,0,90,3386.12741774329,0.1,-8.036352065931991,"0.5440068027210885,0.23306818181818184,0.3329999999999999,0.1,0.9,0.16284698273285247","0,0,0"
40.8,219,AV,2,0,0,86,3958.913906791885,0.2,-8.157761989752975,"0.5297142857142858,0.23344907407407411,0.34149652777777767,0.2,0.86,0.1903936577347851","0,0,0"
34.4,32,AV,2,0,0,48,822.5771428470101,0.8,-5.716495699785282,"0.4972575757575759,0.21512612612612614,0.3223298611111111,0.8,0.48,0.039559706192899544","0,0,0"
35.31666666666667,103,AV,2,0,0,50,1661.9571573900298,0.3,-4.446574768320042,"0.6491635802469135,0.28277631578947365,0.39208680555555553,0.3,0.5,0.07992750275552475","0,0,0"
80.16666666666667,230,AV,0,0,0,75,4572.8741748457805,0.2,-18.514751499165158,"0.5073653846153846,0.25281666666666663,0.35719791666666667,0.2,0.75,0.21992047844641197","0,0,0"
23.666666666666668,175,AV,2,0,0,9,2850.5966631146844,0.2,-3.407278839749875,"0.5391369047619048,0.2582719298245614,0.3315930232558139,0.2,0.09,0.13709202528649697","0,0,0"
54.083333333333336,220,AV,0,0,0,49,4021.28082322038,0.1,-5.492027050231538,"0.5175433333333335,0.2499705882352941,0.3576630434782608,0.1,0.49,0.1933930322147629","0,0,0"
17.716666666666665,39,AV,0,0,0,14,913.5589076746268,0.4,-1.6348705704682294,"0.48087121212121203,0.25678518518518517,0.338445652173913,0.4,0.14,0.04393523731091094","0,0,0"
36.833333333333336,177,AV,0,0,0,34,2891.134206742707,1.0,-26.8914419061506,"0.5065272108843537,0.23927380952380953,0.36380817610062893,1.0,0.34,0.13904157291209238","0,0,0"
30.216666666666665,204,AV,2,0,0,38,3465.4556083993225,0.2,-5.288611968037014,"0.5274038461538462,0.25727272727272726,0.3718825757575758,0.2,0.38,0.1666620655399256","0,0,0"
34.233333333333334,76,AV,2,0,0,54,1282.6858023855964,0.5,-5.54426901957074,"0.5369316939890709,0.283047619047619,0.3517612612612613,0.5,0.54,0.06168743432932387","0,0,0"
36.56666666666667,100,AV,2,0,0,59,1592.2311391495805,0.2,-2.9405346122004885,"0.6552521367521368,0.2687246376811595,0.3682,0.2,0.59,0.07657421143254188","0,0,0"
38.333333333333336,208,AV,0,0,0,36,3628.2404526711953,0.2,-7.024371246754,"0.4262266666666667,0.23499621212121213,0.32974637681159424,0.2,0.36,0.17449077883210845","0,0,0"
68.13333333333334,269,AV,0,0,0,61,7081.334819999852,0.1,-12.183710750908839,"0.46314444444444447,0.2228586956521739,0.3279930555555556,0.1,0.61,0.34055836266392014","0,0,0"
41.733333333333334,0,AV,0,0,0,39,437.8567856598078,0.1,-0.4614450300051174,"0.5563944444444444,0.23967857142857146,0.33575203252032515,0.1,0.39,0.021057582192617507","0,0,0"
95.6,74,AV,0,0,0,90,1275.6237969650936,0.1,-3.0795362371177517,"0.5243616352201258,0.249369918699187,0.34986956521739127,0.1,0.9,0.06134780556380672","0,0,0"
46.96666666666667,241,AV,0,0,0,45,5051.78348307234,0.1,-5.99155128589977,"0.5952142857142857,0.241280303030303,0.3302708333333333,0.1,0.45,0.24295237483598997","0,0,0"
31.533333333333335,80,AV,0,0,0,31,1317.647826688136,0.3,-3.1477142526438806,"0.45585507246376816,0.24761805555555555,0.305231884057971,0.3,0.31,0.06336884186823323","0,0,0"
40.21666666666667,272,AV,0,0,0,38,7177.938863287724,0.1,-7.2897165307715825,"0.7128768115942029,0.2668666666666667,0.3801818181818182,0.1,0.38,0.345204282627472","0,0,0"
32.083333333333336,222,AV,2,0,0,35,4090.160813256426,0.6,-19.882726175552072,"0.48349696969696965,0.242984496124031,0.33073412698412696,0.6,0.35,0.19670563601379967","0,0,0"
45.21666666666667,28,AV,2,0,0,78,802.5586880039084,0.2,-1.8327792260560634,"0.43826944444444443,0.23721666666666671,0.3298714285714285,0.2,0.78,0.038596970723144074","0,0,0"
55.78333333333333,61,AV,0,0,0,50,1117.0806745336297,0.5,-7.8679903570371605,"0.48404365079365086,0.25680416666666667,0.3377304964539007,0.5,0.5,0.05372308684066549","0,0,0"
