travel_time,id,kind,action,origin,destination,start_time,income,urgency,reward,observation,cost_table
14.166666666666666,147,AV,1,0,0,40,2496.2043409386315,0.3,-14.166666666666666,"0.1637659574468085,0.13824621212121213,0.16706709956709961,0.3,0.4,0.12333495093088893","0,0,0"
20.866666666666667,101,AV,1,0,0,49,1628.9397076974285,0.2,-20.866666666666667,"0.26874269005847956,0.20499551971326163,0.22309941520467838,0.2,0.49,0.0804842759157665","0,0,0"
22.716666666666665,2,AV,1,0,0,50,437.5592869272848,0.2,-22.716666666666665,"0.29447023809523803,0.2183401559454191,0.23362100456621004,0.2,0.5,0.021619365168734063","0,0,0"
20.233333333333334,222,AV,2,0,0,46,4416.224882412617,0.3,-20.233333333333334,"0.22908333333333328,0.17802104377104377,0.2009548611111111,0.3,0.46,0.21820123867235977","0,0,0"
28.083333333333332,22,AV,1,0,0,58,632.5893922142865,0.4,-28.083333333333332,"0.37910052910052905,0.2662108655616943,0.2795744047619048,0.4,0.58,0.031255606910295004","0,0,0"
24.916666666666668,89,AV,1,0,0,52,1526.0895405694364,0.9,-24.916666666666668,"0.30654615384615386,0.23167450980392157,0.24633846153846153,0.9,0.52,0.07540255239340664","0,0,0"
17.05,84,AV,2,0,0,38,1460.106853854364,0.9,-17.05,"0.15405847953216376,0.13012843137254898,0.15984931506849315,0.9,0.38,0.07214241407266661","0,0,0"
27.25,254,AV,0,0,0,49,5654.280440205098,0.1,-27.25,"0.26874269005847956,0.20499551971326163,0.22309941520467838,0.1,0.49,0.2793723210896882","0,0,0"
16.1,190,AV,1,0,0,42,3476.696831582168,0.2,-16.1,"0.18213978494623653,0.15150862068965518,0.17952864583333333,0.2,0.42,0.1717801007282623","0,0,0"
18.85,208,AV,0,0,0,41,4061.843573313689,0.6,-18.85,"0.17794771241830065,0.1450285451197054,0.1706176470588235,0.6,0.41,0.20069161389857007","0,0,0"
9.9,63,AV,0,0,0,32,1074.3823512953045,0.1,-9.9,"0.10304228855721392,0.10619942196531794,0.1384777777777778,0.1,0.32,0.05308415357061393","0,0,0"
18.65,207,AV,1,0,0,46,4021.28082322038,0.3,-18.65,"0.22908333333333328,0.17802104377104377,0.2009548611111111,0.3,0.46,0.19868744913115402","0,0,0"
39.583333333333336,133,AV,0,0,0,59,2222.040577514192,0.2,-39.583333333333336,"0.3904270833333333,0.27314161849710983,0.2849761904761905,0.2,0.59,0.1097887945708426","0,0,0"
18.233333333333334,109,AV,1,0,0,44,1782.711710770346,0.4,-18.233333333333334,"0.20263333333333333,0.1672290598290598,0.18965925925925928,0.4,0.44,0.08808199623958074","0,0,0"
19.45,41,AV,1,0,0,47,827.3783452591958,0.1,-19.45,"0.23988271604938266,0.18532801418439718,0.20498850574712646,0.1,0.47,0.040879933561629736","0,0,0"
13.9,266,AV,1,0,0,38,6446.254396158338,0.1,-13.9,"0.15405847953216376,0.13012843137254898,0.15984931506849315,0.1,0.38,0.31850295931272143","0,0,0"
35.1,29,AV,2,0,0,68,742.4887258523852,0.4,-35.1,"0.4631468926553673,0.31422916666666667,0.3244333333333334,0.4,0.68,0.0366856226743472","0,0,0"
13.016666666666667,298,AV,1,0,0,34,17322.90883950548,0.2,-13.016666666666667,"0.1225939393939394,0.1169096834264432,0.14957828282828284,0.2,0.34,0.8559075379611304","0,0,0"
30.666666666666668,141,AV,1,0,0,64,2382.718205806423,0.1,-30.666666666666668,"0.44345238095238093,0.29216011235955053,0.29845197740112994,0.1,0.64,0.1177277149052501","0,0,0"
8.55,268,AV,1,0,0,16,6709.13861087917,0.2,-8.55,"0.059853658536585364,0.07862731481481482,0.11021212121212123,0.2,0.16,0.3314918044931234","0,0,0"
34.233333333333334,46,AV,1,0,0,78,905.8209551718018,0.1,-34.233333333333334,"0.5251005747126436,0.34099118165784836,0.3394622641509434,0.1,0.78,0.044755704180963","0,0,0"
18.916666666666668,49,AV,2,0,0,44,938.3100494872764,0.9,-18.916666666666668,"0.20263333333333333,0.1672290598290598,0.18965925925925928,0.9,0.44,0.04636095772029518","0,0,0"
6.716666666666667,137,AV,0,0,0,25,2276.662146114732,0.1,-6.716666666666667,"0.07271666666666665,0.08669827586206896,0.12088690476190476,0.1,0.25,0.1124875914492194","0,0,0"
36.55,98,AV,2,0,0,66,1592.2311391495805,0.4,-36.55,"0.45629894179894187,0.3045259259259259,0.3118421052631579,0.4,0.66,0.07867054238989274","0,0,0"
25.916666666666668,95,AV,1,0,0,55,1572.8756307612184,0.1,-25.916666666666668,"0.3527392473118281,0.2494921875,0.2654565217391305,0.1,0.55,0.07771420614843609","0,0,0"
26.583333333333332,251,AV,1,0,0,55,5480.041794665195,0.1,-26.583333333333332,"0.3527392473118281,0.2494921875,0.2654565217391305,0.1,0.55,0.27076336450488875","0,0,0"
8.05,228,AV,1,0,0,12,4549.115907877681,0.9,-8.05,"0.051841666666666654,0.0732956989247312,0.105,0.9,0.12,0.22476725085176577","0,0,0"
14.116666666666667,110,AV,1,0,0,38,1804.2001824470888,0.1,-14.116666666666667,"0.15405847953216376,0.13012843137254898,0.15984931506849315,0.1,0.38,0.08914372005616313","0,0,0"
15.016666666666667,239,AV,1,0,0,41,4843.3187157075145,0.2,-15.016666666666667,"0.17794771241830065,0.1450285451197054,0.1706176470588235,0.2,0.41,0.23930351628177382","0,0,0"
28.233333333333334,131,AV,1,0,0,58,2212.8825544422834,0.1,-28.233333333333334,"0.37910052910052905,0.2662108655616943,0.2795744047619048,0.1,0.58,0.10933630584318776","0,0,0"
15.5,247,AV,1,0,0,41,5304.212874057136,0.1,-15.5,"0.17794771241830065,0.1450285451197054,0.1706176470588235,0.1,0.41,0.2620758340252039","0,0,0"
13.45,235,AV,0,0,0,35,4747.153558918807,0.2,-13.45,"0.12791379310344825,0.11947551789077213,0.1496666666666667,0.2,0.35,0.23455209241022626","0,0,0"
16.7,111,AV,1,0,0,43,1805.1606101798543,0.1,-16.7,"0.19144615384615388,0.15696574074074074,0.1801939393939394,0.1,0.43,0.08919117382641367","0,0,0"
33.233333333333334,135,AV,1,0,0,72,2250.3510049999354,0.9,-33.233333333333334,"0.4814679487179489,0.32698589065255734,0.330997175141243,0.9,0.72,0.11118758437643748","0,0,0"
12.116666666666667,206,AV,1,0,0,33,3987.5502105766736,0.1,-12.116666666666667,"0.10861944444444444,0.11071523809523809,0.14191538461538458,0.1,0.33,0.19702085341739287","0,0,0"
21.383333333333333,280,AV,1,0,0,49,8987.033628468456,0.1,-21.383333333333333,"0.26874269005847956,0.20499551971326163,0.22309941520467838,0.1,0.49,0.4440403108844108","0,0,0"
26.45,73,AV,1,0,0,55,1234.5997004771,0.1,-26.45,"0.3527392473118281,0.2494921875,0.2654565217391305,0.1,0.55,0.06100033197617807","0,0,0"
13.183333333333334,117,AV,1,0,0,36,1945.516475481125,0.2,-13.183333333333334,"0.1368333333333333,0.12398200757575757,0.1555323383084577,0.2,0.36,0.09612601624932422","0,0,0"
4.95,28,AV,0,0,0,19,682.056612603955,0.2,-4.95,"0.06536792452830188,0.08093771043771043,0.112125,0.2,0.19,0.033699732617228556","0,0,0"
46.7,112,AV,0,0,0,69,1836.592480640456,0.2,-46.7,"0.46397878787878793,0.3164085714285715,0.3253190476190476,0.2,0.69,0.09074419099626069","0,0,0"
23.733333333333334,114,AV,1,0,0,50,1900.764377468582,0.4,-23.733333333333334,"0.29447023809523803,0.2183401559454191,0.23362100456621004,0.4,0.5,0.09391486000625965","0,0,0"
18.8,45,AV,1,0,0,46,902.2448599555772,0.1,-18.8,"0.22908333333333328,0.17802104377104377,0.2009548611111111,0.1,0.46,0.04457901290582028","0,0,0"
33.666666666666664,234,AV,1,0,0,76,4689.4303597647895,0.1,-33.666666666666664,"0.51862,0.33634642233856893,0.3388333333333333,0.1,0.76,0.2317000470794511","0,0,0"
12.933333333333334,1,AV,2,0,0,26,424.9057127261393,0.9,-12.933333333333334,"0.07999765258215963,0.09005621301775146,0.12332222222222221,0.9,0.26,0.02099416476842877","0,0,0"
33.63333333333333,143,AV,1,0,0,73,2398.572127464108,0.4,-33.63333333333333,"0.49649645390070907,0.33082910321489,0.3323482142857143,0.4,0.73,0.11851104126104732","0,0,0"
11.666666666666666,240,AV,1,0,0,31,4864.205776554158,0.3,-11.666666666666666,"0.10017424242424244,0.10419688109161793,0.13545238095238094,0.3,0.31,0.24033552499290464","0,0,0"
10.35,274,AV,1,0,0,24,7612.519032757181,0.4,-10.35,"0.0682512077294686,0.08431555555555555,0.11621568627450982,0.4,0.24,0.3761269243737155","0,0,0"
35.266666666666666,209,AV,1,0,0,80,4113.319853961603,0.1,-35.266666666666666,"0.5294166666666668,0.341794384057971,0.33977083333333336,0.1,0.8,0.20323500525627752","0,0,0"
27.45,216,AV,2,0,0,57,4227.85786318916,0.1,-27.45,"0.36769949494949494,0.26098306595365417,0.276354609929078,0.1,0.57,0.2088942133251532","0,0,0"
10.033333333333333,277,AV,1,0,0,27,8326.33528790118,0.3,-10.033333333333333,"0.08281884057971013,0.09215517241379309,0.123906432748538,0.3,0.27,0.41139586905023645","0,0,0"
14.266666666666667,174,AV,1,0,0,40,3017.17067826153,0.1,-14.266666666666667,"0.1637659574468085,0.13824621212121213,0.16706709956709961,0.1,0.4,0.14907537474018487","0,0,0"
17.333333333333332,270,AV,0,0,0,37,7177.938863287724,0.4,-17.333333333333332,"0.14546726190476192,0.1265818540433925,0.15754222222222225,0.4,0.37,0.35465475440829575","0,0,0"
16.05,288,AV,1,0,0,42,11185.875164713363,0.9,-16.05,"0.18213978494623653,0.15150862068965518,0.17952864583333333,0.9,0.42,0.5526828641120808","0,0,0"
27.466666666666665,97,AV,2,0,0,57,1587.6148581174584,0.1,-27.466666666666665,"0.36769949494949494,0.26098306595365417,0.276354609929078,0.1,0.57,0.07844245657766878","0,0,0"
18.633333333333333,93,AV,1,0,0,44,1530.6528609905624,0.4,-18.633333333333333,"0.20263333333333333,0.1672290598290598,0.18965925925925928,0.4,0.44,0.07562802147500029","0,0,0"
30.7,269,AV,2,0,0,65,6947.27484286379,0.2,-30.7,"0.4442513227513229,0.29610893854748604,0.30262931034482754,0.2,0.65,0.3432578766872154","0,0,0"
29.816666666666666,156,AV,1,0,0,61,2756.9260540590044,0.5,-29.816666666666666,"0.42172701149425296,0.281304143126177,0.28985641025641024,0.5,0.61,0.1362169490778143","0,0,0"
9.55,281,AV,1,0,0,25,8987.822610831106,0.1,-9.55,"0.07271666666666665,0.08669827586206896,0.12088690476190476,0.1,0.25,0.4440792937110115","0,0,0"
18.183333333333334,292,AV,1,0,0,44,13079.31179296209,0.1,-18.183333333333334,"0.20263333333333333,0.1672290598290598,0.18965925925925928,0.1,0.44,0.6462356673845856","0,0,0"
28.666666666666668,182,AV,1,0,0,60,3245.380745418587,0.8,-28.666666666666668,"0.40346892655367234,0.27628448275862066,0.28590796019900494,0.8,0.6,0.16035100509349434","0,0,0"
30.25,295,AV,1,0,0,63,13748.957190518822,0.1,-30.25,"0.4328196721311475,0.28851992753623196,0.2944787878787879,0.1,0.63,0.6793221743240372","0,0,0"
8.683333333333334,195,AV,1,0,0,22,3654.013033637752,0.1,-8.683333333333334,"0.06486011904761904,0.08252279202279203,0.11525675675675677,0.1,0.22,0.18054111629141673","0,0,0"
31.883333333333333,53,AV,1,0,0,67,979.573716991658,0.2,-31.883333333333333,"0.4576202185792349,0.30909386973180075,0.31931538461538467,0.2,0.67,0.048399754113449336","0,0,0"
35.45,255,AV,1,0,0,96,5825.994272151124,0.9,-35.45,"0.5374205128205127,0.3520758426966292,0.3533567251461988,0.9,0.96,0.28785652916908544","0,0,0"
18.783333333333335,257,AV,0,0,0,40,5862.8833826120845,0.2,-18.783333333333335,"0.1637659574468085,0.13824621212121213,0.16706709956709961,0.2,0.4,0.28967918308966784","0,0,0"
21.016666666666666,152,AV,2,0,0,48,2648.588416164911,0.9,-21.016666666666666,"0.2489679487179487,0.18988132635253052,0.20967836257309946,0.9,0.48,0.13086409513292768","0,0,0"
27.066666666666666,74,AV,1,0,0,57,1261.43865123121,0.7,-27.066666666666666,"0.36769949494949494,0.26098306595365417,0.276354609929078,0.7,0.57,0.06232641759345169","0,0,0"
13.15,122,AV,1,0,0,35,2033.019749384408,0.4,-13.15,"0.12791379310344825,0.11947551789077213,0.1496666666666667,0.4,0.35,0.10044946518183244","0,0,0"
30.15,129,AV,2,0,0,64,2158.6935677652164,0.1,-30.15,"0.44345238095238093,0.29216011235955053,0.29845197740112994,0.1,0.64,0.10665888240344744","0,0,0"
32.3,154,AV,1,0,0,67,2744.255474143275,0.2,-32.3,"0.4576202185792349,0.30909386973180075,0.31931538461538467,0.2,0.67,0.13559090844222083","0,0,0"
44.916666666666664,168,AV,0,0,0,67,2909.5116230827134,0.3,-44.916666666666664,"0.4576202185792349,0.30909386973180075,0.31931538461538467,0.3,0.67,0.14375604888613547","0,0,0"
15.45,32,AV,0,0,0,36,761.8437659652793,0.3,-15.45,"0.1368333333333333,0.12398200757575757,0.1555323383084577,0.3,0.36,0.03764193577878302","0,0,0"
44.86666666666667,140,AV,0,0,0,65,2347.541384251396,0.5,-44.86666666666667,"0.4442513227513229,0.29610893854748604,0.30262931034482754,0.5,0.65,0.11598966346080683","0,0,0"
19.916666666666668,199,AV,1,0,0,48,3783.636689084741,0.1,-19.916666666666668,"0.2489679487179487,0.18988132635253052,0.20967836257309946,0.1,0.48,0.18694569099783895","0,0,0"
11.55,173,AV,1,0,0,29,2996.640782499388,0.2,-11.55,"0.08859523809523809,0.09637719298245612,0.12925757575757577,0.2,0.29,0.14806101319737625","0,0,0"
39.56666666666667,244,AV,0,0,0,58,4950.268578812107,0.1,-39.56666666666667,"0.37910052910052905,0.2662108655616943,0.2795744047619048,0.1,0.58,0.24458780166728444","0,0,0"
20.133333333333333,26,AV,1,0,0,48,658.4091024775607,0.9,-20.133333333333333,"0.2489679487179487,0.18988132635253052,0.20967836257309946,0.9,0.48,0.032531332877974904","0,0,0"
28.7,78,AV,2,0,0,61,1323.5149786113286,0.1,-28.7,"0.42172701149425296,0.281304143126177,0.28985641025641024,0.1,0.61,0.06539354662044386","0,0,0"
30.866666666666667,17,AV,1,0,0,64,600.3305173079323,0.2,-30.866666666666667,"0.44345238095238093,0.29216011235955053,0.29845197740112994,0.2,0.64,0.029661728280885674","0,0,0"
48.46666666666667,35,AV,0,0,0,69,777.0630287344238,0.8,-48.46666666666667,"0.46397878787878793,0.3164085714285715,0.3253190476190476,0.8,0.69,0.03839390427593374","0,0,0"
29.166666666666668,249,AV,0,0,0,50,5341.061461458292,0.1,-29.166666666666668,"0.29447023809523803,0.2183401559454191,0.23362100456621004,0.1,0.5,0.26389648574207625","0,0,0"
32.8,19,AV,0,0,0,52,616.3739675020589,0.2,-32.8,"0.30654615384615386,0.23167450980392157,0.24633846153846153,0.2,0.52,0.030454419051430016","0,0,0"
41.31666666666667,90,AV,0,0,0,60,1527.6889462703334,0.5,-41.31666666666667,"0.40346892655367234,0.27628448275862066,0.28590796019900494,0.5,0.6,0.07548157742369105","0,0,0"
48.5,82,AV,0,0,0,70,1447.5744631551047,0.1,-48.5,"0.46776530612244904,0.3221393442622951,0.3298039215686275,0.1,0.7,0.07152320122755207","0,0,0"
10.55,96,AV,1,0,0,29,1573.7150367511856,0.1,-10.55,"0.08859523809523809,0.09637719298245612,0.12925757575757577,0.1,0.29,0.07775568035585004","0,0,0"
27.133333333333333,256,AV,2,0,0,53,5849.7981009167725,0.2,-27.133333333333333,"0.3212380952380952,0.23986185383244207,0.2585818713450292,0.2,0.53,0.28903265245540044","0,0,0"
43.21666666666667,246,AV,0,0,0,63,5064.807770076448,0.2,-43.21666666666667,"0.4328196721311475,0.28851992753623196,0.2944787878787879,0.2,0.63,0.25024706813941117","0,0,0"
24.1,123,AV,1,0,0,50,2078.9202215407213,0.2,-24.1,"0.29447023809523803,0.2183401559454191,0.23362100456621004,0.2,0.5,0.10271736143866485","0,0,0"
32.7,273,AV,1,0,0,69,7511.51421120444,0.1,-32.7,"0.46397878787878793,0.3164085714285715,0.3253190476190476,0.1,0.69,0.3711363775239707","0,0,0"
23.483333333333334,102,AV,1,0,0,50,1635.9686818612918,0.2,-23.483333333333334,"0.29447023809523803,0.2183401559454191,0.23362100456621004,0.2,0.5,0.08083157047389894","0,0,0"
33.55,191,AV,2,0,0,70,3523.1638559153366,0.3,-33.55,"0.46776530612244904,0.3221393442622951,0.3298039215686275,0.3,0.7,0.1740759897594787","0,0,0"
36.36666666666667,136,AV,2,0,0,92,2255.9253983027734,0.4,-36.36666666666667,"0.5351038251366119,0.35000905797101445,0.3495121212121212,0.4,0.92,0.11146300955425625","0,0,0"
27.8,47,AV,1,0,0,58,913.5589076746268,0.1,-27.8,"0.37910052910052905,0.2662108655616943,0.2795744047619048,0.1,0.58,0.04513802864718944","0,0,0"
22.716666666666665,128,AV,2,0,0,48,2139.4702648744856,0.1,-22.716666666666665,"0.2489679487179487,0.18988132635253052,0.20967836257309946,0.1,0.48,0.10570907830292801","0,0,0"
32.63333333333333,287,AV,1,0,0,68,11049.706566164488,0.1,-32.63333333333333,"0.4631468926553673,0.31422916666666667,0.3244333333333334,0.1,0.68,0.5459549103364543","0,0,0"
25.7,210,AV,0,0,0,46,4116.183110063293,0.1,-25.7,"0.22908333333333328,0.17802104377104377,0.2009548611111111,0.1,0.46,0.2033764758662804","0,0,0"
29.95,232,AV,1,0,0,62,4660.29795945294,0.1,-29.95,"0.4261190476190476,0.28605965909090914,0.29354098360655734,0.1,0.62,0.23026064442157015","0,0,0"
17.533333333333335,299,AV,2,0,0,40,20239.22920549412,0.4,-17.533333333333335,"0.1637659574468085,0.13824621212121213,0.16706709956709961,0.4,0.4,1.0","0,0,0"
35.78333333333333,43,AV,2,0,0,97,857.6590975250949,0.4,-35.78333333333333,"0.5380966183574878,0.3526007751937985,0.3546610169491525,0.4,0.97,0.04237607513690668","0,0,0"
31.7,263,AV,1,0,0,66,6130.868263041086,0.4,-31.7,"0.45629894179894187,0.3045259259259259,0.3118421052631579,0.4,0.66,0.3029200470429381","0,0,0"
8.45,23,AV,0,0,0,25,636.6552097563458,0.1,-8.45,"0.07271666666666665,0.08669827586206896,0.12088690476190476,0.1,0.25,0.03145649487400044","0,0,0"
15.933333333333334,5,AV,1,0,0,41,491.0984231068265,0.4,-15.933333333333334,"0.17794771241830065,0.1450285451197054,0.1706176470588235,0.4,0.41,0.024264680147676444","0,0,0"
35.81666666666667,291,AV,2,0,0,82,12051.378145129962,0.7,-35.81666666666667,"0.5386603773584906,0.34600526315789465,0.3444210526315789,0.7,0.82,0.5954464976293913","0,0,0"
21.433333333333334,172,AV,2,0,0,47,2991.769966736588,0.1,-21.433333333333334,"0.23988271604938266,0.18532801418439718,0.20498850574712646,0.1,0.47,0.14782035107959768","0,0,0"
34.266666666666666,243,AV,1,0,0,73,4925.450001742355,0.2,-34.266666666666666,"0.49649645390070907,0.33082910321489,0.3323482142857143,0.2,0.73,0.24336154068581314","0,0,0"
28.766666666666666,44,AV,1,0,0,59,898.3728471886773,0.3,-28.766666666666666,"0.3904270833333333,0.27314161849710983,0.2849761904761905,0.3,0.59,0.044387700641524724","0,0,0"
34.333333333333336,160,AV,1,0,0,77,2780.081336731352,0.2,-34.333333333333336,"0.5257932098765432,0.34006929824561405,0.3398363095238095,0.2,0.77,0.1373610283526348","0,0,0"
17.25,233,AV,0,0,0,39,4687.914961676448,0.2,-17.25,"0.1564104938271605,0.13464595103578156,0.16082608695652176,0.2,0.39,0.23162517278098077","0,0,0"
29.25,237,AV,1,0,0,60,4756.448820673547,0.7,-29.25,"0.40346892655367234,0.27628448275862066,0.28590796019900494,0.7,0.6,0.23501136196344702","0,0,0"
16.833333333333332,8,AV,1,0,0,43,508.6019702527906,0.2,-16.833333333333332,"0.19144615384615388,0.15696574074074074,0.1801939393939394,0.2,0.43,0.025129512843044734","0,0,0"
33.36666666666667,62,AV,2,0,0,69,1059.8377785859489,0.1,-33.36666666666667,"0.46397878787878793,0.3164085714285715,0.3253190476190476,0.1,0.69,0.052365520832099985","0,0,0"
21.65,229,AV,1,0,0,49,4609.601315671212,0.6,-21.65,"0.26874269005847956,0.20499551971326163,0.22309941520467838,0.6,0.49,0.2277557741388637","0,0,0"
34.516666666666666,55,AV,2,0,0,81,1011.0784796502788,0.1,-34.516666666666666,"0.5329030303030305,0.34378253119429586,0.342566091954023,0.1,0.81,0.04995637281363524","0,0,0"
30.833333333333332,165,AV,1,0,0,63,2853.537244729806,0.5,-30.833333333333332,"0.4328196721311475,0.28851992753623196,0.2944787878787879,0.5,0.63,0.14099041103577145","0,0,0"
34.2,92,AV,2,0,0,79,1530.0661682302475,0.1,-34.2,"0.5267868852459017,0.3412927927927928,0.3398333333333333,0.1,0.79,0.07559903357460358","0,0,0"
23.066666666666666,189,AV,2,0,0,48,3465.4556083993225,0.1,-23.066666666666666,"0.2489679487179487,0.18988132635253052,0.20967836257309946,0.1,0.48,0.17122468317412964","0,0,0"
28.65,186,AV,1,0,0,58,3386.12741774329,0.4,-28.65,"0.37910052910052905,0.2662108655616943,0.2795744047619048,0.4,0.58,0.16730515689916173","0,0,0"
53.55,24,AV,0,0,0,76,640.5426603936758,0.2,-53.55,"0.51862,0.33634642233856893,0.3388333333333333,0.2,0.76,0.03164856990797825","0,0,0"
24.933333333333334,68,AV,2,0,0,50,1129.1321270070612,0.1,-24.933333333333334,"0.29447023809523803,0.2183401559454191,0.23362100456621004,0.1,0.5,0.05578928503366858","0,0,0"
12.666666666666666,33,AV,1,0,0,33,767.6170681366935,0.1,-12.666666666666666,"0.10861944444444444,0.11071523809523809,0.14191538461538458,0.1,0.33,0.03792718884414417","0,0,0"
28.95,148,AV,1,0,0,59,2520.757475212996,0.8,-28.95,"0.3904270833333333,0.27314161849710983,0.2849761904761905,0.8,0.59,0.12454809665027725","0,0,0"
8.466666666666667,278,AV,0,0,0,29,8493.635575370567,0.2,-8.466666666666667,"0.08859523809523809,0.09637719298245612,0.12925757575757577,0.2,0.29,0.41966200832712014","0,0,0"
51.8,283,AV,0,0,0,75,9667.367812467324,0.5,-51.8,"0.5133090277777776,0.3360752136752137,0.3383216374269006,0.5,0.75,0.4776549400331427","0,0,0"
37.916666666666664,115,AV,0,0,0,57,1927.298426803608,0.1,-37.916666666666664,"0.36769949494949494,0.26098306595365417,0.276354609929078,0.1,0.57,0.09522588075045987","0,0,0"
20.333333333333332,65,AV,1,0,0,48,1089.3140785512585,0.1,-20.333333333333332,"0.2489679487179487,0.18988132635253052,0.20967836257309946,0.1,0.48,0.05382191522667051","0,0,0"
18.583333333333332,276,AV,2,0,0,41,8029.700924090037,0.1,-18.583333333333332,"0.17794771241830065,0.1450285451197054,0.1706176470588235,0.1,0.41,0.39673946287985623","0,0,0"
34.71666666666667,20,AV,2,0,0,94,626.2908344343901,0.2,-34.71666666666667,"0.5386161616161615,0.35117419962335206,0.3527163742690058,0.2,0.94,0.030944401492541913","0,0,0"
31.4,192,AV,1,0,0,65,3558.5090095449787,0.1,-31.4,"0.4442513227513229,0.29610893854748604,0.30262931034482754,0.1,0.65,0.17582235832276605","0,0,0"
15.35,221,AV,2,0,0,37,4376.119511966378,0.1,-15.35,"0.14546726190476192,0.1265818540433925,0.15754222222222225,0.1,0.37,0.2162196725742125","0,0,0"
13.866666666666667,14,AV,2,0,0,34,583.3206434887895,0.9,-13.866666666666667,"0.1225939393939394,0.1169096834264432,0.14957828282828284,0.9,0.34,0.028821287489073047","0,0,0"
50.016666666666666,296,AV,0,0,0,70,15387.119225735782,0.3,-50.016666666666666,"0.46776530612244904,0.3221393442622951,0.3298039215686275,0.3,0.7,0.7602621161856702","0,0,0"
15.1,21,AV,1,0,0,39,627.4062491148882,0.1,-15.1,"0.1564104938271605,0.13464595103578156,0.16082608695652176,0.1,0.39,0.0309995130123124","0,0,0"
21.483333333333334,12,AV,1,0,0,49,567.9518330451218,0.7,-21.483333333333334,"0.26874269005847956,0.20499551971326163,0.22309941520467838,0.7,0.49,0.028061929991431995","0,0,0"
21.816666666666666,196,AV,1,0,0,49,3724.6301341612702,0.1,-21.816666666666666,"0.26874269005847956,0.20499551971326163,0.22309941520467838,0.1,0.49,0.1840302363466582","0,0,0"
26.533333333333335,231,AV,1,0,0,54,4645.51881630073,0.3,-26.533333333333335,"0.33939303482587063,0.24453734061930785,0.2602766666666667,0.3,0.54,0.2295304217929239","0,0,0"
18.4,183,AV,1,0,0,44,3323.1633986738134,0.2,-18.4,"0.20263333333333333,0.1672290598290598,0.18965925925925928,0.2,0.44,0.16419416791681526","0,0,0"
8.916666666666666,250,AV,1,0,0,23,5354.15698790508,0.2,-8.916666666666666,"0.06585792349726777,0.08328233830845772,0.11599259259259259,0.2,0.23,0.26454352255923097","0,0,0"
28.733333333333334,242,AV,1,0,0,58,4924.983441788647,0.2,-28.733333333333334,"0.37910052910052905,0.2662108655616943,0.2795744047619048,0.2,0.58,0.24333848842680805","0,0,0"
31.083333333333332,145,AV,0,0,0,50,2472.005569054355,0.4,-31.083333333333332,"0.29447023809523803,0.2183401559454191,0.23362100456621004,0.4,0.5,0.12213931390150505","0,0,0"
17.35,285,AV,1,0,0,43,10751.672106064549,0.4,-17.35,"0.19144615384615388,0.15696574074074074,0.1801939393939394,0.4,0.43,0.5312293268137855","0,0,0"
9.316666666666666,267,AV,1,0,0,24,6563.608435155774,0.3,-9.316666666666666,"0.0682512077294686,0.08431555555555555,0.11621568627450982,0.3,0.24,0.3243013045859485","0,0,0"
13.616666666666667,166,AV,1,0,0,38,2857.8751728516777,0.2,-13.616666666666667,"0.15405847953216376,0.13012843137254898,0.15984931506849315,0.2,0.38,0.14120474371009553","0,0,0"
11.583333333333334,134,AV,2,0,0,16,2239.194506681481,0.3,-11.583333333333334,"0.059853658536585364,0.07862731481481482,0.11021212121212123,0.3,0.16,0.11063635299281217","0,0,0"
15.15,286,AV,1,0,0,40,10783.100237376317,0.2,-15.15,"0.1637659574468085,0.13824621212121213,0.16706709956709961,0.2,0.4,0.5327821592360418","0,0,0"
20.5,64,AV,0,0,0,41,1083.524948441525,0.1,-20.5,"0.17794771241830065,0.1450285451197054,0.1706176470588235,0.1,0.41,0.053535880118764236","0,0,0"
16.883333333333333,214,AV,1,0,0,43,4200.245935785981,0.1,-16.883333333333333,"0.19144615384615388,0.15696574074074074,0.1801939393939394,0.1,0.43,0.2075299357075212","0,0,0"
29.683333333333334,159,AV,1,0,0,61,2767.495209174315,0.1,-29.683333333333334,"0.42172701149425296,0.281304143126177,0.28985641025641024,0.1,0.61,0.1367391604233156","0,0,0"
13.616666666666667,170,AV,1,0,0,36,2946.490055333797,0.1,-13.616666666666667,"0.1368333333333333,0.12398200757575757,0.1555323383084577,0.1,0.36,0.1455831161067115","0,0,0"
13.133333333333333,36,AV,1,0,0,33,779.0639592631991,0.3,-13.133333333333333,"0.10861944444444444,0.11071523809523809,0.14191538461538458,0.3,0.33,0.0384927682449347","0,0,0"
10.833333333333334,124,AV,2,0,0,15,2105.159940183184,0.6,-10.833333333333334,"0.05624404761904762,0.07671527777777779,0.10973809523809523,0.6,0.15,0.10401383959877876","0,0,0"
25.233333333333334,144,AV,1,0,0,53,2421.0391237858234,0.4,-25.233333333333334,"0.3212380952380952,0.23986185383244207,0.2585818713450292,0.4,0.53,0.1196211129981477","0,0,0"
5.066666666666666,175,AV,0,0,0,5,3031.4508351358254,0.1,-5.066666666666666,"0.0,0.0,0.0,0.1,0.05,0.14978094295769478","0,0,0"
34.88333333333333,289,AV,1,0,0,76,11515.391842589095,0.1,-34.88333333333333,"0.51862,0.33634642233856893,0.3388333333333333,0.1,0.76,0.5689639524149042","0,0,0"
19.35,54,AV,1,0,0,46,985.0802174553831,0.4,-19.35,"0.22908333333333328,0.17802104377104377,0.2009548611111111,0.4,0.46,0.04867182477423469","0,0,0"
16.466666666666665,121,AV,2,0,0,41,2030.86588445069,0.4,-16.466666666666665,"0.17794771241830065,0.1450285451197054,0.1706176470588235,0.4,0.41,0.10034304487739054","0,0,0"
32.016666666666666,188,AV,2,0,0,67,3458.1247672483346,0.1,-32.016666666666666,"0.4576202185792349,0.30909386973180075,0.31931538461538467,0.1,0.67,0.17086247367116114","0,0,0"
8.883333333333333,161,AV,1,0,0,22,2797.307504072895,0.4,-8.883333333333333,"0.06486011904761904,0.08252279202279203,0.11525675675675677,0.4,0.22,0.13821215599028547","0,0,0"
10.65,230,AV,1,0,0,29,4635.813442599864,0.1,-10.65,"0.08859523809523809,0.09637719298245612,0.12925757575757577,0.1,0.29,0.22905088902009327","0,0,0"
29.4,217,AV,1,0,0,60,4237.057085974603,0.2,-29.4,"0.40346892655367234,0.27628448275862066,0.28590796019900494,0.2,0.6,0.20934873768929974","0,0,0"
26.85,204,AV,1,0,0,55,3919.41152379869,0.9,-26.85,"0.3527392473118281,0.2494921875,0.2654565217391305,0.9,0.55,0.1936541892976206","0,0,0"
23.816666666666666,80,AV,1,0,0,50,1386.7650627050614,0.8,-23.816666666666666,"0.29447023809523803,0.2183401559454191,0.23362100456621004,0.8,0.5,0.0685186697885022","0,0,0"
19.95,142,AV,1,0,0,47,2392.7441380289174,0.5,-19.95,"0.23988271604938266,0.18532801418439718,0.20498850574712646,0.5,0.47,0.1182230861528751","0,0,0"
14.933333333333334,59,AV,1,0,0,40,1025.7249596144625,0.3,-14.933333333333334,"0.1637659574468085,0.13824621212121213,0.16706709956709961,0.3,0.4,0.050680040687321244","0,0,0"
13.666666666666666,76,AV,0,0,0,35,1297.4303329633815,0.4,-13.666666666666666,"0.12791379310344825,0.11947551789077213,0.1496666666666667,0.4,0.35,0.06410473046133508","0,0,0"
8.683333333333334,86,AV,1,0,0,18,1503.4428459110418,0.3,-8.683333333333334,"0.06446938775510205,0.08023703703703705,0.11148076923076924,0.3,0.18,0.07428360194186243","0,0,0"
12.533333333333333,0,AV,2,0,0,15,388.2787303527966,0.1,-12.533333333333333,"0.05624404761904762,0.07671527777777779,0.10973809523809523,0.1,0.15,0.01918446233354553","0,0,0"
31.233333333333334,245,AV,1,0,0,65,4959.361066312568,0.2,-31.233333333333334,"0.4442513227513229,0.29610893854748604,0.30262931034482754,0.2,0.65,0.24503705234813514","0,0,0"
16.466666666666665,198,AV,1,0,0,42,3778.090807703549,0.1,-16.466666666666665,"0.18213978494623653,0.15150862068965518,0.17952864583333333,0.1,0.42,0.18667167456544997","0,0,0"
19.816666666666666,238,AV,2,0,0,45,4818.617258984985,0.8,-19.816666666666666,"0.22337962962962962,0.17399323181049067,0.19801020408163264,0.8,0.45,0.2380830420990997","0,0,0"
32.06666666666667,150,AV,1,0,0,66,2538.843693606908,0.1,-32.06666666666667,"0.45629894179894187,0.3045259259259259,0.3118421052631579,0.1,0.66,0.12544171854715278","0,0,0"
19.083333333333332,83,AV,1,0,0,46,1454.957177165027,0.9,-19.083333333333332,"0.22908333333333328,0.17802104377104377,0.2009548611111111,0.9,0.46,0.07188797371641335","0,0,0"
6.733333333333333,178,AV,0,0,0,23,3097.4575811220984,0.3,-6.733333333333333,"0.06585792349726777,0.08328233830845772,0.11599259259259259,0.3,0.23,0.15304227002287546","0,0,0"
24.05,104,AV,1,0,0,50,1649.648602545546,0.4,-24.05,"0.29447023809523803,0.2183401559454191,0.23362100456621004,0.4,0.5,0.08150748162374356","0,0,0"
17.783333333333335,197,AV,1,0,0,43,3759.463069718096,0.4,-17.783333333333335,"0.19144615384615388,0.15696574074074074,0.1801939393939394,0.4,0.43,0.18575129672910448","0,0,0"
25.5,181,AV,1,0,0,54,3197.7177395395383,0.2,-25.5,"0.33939303482587063,0.24453734061930785,0.2602766666666667,0.2,0.54,0.15799602381455757","0,0,0"
23.683333333333334,194,AV,2,0,0,49,3608.770587345788,0.7,-23.683333333333334,"0.26874269005847956,0.20499551971326163,0.22309941520467838,0.7,0.49,0.17830573243205106","0,0,0"
12.233333333333333,37,AV,1,0,0,33,779.2240782816187,0.1,-12.233333333333333,"0.10861944444444444,0.11071523809523809,0.14191538461538458,0.1,0.33,0.038500679564916006","0,0,0"
31.1,11,AV,0,0,0,50,566.7055292848979,0.2,-31.1,"0.29447023809523803,0.2183401559454191,0.23362100456621004,0.2,0.5,0.02800035137361163","0,0,0"
15.933333333333334,13,AV,1,0,0,40,572.7967315704935,0.8,-15.933333333333334,"0.1637659574468085,0.13824621212121213,0.16706709956709961,0.8,0.4,0.02830131156452355","0,0,0"
34.86666666666667,226,AV,1,0,0,80,4547.885280126284,0.2,-34.86666666666667,"0.5294166666666668,0.341794384057971,0.33977083333333336,0.2,0.8,0.2247064467698068","0,0,0"
21.833333333333332,176,AV,1,0,0,49,3032.1279287666234,0.1,-21.833333333333332,"0.26874269005847956,0.20499551971326163,0.22309941520467838,0.1,0.49,0.14981439747436257","0,0,0"
43.15,52,AV,0,0,0,64,978.4447105201264,0.1,-43.15,"0.44345238095238093,0.29216011235955053,0.29845197740112994,0.1,0.64,0.04834397103692658","0,0,0"
12.066666666666666,171,AV,1,0,0,32,2969.8754393798326,0.3,-12.066666666666666,"0.10304228855721392,0.10619942196531794,0.1384777777777778,0.3,0.32,0.1467385644594426","0,0,0"
10.2,163,AV,1,0,0,27,2818.3733061874163,0.1,-10.2,"0.08281884057971013,0.09215517241379309,0.123906432748538,0.1,0.27,0.13925299612805134","0,0,0"
27.333333333333332,169,AV,0,0,0,49,2909.8477340427667,0.1,-27.333333333333332,"0.26874269005847956,0.20499551971326163,0.22309941520467838,0.1,0.49,0.1437726557913017","0,0,0"
41.31666666666667,50,AV,0,0,0,62,943.1907669438916,0.1,-41.31666666666667,"0.4261190476190476,0.28605965909090914,0.29354098360655734,0.1,0.62,0.046602109070826375","0,0,0"
19.5,16,AV,1,0,0,47,595.9176043698985,0.3,-19.5,"0.23988271604938266,0.18532801418439718,0.20498850574712646,0.3,0.47,0.029443690682060725","0,0,0"
22.666666666666668,187,AV,1,0,0,49,3393.6426315430986,0.1,-22.666666666666668,"0.26874269005847956,0.20499551971326163,0.22309941520467838,0.1,0.49,0.16767647606964517","0,0,0"
27.033333333333335,91,AV,2,0,0,53,1528.3774584247917,0.1,-27.033333333333335,"0.3212380952380952,0.23986185383244207,0.2585818713450292,0.1,0.53,0.07551559611815158","0,0,0"
22.45,113,AV,2,0,0,48,1848.7234685638712,0.3,-22.45,"0.2489679487179487,0.18988132635253052,0.20967836257309946,0.3,0.48,0.09134357093312716","0,0,0"
34.416666666666664,153,AV,0,0,0,53,2675.3892374750885,0.9,-34.416666666666664,"0.3212380952380952,0.23986185383244207,0.2585818713450292,0.9,0.53,0.13218829681264888","0,0,0"
20.316666666666666,264,AV,2,0,0,46,6230.691172258436,0.2,-20.316666666666666,"0.22908333333333328,0.17802104377104377,0.2009548611111111,0.2,0.46,0.3078521967905309","0,0,0"
33.483333333333334,118,AV,1,0,0,69,1950.0200213032829,0.1,-33.483333333333334,"0.46397878787878793,0.3164085714285715,0.3253190476190476,0.1,0.69,0.09634853192798135","0,0,0"
27.833333333333332,100,AV,1,0,0,56,1594.6992934726818,0.7,-27.833333333333332,"0.36523989898989906,0.2576515151515151,0.2715815602836879,0.7,0.56,0.07879249141759738","0,0,0"
27.233333333333334,79,AV,2,0,0,57,1348.5865378412918,0.2,-27.233333333333334,"0.36769949494949494,0.26098306595365417,0.276354609929078,0.2,0.57,0.0666323071965214","0,0,0"
36.083333333333336,27,AV,0,0,0,54,676.2529471816457,0.6,-36.083333333333336,"0.33939303482587063,0.24453734061930785,0.2602766666666667,0.6,0.54,0.033412979334117666","0,0,0"
22.55,69,AV,0,0,0,42,1141.0395517097602,0.5,-22.55,"0.18213978494623653,0.15150862068965518,0.17952864583333333,0.5,0.42,0.056377618936200136","0,0,0"
12.6,241,AV,2,0,0,26,4889.272753955773,0.2,-12.6,"0.07999765258215963,0.09005621301775146,0.12332222222222221,0.2,0.26,0.24157405918544247","0,0,0"
28.2,126,AV,2,0,0,60,2108.868816674547,0.2,-28.2,"0.40346892655367234,0.27628448275862066,0.28590796019900494,0.2,0.6,0.10419709146344741","0,0,0"
22.166666666666668,25,AV,1,0,0,49,650.412147456106,0.4,-22.166666666666668,"0.26874269005847956,0.20499551971326163,0.22309941520467838,0.4,0.49,0.03213621135727569","0,0,0"
22.716666666666665,252,AV,1,0,0,49,5502.789496653042,0.1,-22.716666666666665,"0.26874269005847956,0.20499551971326163,0.22309941520467838,0.1,0.49,0.27188730562719554","0,0,0"
23.933333333333334,31,AV,1,0,0,50,743.7818724069466,0.3,-23.933333333333334,"0.29447023809523803,0.2183401559454191,0.23362100456621004,0.3,0.5,0.03674951574761752","0,0,0"
20.4,290,AV,1,0,0,48,11940.25564443948,0.3,-20.4,"0.2489679487179487,0.18988132635253052,0.20967836257309946,0.3,0.48,0.5899560464090298","0,0,0"
20.533333333333335,218,AV,1,0,0,48,4266.216809230351,0.9,-20.533333333333335,"0.2489679487179487,0.18988132635253052,0.20967836257309946,0.9,0.48,0.2107894903464134","0,0,0"
11.283333333333333,88,AV,1,0,0,28,1517.942512651984,0.9,-11.283333333333333,"0.08525373134328357,0.09379881656804734,0.12533854166666664,0.9,0.28,0.07500001592155126","0,0,0"
26.8,177,AV,1,0,0,55,3064.640983136323,0.9,-26.8,"0.3527392473118281,0.2494921875,0.2654565217391305,0.9,0.55,0.1514208348559242","0,0,0"
33.666666666666664,215,AV,1,0,0,73,4223.122456076251,0.1,-33.666666666666664,"0.49649645390070907,0.33082910321489,0.3323482142857143,0.1,0.73,0.20866024161284988","0,0,0"
30.7,279,AV,2,0,0,62,8981.750106371177,0.1,-30.7,"0.4261190476190476,0.28605965909090914,0.29354098360655734,0.1,0.62,0.4437792573608979","0,0,0"
17.15,87,AV,1,0,0,43,1507.5005543882637,0.1,-17.15,"0.19144615384615388,0.15696574074074074,0.1801939393939394,0.1,0.43,0.07448408924481369","0,0,0"
16.283333333333335,227,AV,2,0,0,33,4549.070920567666,0.2,-16.283333333333335,"0.10861944444444444,0.11071523809523809,0.14191538461538458,0.2,0.33,0.22476502807393375","0,0,0"
31.7,261,AV,2,0,0,72,6007.794801579103,0.1,-31.7,"0.4814679487179489,0.32698589065255734,0.330997175141243,0.1,0.72,0.29683911084658465","0,0,0"
13.3,106,AV,1,0,0,36,1664.0464513081895,0.4,-13.3,"0.1368333333333333,0.12398200757575757,0.1555323383084577,0.4,0.36,0.08221886487932402","0,0,0"
53.266666666666666,225,AV,0,0,0,92,4504.939201911708,0.3,-53.266666666666666,"0.5351038251366119,0.35000905797101445,0.3495121212121212,0.3,0.92,0.2225845241521748","0,0,0"
51.733333333333334,297,AV,0,0,0,74,16390.717038727882,0.1,-51.733333333333334,"0.5084444444444444,0.33427083333333335,0.33814242424242424,0.1,0.74,0.8098488767684134","0,0,0"
23.55,119,AV,2,0,0,48,1986.5043233563797,0.1,-23.55,"0.2489679487179487,0.18988132635253052,0.20967836257309946,0.1,0.48,0.09815118467145603","0,0,0"
7.866666666666666,15,AV,1,0,0,10,591.6693204447811,0.1,-7.866666666666666,"0.05098809523809524,0.07201388888888889,0.10352380952380953,0.1,0.1,0.02923378723751827","0,0,0"
37.95,213,AV,0,0,0,57,4164.701887555128,0.6,-37.95,"0.36769949494949494,0.26098306595365417,0.276354609929078,0.6,0.57,0.20577373996162773","0,0,0"
16.4,185,AV,2,0,0,35,3368.9508766880413,0.1,-16.4,"0.12791379310344825,0.11947551789077213,0.1496666666666667,0.1,0.35,0.16645648124650464","0,0,0"
24.25,146,AV,0,0,0,44,2486.38103050259,0.4,-24.25,"0.20263333333333333,0.1672290598290598,0.18965925925925928,0.4,0.44,0.12284959102235175","0,0,0"
25.233333333333334,205,AV,1,0,0,52,3942.222625638348,0.3,-25.233333333333334,"0.30654615384615386,0.23167450980392157,0.24633846153846153,0.3,0.52,0.19478126294296802","0,0,0"
32.266666666666666,282,AV,2,0,0,65,9095.945853089892,0.9,-32.266666666666666,"0.4442513227513229,0.29610893854748604,0.30262931034482754,0.9,0.65,0.44942155458275634","0,0,0"
32.55,30,AV,1,0,0,66,743.7553910389753,0.4,-32.55,"0.45629894179894187,0.3045259259259259,0.3118421052631579,0.4,0.66,0.036748207329806624","0,0,0"
7.866666666666666,162,AV,1,0,0,7,2815.231094880572,0.3,-7.866666666666666,"0.05066666666666667,0.070125,0.10379166666666667,0.3,0.07,0.1390977426213619","0,0,0"
34.05,149,AV,1,0,0,74,2533.2754137277425,0.1,-34.05,"0.5084444444444444,0.33427083333333335,0.33814242424242424,0.1,0.74,0.12516659542746134","0,0,0"
20.833333333333332,224,AV,1,0,0,48,4434.023444374438,0.1,-20.833333333333332,"0.2489679487179487,0.18988132635253052,0.20967836257309946,0.1,0.48,0.21908064775365965","0,0,0"
24.233333333333334,248,AV,0,0,0,45,5307.329693361759,0.1,-24.233333333333334,"0.22337962962962962,0.17399323181049067,0.19801020408163264,0.1,0.45,0.2622298329385507","0,0,0"
22.9,125,AV,1,0,0,49,2105.6010448069283,0.1,-22.9,"0.26874269005847956,0.20499551971326163,0.22309941520467838,0.1,0.49,0.104035634135481","0,0,0"
11.35,272,AV,1,0,0,30,7336.658338656486,0.5,-11.35,"0.09646464646464645,0.10164772727272725,0.1336580459770115,0.5,0.3,0.3624969243722426","0,0,0"
14.816666666666666,258,AV,1,0,0,39,5882.279762541917,0.4,-14.816666666666666,"0.1564104938271605,0.13464595103578156,0.16082608695652176,0.4,0.39,0.29063753875296394","0,0,0"
24.683333333333334,3,AV,1,0,0,50,437.8567856598078,0.1,-24.683333333333334,"0.29447023809523803,0.2183401559454191,0.23362100456621004,0.1,0.5,0.021634064282494894","0,0,0"
12.166666666666666,180,AV,0,0,0,32,3158.0604616132755,0.1,-12.166666666666666,"0.10304228855721392,0.10619942196531794,0.1384777777777778,0.1,0.32,0.1560365975180513","0,0,0"
27.166666666666668,108,AV,1,0,0,55,1684.196745492046,0.2,-27.166666666666668,"0.3527392473118281,0.2494921875,0.2654565217391305,0.2,0.55,0.08321447068917306","0,0,0"
35.4,260,AV,1,0,0,84,5960.007005011629,0.2,-35.4,"0.5375,0.3467848324514992,0.34516060606060606,0.2,0.84,0.29447796378499097","0,0,0"
17.333333333333332,75,AV,1,0,0,43,1279.3396024785957,0.2,-17.333333333333332,"0.19144615384615388,0.15696574074074074,0.1801939393939394,0.2,0.43,0.06321088562657848","0,0,0"
22.083333333333332,105,AV,1,0,0,49,1659.6531244520008,0.4,-22.083333333333332,"0.26874269005847956,0.20499551971326163,0.22309941520467838,0.4,0.49,0.08200179500914358","0,0,0"
34.916666666666664,203,AV,2,0,0,70,3866.930621896856,0.8,-34.916666666666664,"0.46776530612244904,0.3221393442622951,0.3298039215686275,0.8,0.7,0.19106116061214143","0,0,0"
36.4,253,AV,0,0,0,56,5557.427333357366,0.1,-36.4,"0.36523989898989906,0.2576515151515151,0.2715815602836879,0.1,0.56,0.27458690629625127","0,0,0"
33.03333333333333,70,AV,1,0,0,69,1148.9174546898266,0.1,-33.03333333333333,"0.46397878787878793,0.3164085714285715,0.3253190476190476,0.1,0.69,0.05676685821503235","0,0,0"
25.8,184,AV,1,0,0,54,3352.9358316496982,0.9,-25.8,"0.33939303482587063,0.24453734061930785,0.2602766666666667,0.9,0.54,0.16566519394619603","0,0,0"
16.316666666666666,61,AV,1,0,0,42,1047.1205397958274,0.4,-16.316666666666666,"0.18213978494623653,0.15150862068965518,0.17952864583333333,0.4,0.42,0.051737174828356464","0,0,0"
27.533333333333335,34,AV,1,0,0,57,776.0711537761008,0.4,-27.533333333333335,"0.36769949494949494,0.26098306595365417,0.276354609929078,0.4,0.57,0.03834489672983343","0,0,0"
19.583333333333332,81,AV,1,0,0,47,1446.9812594843625,0.1,-19.583333333333332,"0.23988271604938266,0.18532801418439718,0.20498850574712646,0.1,0.47,0.07149389162960644","0,0,0"
12.616666666666667,39,AV,1,0,0,33,816.2772675203604,0.3,-12.616666666666667,"0.10861944444444444,0.11071523809523809,0.14191538461538458,0.3,0.33,0.04033144045321521","0,0,0"
8.6,18,AV,1,0,0,14,601.3137559373858,0.1,-8.6,"0.05330434782608694,0.0746025641025641,0.1084871794871795,0.1,0.14,0.029710309114645228","0,0,0"
29.533333333333335,40,AV,1,0,0,60,825.4433072334436,0.1,-29.533333333333335,"0.40346892655367234,0.27628448275862066,0.28590796019900494,0.1,0.6,0.040784325275063815","0,0,0"
28.15,294,AV,2,0,0,53,13460.811009378149,0.1,-28.15,"0.3212380952380952,0.23986185383244207,0.2585818713450292,0.1,0.53,0.6650851607394264","0,0,0"
8.0,72,AV,1,0,0,15,1200.7903182940884,0.3,-8.0,"0.05624404761904762,0.07671527777777779,0.10973809523809523,0.3,0.15,0.05932984433854443","0,0,0"
17.933333333333334,138,AV,1,0,0,43,2318.1098695731453,0.1,-17.933333333333334,"0.19144615384615388,0.15696574074074074,0.1801939393939394,0.1,0.43,0.11453548186231685","0,0,0"
9.566666666666666,71,AV,1,0,0,24,1150.4391077840953,0.1,-9.566666666666666,"0.0682512077294686,0.08431555555555555,0.11621568627450982,0.1,0.24,0.056842041567067104","0,0,0"
34.28333333333333,58,AV,2,0,0,72,1022.032321197676,0.3,-34.28333333333333,"0.4814679487179489,0.32698589065255734,0.330997175141243,0.3,0.72,0.05049759112961852","0,0,0"
35.15,200,AV,1,0,0,88,3803.247088152212,0.1,-35.15,"0.5340194444444445,0.3488289241622574,0.34861437908496734,0.1,0.88,0.18791462113190488","0,0,0"
20.583333333333332,262,AV,1,0,0,48,6081.635477498837,0.1,-20.583333333333332,"0.2489679487179487,0.18988132635253052,0.20967836257309946,0.1,0.48,0.3004875045265025","0,0,0"
30.166666666666668,60,AV,1,0,0,61,1040.734547163155,0.1,-30.166666666666668,"0.42172701149425296,0.281304143126177,0.28985641025641024,0.1,0.61,0.05142164934229008","0,0,0"
22.3,4,AV,0,0,0,45,449.0833195935783,0.2,-22.3,"0.22337962962962962,0.17399323181049067,0.19801020408163264,0.2,0.45,0.022188756055575014","0,0,0"
17.15,201,AV,2,0,0,35,3824.993837156676,0.4,-17.15,"0.12791379310344825,0.11947551789077213,0.1496666666666667,0.4,0.35,0.18898910617200515","0,0,0"
31.5,219,AV,1,0,0,65,4281.8327360815,0.9,-31.5,"0.4442513227513229,0.29610893854748604,0.30262931034482754,0.9,0.65,0.21156105761770602","0,0,0"
34.38333333333333,116,AV,0,0,0,53,1942.5668635563816,0.1,-34.38333333333333,"0.3212380952380952,0.23986185383244207,0.2585818713450292,0.1,0.53,0.09598027888478354","0,0,0"
11.633333333333333,275,AV,1,0,0,30,7658.5640246764915,0.5,-11.633333333333333,"0.09646464646464645,0.10164772727272725,0.1336580459770115,0.5,0.3,0.37840196120697644","0,0,0"
50.05,66,AV,0,0,0,70,1100.389953660579,0.2,-50.05,"0.46776530612244904,0.3221393442622951,0.3298039215686275,0.2,0.7,0.05436916309845774","0,0,0"
30.716666666666665,139,AV,1,0,0,64,2326.172138461347,0.8,-30.716666666666665,"0.44345238095238093,0.29216011235955053,0.29845197740112994,0.8,0.64,0.11493383047561351","0,0,0"
34.95,265,AV,1,0,0,81,6427.339783247283,0.4,-34.95,"0.5329030303030305,0.34378253119429586,0.342566091954023,0.4,0.81,0.3175684072742515","0,0,0"
32.916666666666664,85,AV,0,0,0,52,1474.807688008607,0.4,-32.916666666666664,"0.30654615384615386,0.23167450980392157,0.24633846153846153,0.4,0.52,0.07286876753232566","0,0,0"
24.966666666666665,293,AV,1,0,0,52,13351.937436366714,0.1,-24.966666666666665,"0.30654615384615386,0.23167450980392157,0.24633846153846153,0.1,0.52,0.6597058267783346","0,0,0"
25.7,51,AV,0,0,0,48,954.0002559944874,0.3,-25.7,"0.2489679487179487,0.18988132635253052,0.20967836257309946,0.3,0.48,0.04713619507483592","0,0,0"
25.133333333333333,77,AV,1,0,0,50,1310.9401185904849,0.1,-25.133333333333333,"0.29447023809523803,0.2183401559454191,0.23362100456621004,0.1,0.5,0.06477223540877823","0,0,0"
32.6,157,AV,1,0,0,67,2758.442965787371,0.1,-32.6,"0.4576202185792349,0.30909386973180075,0.31931538461538467,0.1,0.67,0.13629189816371895","0,0,0"
24.683333333333334,6,AV,1,0,0,50,497.26542980048754,0.2,-24.683333333333334,"0.29447023809523803,0.2183401559454191,0.23362100456621004,0.2,0.5,0.024569385758302514","0,0,0"
19.35,167,AV,2,0,0,44,2891.134206742707,0.3,-19.35,"0.20263333333333333,0.1672290598290598,0.18965925925925928,0.3,0.44,0.14284803919103217","0,0,0"
46.46666666666667,271,AV,0,0,0,67,7332.887514065835,0.9,-46.46666666666667,"0.4576202185792349,0.30909386973180075,0.31931538461538467,0.9,0.67,0.3623106117141683","0,0,0"
23.233333333333334,56,AV,1,0,0,49,1014.5614647146556,0.9,-23.233333333333334,"0.26874269005847956,0.20499551971326163,0.22309941520467838,0.9,0.49,0.05012846360963409","0,0,0"
11.05,130,AV,1,0,0,29,2198.5025098873134,0.6,-11.05,"0.08859523809523809,0.09637719298245612,0.12925757575757577,0.6,0.29,0.10862580227563756","0,0,0"
31.4,9,AV,2,0,0,71,541.9839687696077,0.2,-31.4,"0.4805357142857143,0.3265510752688172,0.3317183908045977,0.2,0.71,0.02677888388271631","0,0,0"
28.3,193,AV,1,0,0,58,3583.4963710051925,0.3,-28.3,"0.37910052910052905,0.2662108655616943,0.2795744047619048,0.3,0.58,0.17705695877155342","0,0,0"
30.216666666666665,236,AV,1,0,0,63,4754.245589533712,0.3,-30.216666666666665,"0.4328196721311475,0.28851992753623196,0.2944787878787879,0.3,0.63,0.234902502524312","0,0,0"
25.533333333333335,155,AV,2,0,0,50,2747.619709803412,0.3,-25.533333333333335,"0.29447023809523803,0.2183401559454191,0.23362100456621004,0.3,0.5,0.13575713194935043","0,0,0"
12.05,202,AV,0,0,0,34,3849.958431883558,0.1,-12.05,"0.1225939393939394,0.1169096834264432,0.14957828282828284,0.1,0.34,0.19022258173935064","0,0,0"
13.45,48,AV,1,0,0,37,932.0432837729122,0.1,-13.45,"0.14546726190476192,0.1265818540433925,0.15754222222222225,0.1,0.37,0.04605132311658888","0,0,0"
29.183333333333334,7,AV,0,0,0,49,506.5869000089976,0.3,-29.183333333333334,"0.26874269005847956,0.20499551971326163,0.22309941520467838,0.3,0.49,0.025029950244917432","0,0,0"
15.316666666666666,212,AV,0,0,0,37,4159.866430607663,0.1,-15.316666666666666,"0.14546726190476192,0.1265818540433925,0.15754222222222225,0.1,0.37,0.20553482488742356","0,0,0"
32.81666666666667,120,AV,2,0,0,67,2011.9739719035176,0.1,-32.81666666666667,"0.4576202185792349,0.30909386973180075,0.31931538461538467,0.1,0.67,0.09940961444111464","0,0,0"
25.55,220,AV,1,0,0,52,4343.557359248321,0.4,-25.55,"0.30654615384615386,0.23167450980392157,0.24633846153846153,0.4,0.52,0.21461080929254078","0,0,0"
31.866666666666667,94,AV,1,0,0,65,1564.4426034616197,0.3,-31.866666666666667,"0.4442513227513229,0.29610893854748604,0.30262931034482754,0.3,0.65,0.07729753873417955","0,0,0"
9.65,259,AV,2,0,0,9,5913.041300376779,0.3,-9.65,"0.05131944444444444,0.07624358974358975,0.1065,0.3,0.09,0.2921574354606168","0,0,0"
27.266666666666666,57,AV,1,0,0,56,1020.5842314575186,0.3,-27.266666666666666,"0.36523989898989906,0.2576515151515151,0.2715815602836879,0.3,0.56,0.050426042469071494","0,0,0"
10.216666666666667,99,AV,0,0,0,32,1592.6375082496468,0.5,-10.216666666666667,"0.10304228855721392,0.10619942196531794,0.1384777777777778,0.5,0.32,0.0786906206792357","0,0,0"
29.133333333333333,132,AV,2,0,0,60,2218.0502812558643,0.1,-29.133333333333333,"0.40346892655367234,0.27628448275862066,0.28590796019900494,0.1,0.6,0.10959163803796217","0,0,0"
27.033333333333335,179,AV,1,0,0,55,3132.463358685509,0.4,-27.033333333333335,"0.3527392473118281,0.2494921875,0.2654565217391305,0.4,0.55,0.15477187035537765","0,0,0"
20.466666666666665,284,AV,0,0,0,42,10426.353459350525,0.2,-20.466666666666665,"0.18213978494623653,0.15150862068965518,0.17952864583333333,0.2,0.42,0.5151556590169055","0,0,0"
12.05,223,AV,1,0,0,31,4429.527615460413,0.1,-12.05,"0.10017424242424244,0.10419688109161793,0.13545238095238094,0.1,0.31,0.2188585133596875","0,0,0"
21.116666666666667,103,AV,1,0,0,48,1639.6236094811811,0.5,-21.116666666666667,"0.2489679487179487,0.18988132635253052,0.20967836257309946,0.5,0.48,0.08101215677897904","0,0,0"
10.533333333333333,211,AV,1,0,0,28,4135.471393234625,0.9,-10.533333333333333,"0.08525373134328357,0.09379881656804734,0.12533854166666664,0.9,0.28,0.20432949057724065","0,0,0"
9.45,107,AV,1,0,0,19,1682.490559712908,0.9,-9.45,"0.06536792452830188,0.08093771043771043,0.112125,0.9,0.19,0.08313016976240285","0,0,0"
31.316666666666666,10,AV,1,0,0,65,546.8646928603165,0.1,-31.316666666666666,"0.4442513227513229,0.29610893854748604,0.30262931034482754,0.1,0.65,0.027020035561031403","0,0,0"
15.5,127,AV,1,0,0,40,2131.3254046090938,0.3,-15.5,"0.1637659574468085,0.13824621212121213,0.16706709956709961,0.3,0.4,0.10530664893258515","0,0,0"
36.5,42,AV,2,0,0,86,832.3173438658397,0.8,-36.5,"0.5364791666666666,0.3475087719298246,0.34538888888888886,0.8,0.86,0.04112396452528438","0,0,0"
23.4,67,AV,1,0,0,49,1104.4445206976068,0.2,-23.4,"0.26874269005847956,0.20499551971326163,0.22309941520467838,0.2,0.49,0.05456949518600221","0,0,0"
33.4,164,AV,1,0,0,72,2850.5966631146844,0.1,-33.4,"0.4814679487179489,0.32698589065255734,0.330997175141243,0.1,0.72,0.14084511984976505","0,0,0"
17.733333333333334,158,AV,1,0,0,43,2761.3662775036096,0.2,-17.733333333333334,"0.19144615384615388,0.15696574074074074,0.1801939393939394,0.2,0.43,0.13643633606135613","0,0,0"
19.85,38,AV,2,0,0,45,807.7368269013535,0.2,-19.85,"0.22337962962962962,0.17399323181049067,0.19801020408163264,0.2,0.45,0.039909465854662395","0,0,0"
22.416666666666668,151,AV,0,0,0,43,2619.168197182975,0.1,-22.416666666666668,"0.19144615384615388,0.15696574074074074,0.1801939393939394,0.1,0.43,0.1294104716434546","0,0,0"
