travel_time,id,kind,action,origin,destination,start_time,income,urgency,reward,observation,cost_table
18.883333333333333,150,AV,2,0,0,44,2458.2611968747465,0.9,-0.3587833333333333,"0.3713781549173195,0.15278578154425615,0.18526400367309456,0.9,0.44,0.1182236724414522","0,0,0"
7.066666666666666,99,AV,1,0,0,15,1614.9493849180149,0.2,-0.0848,"0.04233734939759035,0.06580952380952379,0.10335135135135134,0.2,0.15,0.07766678631823196","0,0,0"
78.56666666666666,117,AV,0,0,0,60,1880.1756700095973,0.5,-1.2104119117202987,"0.7618240291262133,0.22367518939393935,0.25128670634920636,0.5,0.6,0.0904221540112152","0,0,0"
18.366666666666667,56,AV,2,0,0,43,1025.7249596144625,0.4,-0.2571333333333333,"0.3428783454987834,0.14740526849037486,0.18069722222222226,0.4,0.43,0.049329571566540366","0,0,0"
15.6,188,AV,2,0,0,37,3097.4575811220984,0.1,-0.1716,"0.22012826797385635,0.11382378223495702,0.1469781341107871,0.1,0.37,0.14896415846185204","0,0,0"
29.15,177,AV,0,0,0,37,2946.490055333797,0.1,-0.341013211439111,"0.22012826797385635,0.11382378223495702,0.1469781341107871,0.1,0.37,0.14170376833700152","0,0,0"
15.683333333333334,208,AV,2,0,0,37,3456.1529418207683,0.5,-0.23525,"0.22012826797385635,0.11382378223495702,0.1469781341107871,0.5,0.37,0.1662146780093356","0,0,0"
19.283333333333335,221,AV,2,0,0,45,4061.843573313689,0.9,-0.36638333333333334,"0.3886822107081175,0.15565895953757225,0.18810824275362314,0.9,0.45,0.19534379207968386","0,0,0"
21.216666666666665,191,AV,1,0,0,57,3151.1733449572957,0.7,-0.3606833333333333,"0.6982382812499999,0.21142415458937194,0.24302560646900268,0.7,0.57,0.1515474782802132","0,0,0"
25.8,53,AV,0,0,0,35,1014.5614647146556,0.5,-0.44613885169773815,"0.1804231372549019,0.10559355131698459,0.14084253246753245,0.5,0.35,0.04879269234230884","0,0,0"
95.88333333333334,245,AV,0,0,0,79,4951.479839002994,0.2,-1.1627175894784783,"0.829199248120301,0.26355507662835254,0.27764400377714826,0.2,0.79,0.23812853220437127","0,0,0"
94.15,253,AV,0,0,0,76,5480.041794665195,0.1,-1.0465988216054138,"0.8330925925925928,0.26098391812865485,0.2757025782688766,0.1,0.76,0.26354834340696637","0,0,0"
52.266666666666666,71,AV,0,0,0,49,1150.4391077840953,0.2,-0.6793539989331275,"0.4996061670569867,0.17868382352941176,0.2107847847847848,0.2,0.49,0.05532737384270454","0,0,0"
27.683333333333334,247,AV,2,0,0,85,4968.170350229253,0.3,-0.35988333333333333,"0.8337914614121513,0.2667323091247672,0.2784558531746032,0.3,0.85,0.23893121888982288","0,0,0"
22.283333333333335,273,AV,2,0,0,52,7897.119961473183,0.5,-0.33425000000000005,"0.5932335575485801,0.1904076305220884,0.22169772256728784,0.5,0.52,0.37979142523300763","0,0,0"
73.41666666666667,85,AV,0,0,0,58,1434.4967426379471,0.2,-0.922826515332244,"0.729611922141119,0.21636779835390946,0.2445890410958904,0.2,0.58,0.06898838627708276","0,0,0"
17.8,103,AV,1,0,0,47,1653.1781197118603,0.1,-0.19580000000000003,"0.4487578772802653,0.1700032588454376,0.20074950980392156,0.1,0.47,0.07950529779368645","0,0,0"
43.46666666666667,284,AV,0,0,0,44,11049.706566164488,0.3,-0.5704966751144681,"0.3713781549173195,0.15278578154425615,0.18526400367309456,0.3,0.44,0.5314068705608562","0,0,0"
26.933333333333334,168,AV,2,0,0,73,2780.081336731352,0.4,-0.3770666666666666,"0.8454671717171715,0.2556152380952381,0.2733436911487759,0.4,0.73,0.13370077424326215","0,0,0"
15.266666666666667,34,AV,1,0,0,41,857.6590975250949,0.9,-0.29006666666666664,"0.2977173560421736,0.1337786220871327,0.16781527777777774,0.9,0.41,0.041246881470994735","0,0,0"
46.96666666666667,261,AV,0,0,0,46,5899.132481879994,0.9,-0.9025376537032009,"0.42594645941278075,0.16420494864612514,0.19688935574229685,0.9,0.46,0.2837034189504176","0,0,0"
54.083333333333336,11,AV,0,0,0,49,626.2908344343901,0.1,-0.6907188031520053,"0.4996061670569867,0.17868382352941176,0.2107847847847848,0.1,0.49,0.03011982720037529","0,0,0"
19.15,124,AV,0,0,0,30,1997.7276787447236,0.6,-0.3364341235887071,"0.1372397094430993,0.09333947119924454,0.1266626746506986,0.6,0.3,0.09607551183714699","0,0,0"
21.733333333333334,229,AV,1,0,0,57,4547.885280126284,0.2,-0.26080000000000003,"0.6982382812499999,0.21142415458937194,0.24302560646900268,0.2,0.57,0.2187187026108142","0,0,0"
32.983333333333334,166,AV,0,0,0,39,2761.3662775036096,0.6,-0.5494617076126929,"0.27426513317191287,0.12758217270194985,0.16066920731707324,0.6,0.39,0.13280072219237518","0,0,0"
94.21666666666667,24,AV,0,0,0,72,779.2240782816187,0.1,-1.1133830073325184,"0.8491124896608768,0.2540024154589372,0.2717007575757576,0.1,0.72,0.03747475341773148","0,0,0"
9.633333333333333,250,AV,1,0,0,28,5158.4050556257225,0.2,-0.11559999999999998,"0.12492159277504104,0.09006346899224804,0.12196380952380953,0.2,0.28,0.24808006178999184","0,0,0"
87.3,282,AV,0,0,0,66,9030.678864893336,0.3,-1.1415440187828236,"0.8114030373831776,0.2317621832358674,0.25718484848484846,0.3,0.66,0.4343069895926497","0,0,0"
20.95,112,AV,1,0,0,55,1804.2001824470888,0.9,-0.39804999999999996,"0.6570385572139305,0.20277846153846155,0.23683869526362827,0.9,0.55,0.08676831073101827","0,0,0"
18.0,176,AV,1,0,0,48,2942.323800284961,0.1,-0.198,"0.46895226537216833,0.1735057306590258,0.20479351032448384,0.1,0.48,0.1415034031468308","0,0,0"
95.66666666666667,266,AV,0,0,0,80,6248.181898567973,0.5,-1.4446027934163939,"0.8288791254125414,0.26396064139941694,0.27808876298394714,0.5,0.8,0.3004900419328989","0,0,0"
36.25,175,AV,0,0,0,41,2898.378436294527,0.2,-0.45570123047034117,"0.2977173560421736,0.1337786220871327,0.16781527777777774,0.2,0.41,0.13938996527280403","0,0,0"
27.533333333333335,92,AV,2,0,0,69,1519.7273932229994,0.3,-0.3579333333333334,"0.8435441767068272,0.24492652859960548,0.2692992315081653,0.3,0.69,0.07308733252801383","0,0,0"
8.366666666666667,120,AV,1,0,0,26,1929.5758599688188,0.1,-0.09203333333333334,"0.09480447889750218,0.08273734479465139,0.116224358974359,0.1,0.26,0.09279792753915007","0,0,0"
10.566666666666666,234,AV,2,0,0,2,4617.1597275219765,0.1,-0.11623333333333333,"0.033850427350427356,0.057619047619047625,0.09042592592592595,0.1,0.02,0.2220502768096353","0,0,0"
10.233333333333333,190,AV,1,0,0,30,3132.463358685509,0.3,-0.13303333333333334,"0.1372397094430993,0.09333947119924454,0.1266626746506986,0.3,0.3,0.150647670199936","0,0,0"
4.983333333333333,121,AV,0,0,0,21,1945.516475481125,0.9,-0.12552347308859396,"0.05317374727668848,0.07019330601092895,0.10674242424242422,0.9,0.21,0.09356454994251304","0,0,0"
23.616666666666667,86,AV,2,0,0,55,1447.5744631551047,0.1,-0.25978333333333337,"0.6570385572139305,0.20277846153846155,0.23683869526362827,0.1,0.55,0.06961732519889745","0,0,0"
15.866666666666667,264,AV,1,0,0,43,6007.794801579103,0.2,-0.1904,"0.3428783454987834,0.14740526849037486,0.18069722222222226,0.2,0.43,0.2889292503255245","0,0,0"
85.36666666666666,222,AV,0,0,0,65,4104.202624979457,0.3,-1.12438582792221,"0.7945945626477541,0.22899474689589297,0.25444004065040654,0.3,0.65,0.19738094039225168","0,0,0"
38.1,33,AV,0,0,0,42,835.7777612710734,0.9,-0.7956894191259054,"0.32336598812553013,0.14182040229885057,0.1761258124419684,0.9,0.42,0.0401945555695952","0,0,0"
24.0,169,AV,1,0,0,67,2793.3389947689566,0.3,-0.312,"0.8313259345794393,0.23558028455284558,0.26130281007751927,0.3,0.67,0.1343383667916745","0,0,0"
7.7,145,AV,1,0,0,22,2382.718205806423,0.1,-0.08470000000000001,"0.055605882352941165,0.07157202380952382,0.1081984126984127,0.1,0.22,0.11459062895418437","0,0,0"
7.25,90,AV,1,0,0,15,1503.4428459110418,0.9,-0.13774999999999998,"0.04233734939759035,0.06580952380952379,0.10335135135135134,0.9,0.15,0.0723041696201366","0,0,0"
24.083333333333332,246,AV,2,0,0,56,4959.361066312568,0.9,-0.4575833333333333,"0.6764528061224493,0.2061218689788054,0.23860036832412526,0.9,0.56,0.23850755931388606","0,0,0"
21.966666666666665,269,AV,1,0,0,58,7099.697064525982,0.3,-0.28556666666666664,"0.729611922141119,0.21636779835390946,0.2445890410958904,0.3,0.58,0.3414414470102487","0,0,0"
11.516666666666667,227,AV,2,0,0,22,4304.4895651906745,0.3,-0.1497166666666667,"0.055605882352941165,0.07157202380952382,0.1081984126984127,0.3,0.22,0.207013219355909","0,0,0"
22.45,129,AV,0,0,0,33,2123.4400354784907,0.5,-0.36500603690121614,"0.16624473067915688,0.10162694063926939,0.13652272727272727,0.5,0.33,0.1021213203554731","0,0,0"
34.583333333333336,159,AV,0,0,0,39,2574.4307659940623,0.4,-0.5074727896327789,"0.27426513317191287,0.12758217270194985,0.16066920731707324,0.4,0.39,0.12381054543309646","0,0,0"
31.283333333333335,5,AV,0,0,0,38,522.2875039790788,0.3,-0.5215625895722562,"0.2521698412698412,0.12195561850802646,0.15568909276248719,0.3,0.38,0.025118057783764625","0,0,0"
22.483333333333334,23,AV,1,0,0,59,779.0639592631991,0.9,-0.4271833333333333,"0.7511958925750396,0.22158585858585866,0.24929310344827585,0.9,0.59,0.03746705291039347","0,0,0"
6.916666666666667,140,AV,0,0,0,21,2302.618320259251,0.7,-0.1436406262299019,"0.05317374727668848,0.07019330601092895,0.10674242424242422,0.7,0.21,0.11073843349034766","0,0,0"
20.033333333333335,198,AV,2,0,0,46,3301.717979419838,0.1,-0.2203666666666667,"0.42594645941278075,0.16420494864612514,0.19688935574229685,0.1,0.46,0.15878753054770403","0,0,0"
13.8,238,AV,2,0,0,33,4662.282088415262,0.3,-0.17940000000000003,"0.16624473067915688,0.10162694063926939,0.13652272727272727,0.3,0.33,0.2242203192855181","0,0,0"
61.233333333333334,20,AV,0,0,0,54,753.5670156580491,0.3,-0.8756546526762525,"0.6289418604651164,0.19691613247863252,0.22885940409683425,0.3,0.54,0.03624084378629158","0,0,0"
19.666666666666668,220,AV,2,0,0,46,4021.28082322038,0.9,-0.3736666666666667,"0.42594645941278075,0.16420494864612514,0.19688935574229685,0.9,0.46,0.1933930322147629","0,0,0"
12.166666666666666,100,AV,2,0,0,27,1614.9573615816892,0.9,-0.23116666666666663,"0.10743191311612364,0.08627667610953729,0.11918726053639847,0.9,0.27,0.07766716993510497","0,0,0"
13.366666666666667,104,AV,1,0,0,38,1659.6531244520008,0.7,-0.22723333333333334,"0.2521698412698412,0.12195561850802646,0.15568909276248719,0.7,0.38,0.07981669628967558","0,0,0"
24.333333333333332,200,AV,1,0,0,68,3361.758609282253,0.1,-0.26766666666666666,"0.841395539906103,0.23982517838939862,0.2659039385206532,0.1,0.68,0.16167502833152653","0,0,0"
24.433333333333334,160,AV,1,0,0,70,2580.565825479665,0.9,-0.46423333333333333,"0.8462827903091061,0.2475821661998132,0.2709399224806201,0.9,0.7,0.12410559514707999","0,0,0"
48.766666666666666,167,AV,0,0,0,47,2767.495209174315,0.2,-0.6068802543329066,"0.4487578772802653,0.1700032588454376,0.20074950980392156,0.2,0.47,0.13309547720505432","0,0,0"
29.066666666666666,1,AV,2,0,0,100,477.1303205766694,0.2,-0.3488,"0.8279543650793652,0.27320796460177,0.28080889540566967,0.2,1.0,0.022946340609962184","0,0,0"
10.466666666666667,52,AV,2,0,0,14,985.8695826897422,0.1,-0.11513333333333335,"0.0416541095890411,0.06516203703703702,0.1031704834605598,0.1,0.14,0.04741283097259167","0,0,0"
11.25,73,AV,1,0,0,35,1244.4027248274256,0.4,-0.1575,"0.1804231372549019,0.10559355131698459,0.14084253246753245,0.4,0.35,0.05984630938009477","0,0,0"
12.066666666666666,289,AV,0,0,0,26,13079.31179296209,0.1,-0.13732073066354192,"0.09480447889750218,0.08273734479465139,0.116224358974359,0.1,0.26,0.6290154500817918","0,0,0"
67.9,82,AV,0,0,0,56,1342.087988935639,0.7,-1.1990064577692734,"0.6764528061224493,0.2061218689788054,0.23860036832412526,0.7,0.56,0.06454422784415724","0,0,0"
38.2,72,AV,0,0,0,42,1194.3606142611325,0.4,-0.5850360838791706,"0.32336598812553013,0.14182040229885057,0.1761258124419684,0.4,0.42,0.05743966435173499","0,0,0"
22.183333333333334,54,AV,1,0,0,58,1017.530975349866,0.4,-0.31056666666666666,"0.729611922141119,0.21636779835390946,0.2445890410958904,0.4,0.58,0.048935503225503364","0,0,0"
59.3,25,AV,0,0,0,53,802.5586880039084,0.3,-0.8456608877666375,"0.604525993883792,0.1929698857736241,0.22598736637512146,0.3,0.53,0.038596970723144074","0,0,0"
19.933333333333334,254,AV,1,0,0,52,5557.427333357366,0.2,-0.2392,"0.5932335575485801,0.1904076305220884,0.22169772256728784,0.2,0.52,0.26726999942532587","0,0,0"
20.516666666666666,207,AV,2,0,0,46,3398.605365942332,0.8,-0.3693,"0.42594645941278075,0.16420494864612514,0.19688935574229685,0.8,0.46,0.16344707716647097","0,0,0"
15.233333333333333,87,AV,2,0,0,31,1460.8215047913693,0.5,-0.22849999999999998,"0.1549530015797788,0.09790892531876139,0.13120512820512822,0.5,0.31,0.07025440717912602","0,0,0"
20.85,225,AV,2,0,0,48,4223.122456076251,0.2,-0.25020000000000003,"0.46895226537216833,0.1735057306590258,0.20479351032448384,0.2,0.48,0.20310008007368746","0,0,0"
71.35,75,AV,0,0,0,57,1260.6549751070208,0.2,-0.9037943070743097,"0.6982382812499999,0.21142415458937194,0.24302560646900268,0.2,0.57,0.06062791904628244","0,0,0"
7.716666666666667,186,AV,1,0,0,22,3048.604611013583,0.2,-0.09259999999999999,"0.055605882352941165,0.07157202380952382,0.1081984126984127,0.2,0.22,0.14661470204800806","0,0,0"
21.233333333333334,142,AV,1,0,0,54,2318.2944376966047,0.1,-0.2335666666666667,"0.6289418604651164,0.19691613247863252,0.22885940409683425,0.1,0.54,0.11149233554738845","0,0,0"
28.65,299,AV,2,0,0,86,20793.30768626012,0.2,-0.34379999999999994,"0.8315906432748538,0.26750661000944287,0.27859003831417634,0.2,0.86,1.0","0,0,0"
41.7,59,AV,0,0,0,43,1047.1205397958274,0.2,-0.5576999933815635,"0.3428783454987834,0.14740526849037486,0.18069722222222226,0.2,0.43,0.050358536294239885","0,0,0"
23.15,115,AV,1,0,0,61,1832.3133019091129,0.1,-0.25465,"0.7628393719806762,0.2242446009389671,0.2519516616314199,0.1,0.61,0.08812033802202023","0,0,0"
22.983333333333334,0,AV,2,0,0,53,381.3218977270381,0.9,-0.4366833333333333,"0.604525993883792,0.1929698857736241,0.22598736637512146,0.9,0.53,0.018338683940074114","0,0,0"
19.3,241,AV,0,0,0,30,4754.245589533712,0.3,-0.2635202988192465,"0.1372397094430993,0.09333947119924454,0.1266626746506986,0.3,0.3,0.22864306445459084","0,0,0"
20.283333333333335,224,AV,2,0,0,46,4200.245935785981,0.5,-0.30425,"0.42594645941278075,0.16420494864612514,0.19688935574229685,0.5,0.46,0.2019998933869206","0,0,0"
24.066666666666666,233,AV,0,0,0,34,4572.8741748457805,0.1,-0.2778541841824656,"0.17338995215311004,0.10413143631436314,0.13915814696485623,0.1,0.34,0.21992047844641197","0,0,0"
41.75,197,AV,0,0,0,43,3278.222126324269,0.1,-0.4775526035722831,"0.3428783454987834,0.14740526849037486,0.18069722222222226,0.1,0.43,0.1576575586620336","0,0,0"
14.95,14,AV,2,0,0,35,636.6552097563458,0.2,-0.17939999999999998,"0.1804231372549019,0.10559355131698459,0.14084253246753245,0.2,0.35,0.030618274848933116","0,0,0"
22.65,12,AV,2,0,0,52,627.4062491148882,0.2,-0.2718,"0.5932335575485801,0.1904076305220884,0.22169772256728784,0.2,0.52,0.03017347016557005","0,0,0"
8.366666666666667,68,AV,0,0,0,24,1141.0395517097602,0.7,-0.19481696192893688,"0.07406349206349208,0.07727142857142857,0.11171652421652421,0.7,0.24,0.054875326664056465","0,0,0"
17.216666666666665,171,AV,2,0,0,38,2813.5576138103806,0.5,-0.25825,"0.2521698412698412,0.12195561850802646,0.15568909276248719,0.5,0.38,0.13531072863744203","0,0,0"
17.9,203,AV,1,0,0,46,3368.9508766880413,0.1,-0.19690000000000002,"0.42594645941278075,0.16420494864612514,0.19688935574229685,0.1,0.46,0.16202092170810273","0,0,0"
21.85,50,AV,1,0,0,56,979.5720138781878,0.9,-0.41515,"0.6764528061224493,0.2061218689788054,0.23860036832412526,0.9,0.56,0.04710996579565228","0,0,0"
18.2,219,AV,1,0,0,48,3942.222625638348,0.2,-0.21839999999999998,"0.46895226537216833,0.1735057306590258,0.20479351032448384,0.2,0.48,0.18959093402168548","0,0,0"
80.16666666666667,172,AV,0,0,0,61,2818.3733061874163,0.3,-1.063455542724454,"0.7628393719806762,0.2242446009389671,0.2519516616314199,0.3,0.61,0.13554232682517134","0,0,0"
22.416666666666668,206,AV,1,0,0,58,3393.6426315430986,0.3,-0.2914166666666667,"0.729611922141119,0.21636779835390946,0.2445890410958904,0.3,0.58,0.1632084073754924","0,0,0"
29.45,133,AV,0,0,0,37,2212.8825544422834,0.2,-0.3805139559031509,"0.22012826797385635,0.11382378223495702,0.1469781341107871,0.2,0.37,0.1064228254509272","0,0,0"
39.85,44,AV,0,0,0,42,946.1123250925148,0.9,-0.8205674171593558,"0.32336598812553013,0.14182040229885057,0.1761258124419684,0.9,0.42,0.04550080917225548","0,0,0"
76.96666666666667,240,AV,0,0,0,59,4747.153558918807,0.1,-0.8592724863026479,"0.7511958925750396,0.22158585858585866,0.24929310344827585,0.1,0.59,0.22830199170551635","0,0,0"
23.15,135,AV,2,0,0,53,2218.7455195521825,0.2,-0.2778,"0.604525993883792,0.1929698857736241,0.22598736637512146,0.2,0.53,0.1067047894942801","0,0,0"
26.983333333333334,232,AV,2,0,0,67,4569.840806868062,0.2,-0.32380000000000003,"0.8313259345794393,0.23558028455284558,0.26130281007751927,0.2,0.67,0.21977459651057532","0,0,0"
18.8,218,AV,1,0,0,49,3933.772930850901,0.1,-0.2068,"0.4996061670569867,0.17868382352941176,0.2107847847847848,0.1,0.49,0.1891845679487672","0,0,0"
11.283333333333333,69,AV,2,0,0,17,1148.2139867956057,0.1,-0.12411666666666667,"0.04918915343915344,0.06926030927835053,0.10659423676012458,0.1,0.17,0.05522036244162957","0,0,0"
20.05,9,AV,1,0,0,52,615.3970356119416,0.2,-0.2406,"0.5932335575485801,0.1904076305220884,0.22169772256728784,0.2,0.52,0.029595918306859183","0,0,0"
45.416666666666664,259,AV,0,0,0,44,5825.994272151124,0.2,-0.555298671299216,"0.3713781549173195,0.15278578154425615,0.18526400367309456,0.2,0.44,0.28018602716107777","0,0,0"
25.066666666666666,131,AV,1,0,0,74,2193.4249838744518,0.1,-0.27573333333333333,"0.8388147668393785,0.2573028169014083,0.2736494893221913,0.1,0.74,0.10548706425018813","0,0,0"
19.766666666666666,6,AV,2,0,0,47,548.7192496267361,0.1,-0.21743333333333334,"0.4487578772802653,0.1700032588454376,0.20074950980392156,0.1,0.47,0.02638922377844295","0,0,0"
62.53333333333333,265,AV,0,0,0,54,6230.691172258436,0.4,-0.8850964169369325,"0.6289418604651164,0.19691613247863252,0.22885940409683425,0.4,0.54,0.29964887098629217","0,0,0"
24.016666666666666,127,AV,2,0,0,50,2113.1349678504243,0.3,-0.3122166666666667,"0.5541377672209027,0.18587110481586402,0.21732617586912067,0.3,0.5,0.10162572495605159","0,0,0"
23.016666666666666,49,AV,1,0,0,59,978.4447105201264,0.6,-0.3682666666666667,"0.7511958925750396,0.22158585858585866,0.24929310344827585,0.6,0.59,0.04705575107546101","0,0,0"
11.316666666666666,297,AV,1,0,0,35,18628.94525544202,0.3,-0.14711666666666667,"0.1804231372549019,0.10559355131698459,0.14084253246753245,0.3,0.35,0.8959106235777834","0,0,0"
15.816666666666666,116,AV,1,0,0,42,1848.7234685638712,0.9,-0.30051666666666665,"0.32336598812553013,0.14182040229885057,0.1761258124419684,0.9,0.42,0.08890954226515282","0,0,0"
28.833333333333332,29,AV,2,0,0,66,816.2772675203604,0.3,-0.37483333333333335,"0.8114030373831776,0.2317621832358674,0.25718484848484846,0.3,0.66,0.03925673009012141","0,0,0"
11.883333333333333,292,AV,2,0,0,23,14505.369879802229,0.3,-0.15448333333333333,"0.0610081499592502,0.0733743890518084,0.10864857142857144,0.3,0.23,0.6975980011774241","0,0,0"
22.35,213,AV,2,0,0,45,3783.636689084741,0.1,-0.24585,"0.3886822107081175,0.15565895953757225,0.18810824275362314,0.1,0.45,0.18196415626480184","0,0,0"
50.516666666666666,210,AV,0,0,0,48,3724.6301341612702,0.1,-0.571792315390289,"0.46895226537216833,0.1735057306590258,0.20479351032448384,0.1,0.48,0.17912638962306346","0,0,0"
8.666666666666666,105,AV,1,0,0,27,1661.9571573900298,0.1,-0.09533333333333333,"0.10743191311612364,0.08627667610953729,0.11918726053639847,0.1,0.27,0.07992750275552475","0,0,0"
26.483333333333334,7,AV,2,0,0,59,610.4868582393152,0.4,-0.3707666666666667,"0.7511958925750396,0.22158585858585866,0.24929310344827585,0.4,0.59,0.029359776109248604","0,0,0"
92.25,46,AV,0,0,0,71,948.3478854920526,0.1,-1.0780179219492,"0.8468700000000002,0.2511671374764594,0.27220038535645485,0.1,0.71,0.04560832262962691","0,0,0"
97.4,173,AV,0,0,0,81,2853.537244729806,0.2,-1.1898265347371282,"0.8340329268292683,0.2648221574344024,0.27809414024975987,0.2,0.81,0.13723344490378397","0,0,0"
48.53333333333333,139,AV,0,0,0,46,2294.767722006211,0.4,-0.7056131038091347,"0.42594645941278075,0.16420494864612514,0.19688935574229685,0.4,0.46,0.11036087940556741","0,0,0"
26.15,15,AV,2,0,0,66,639.9143284368583,0.1,-0.28765,"0.8114030373831776,0.2317621832358674,0.25718484848484846,0.1,0.66,0.030775013677102628","0,0,0"
27.516666666666666,231,AV,2,0,0,67,4559.760277629775,0.3,-0.3577166666666667,"0.8313259345794393,0.23558028455284558,0.26130281007751927,0.3,0.67,0.21928979970044837","0,0,0"
92.33333333333333,110,AV,0,0,0,68,1782.711710770346,0.7,-1.6033232582723125,"0.841395539906103,0.23982517838939862,0.2659039385206532,0.7,0.68,0.08573487862868172","0,0,0"
54.166666666666664,61,AV,0,0,0,49,1074.3823512953045,0.1,-0.6516793735513827,"0.4996061670569867,0.17868382352941176,0.2107847847847848,0.1,0.49,0.0516696221450731","0,0,0"
15.483333333333333,183,AV,2,0,0,35,3001.8426729260827,0.1,-0.17031666666666667,"0.1804231372549019,0.10559355131698459,0.14084253246753245,0.1,0.35,0.14436580837543475","0,0,0"
21.4,274,AV,1,0,0,55,7912.643587116454,0.1,-0.23540000000000003,"0.6570385572139305,0.20277846153846155,0.23683869526362827,0.1,0.55,0.38053799359420826","0,0,0"
23.466666666666665,10,AV,1,0,0,65,617.4453946714843,0.4,-0.3285333333333333,"0.7945945626477541,0.22899474689589297,0.25444004065040654,0.4,0.65,0.02969442880314238","0,0,0"
22.183333333333334,212,AV,1,0,0,58,3759.463069718096,0.7,-0.37711666666666666,"0.729611922141119,0.21636779835390946,0.2445890410958904,0.7,0.58,0.18080158897481655","0,0,0"
12.45,211,AV,2,0,0,24,3729.3449139509553,0.1,-0.13695000000000002,"0.07406349206349208,0.07727142857142857,0.11171652421652421,0.1,0.24,0.17935313468261935","0,0,0"
32.7,236,AV,0,0,0,38,4656.548587392589,0.4,-0.470685079769692,"0.2521698412698412,0.12195561850802646,0.15568909276248719,0.4,0.38,0.22394458148039434","0,0,0"
12.233333333333333,62,AV,1,0,0,36,1076.386102050743,0.2,-0.14679999999999999,"0.21149317269076298,0.11206298449612401,0.14564369501466276,0.2,0.36,0.051765987321103386","0,0,0"
21.65,157,AV,2,0,0,50,2530.9644311939346,0.7,-0.36805,"0.5541377672209027,0.18587110481586402,0.21732617586912067,0.7,0.5,0.12172014522087579","0,0,0"
10.333333333333334,144,AV,0,0,0,24,2337.3116255789537,0.4,-0.17033718459990888,"0.07406349206349208,0.07727142857142857,0.11171652421652421,0.4,0.24,0.11240691768935884","0,0,0"
20.366666666666667,91,AV,2,0,0,46,1509.578116022191,0.4,-0.2851333333333333,"0.42594645941278075,0.16420494864612514,0.19688935574229685,0.4,0.46,0.07259922946360745","0,0,0"
24.066666666666666,204,AV,2,0,0,57,3382.383844415393,0.1,-0.2647333333333334,"0.6982382812499999,0.21142415458937194,0.24302560646900268,0.1,0.57,0.16266694531964326","0,0,0"
22.133333333333333,272,AV,2,0,0,48,7572.106998522375,0.9,-0.4205333333333333,"0.46895226537216833,0.1735057306590258,0.20479351032448384,0.9,0.48,0.3641607729166582","0,0,0"
18.233333333333334,38,AV,1,0,0,48,905.8209551718018,0.9,-0.34643333333333337,"0.46895226537216833,0.1735057306590258,0.20479351032448384,0.9,0.48,0.04356310063022602","0,0,0"
69.81666666666666,256,AV,0,0,0,57,5590.116807812239,0.9,-1.3372498949806348,"0.6982382812499999,0.21142415458937194,0.24302560646900268,0.9,0.57,0.26884211459565416","0,0,0"
27.266666666666666,113,AV,2,0,0,74,1805.1606101798543,0.1,-0.2999333333333334,"0.8388147668393785,0.2573028169014083,0.2736494893221913,0.1,0.74,0.08681450000245393","0,0,0"
67.95,285,AV,0,0,0,56,11185.875164713363,0.1,-0.7528139075277074,"0.6764528061224493,0.2061218689788054,0.23860036832412526,0.1,0.56,0.5379555448075637","0,0,0"
57.38333333333333,136,AV,0,0,0,50,2225.3307045190536,0.9,-1.1172456180302353,"0.5541377672209027,0.18587110481586402,0.21732617586912067,0.9,0.5,0.10702148682143131","0,0,0"
55.86666666666667,143,AV,0,0,0,49,2335.4036410281064,0.1,-0.6402248236375904,"0.4996061670569867,0.17868382352941176,0.2107847847847848,0.1,0.49,0.1123151581396212","0,0,0"
20.916666666666668,242,AV,1,0,0,54,4756.448820673547,0.1,-0.23008333333333336,"0.6289418604651164,0.19691613247863252,0.22885940409683425,0.1,0.54,0.22874902312038267","0,0,0"
24.25,81,AV,2,0,0,54,1297.4303329633815,0.2,-0.291,"0.6289418604651164,0.19691613247863252,0.22885940409683425,0.2,0.54,0.06239653414164128","0,0,0"
66.28333333333333,187,AV,0,0,0,55,3065.2253709468137,0.3,-0.881257750460602,"0.6570385572139305,0.20277846153846155,0.23683869526362827,0.3,0.55,0.14741403422661153","0,0,0"
28.016666666666666,189,AV,2,0,0,69,3131.512437779759,0.4,-0.3922333333333333,"0.8435441767068272,0.24492652859960548,0.2692992315081653,0.4,0.69,0.15060193813459566","0,0,0"
15.55,132,AV,2,0,0,35,2198.5025098873134,0.2,-0.1866,"0.1804231372549019,0.10559355131698459,0.14084253246753245,0.2,0.35,0.10573125464497639","0,0,0"
24.683333333333334,80,AV,2,0,0,59,1293.252850487379,0.9,-0.46898333333333336,"0.7511958925750396,0.22158585858585866,0.24929310344827585,0.9,0.59,0.06219562899759039","0,0,0"
16.483333333333334,107,AV,2,0,0,37,1697.366940102563,0.4,-0.23076666666666665,"0.22012826797385635,0.11382378223495702,0.1469781341107871,0.4,0.37,0.08163044406947123","0,0,0"
15.6,138,AV,0,0,0,27,2280.385817754286,0.3,-0.22911133711359763,"0.10743191311612364,0.08627667610953729,0.11918726053639847,0.3,0.27,0.10966921916233309","0,0,0"
36.733333333333334,18,AV,0,0,0,41,741.34301771214,0.4,-0.5952008611845648,"0.2977173560421736,0.1337786220871327,0.16781527777777774,0.4,0.41,0.03565296242896494","0,0,0"
9.916666666666666,260,AV,1,0,0,28,5844.130995646287,0.3,-0.12891666666666668,"0.12492159277504104,0.09006346899224804,0.12196380952380953,0.3,0.28,0.28105826566054204","0,0,0"
23.083333333333332,3,AV,1,0,0,65,508.6019702527906,0.1,-0.2539166666666667,"0.7945945626477541,0.22899474689589297,0.25444004065040654,0.1,0.65,0.024459887668034006","0,0,0"
27.766666666666666,244,AV,2,0,0,70,4950.077303955518,0.3,-0.3609666666666667,"0.8462827903091061,0.2475821661998132,0.2709399224806201,0.3,0.7,0.23806108093261413","0,0,0"
57.666666666666664,295,AV,0,0,0,51,16390.717038727882,0.4,-0.8109939419484555,"0.5684102564102563,0.18755426356589144,0.21983282364933746,0.4,0.51,0.7882688644846343","0,0,0"
25.95,202,AV,0,0,0,35,3366.895459871004,0.1,-0.3032705711211179,"0.1804231372549019,0.10559355131698459,0.14084253246753245,0.1,0.35,0.16192207178734694","0,0,0"
99.28333333333333,42,AV,0,0,0,84,934.0011274976006,0.2,-1.2556397511454334,"0.8309087204563979,0.26569047619047614,0.2781265884652981,0.2,0.84,0.04491835265414619","0,0,0"
18.433333333333334,164,AV,1,0,0,49,2750.2432356670683,0.9,-0.35023333333333334,"0.4996061670569867,0.17868382352941176,0.2107847847847848,0.9,0.49,0.13226578845290615","0,0,0"
24.15,163,AV,2,0,0,57,2744.255474143275,0.9,-0.45885,"0.6982382812499999,0.21142415458937194,0.24302560646900268,0.9,0.57,0.13197782265092123","0,0,0"
5.066666666666666,79,AV,0,0,0,15,1291.2118623687816,0.3,-0.11233464124825665,"0.04233734939759035,0.06580952380952379,0.10335135135135134,0.3,0.15,0.062097472987522495","0,0,0"
25.883333333333333,278,AV,2,0,0,67,8348.421721831439,0.3,-0.3364833333333333,"0.8313259345794393,0.23558028455284558,0.26130281007751927,0.3,0.67,0.4014956084811817","0,0,0"
6.75,216,AV,0,0,0,23,3824.993837156676,0.2,-0.09668629978358377,"0.0610081499592502,0.0733743890518084,0.10864857142857144,0.2,0.23,0.18395312063237393","0,0,0"
20.35,154,AV,2,0,0,51,2520.718778515204,0.2,-0.2442,"0.5684102564102563,0.18755426356589144,0.21983282364933746,0.2,0.51,0.12122740722876209","0,0,0"
89.05,93,AV,0,0,0,67,1527.6889462703334,0.4,-1.285975010889149,"0.8313259345794393,0.23558028455284558,0.26130281007751927,0.4,0.67,0.07347022269476662","0,0,0"
16.85,156,AV,2,0,0,38,2528.765907819195,0.9,-0.32015,"0.2521698412698412,0.12195561850802646,0.15568909276248719,0.9,0.38,0.12161441296279007","0,0,0"
55.68333333333333,279,AV,0,0,0,49,8436.938288223368,0.2,-0.6753115845523903,"0.4996061670569867,0.17868382352941176,0.2107847847847848,0.2,0.49,0.4057525822983113","0,0,0"
19.166666666666668,51,AV,1,0,0,49,979.573716991658,0.8,-0.34500000000000003,"0.4996061670569867,0.17868382352941176,0.2107847847847848,0.8,0.49,0.04711004770246075","0,0,0"
17.916666666666668,192,AV,1,0,0,45,3159.4556453821087,0.2,-0.215,"0.3886822107081175,0.15565895953757225,0.18810824275362314,0.2,0.45,0.15194579395705407","0,0,0"
13.233333333333333,4,AV,2,0,0,24,513.3463032142733,0.4,-0.18526666666666666,"0.07406349206349208,0.07727142857142857,0.11171652421652421,0.4,0.24,0.024688054010448962","0,0,0"
83.71666666666667,39,AV,0,0,0,64,921.9548251796884,0.2,-1.0696791105608736,"0.7921552403467298,0.22837283236994219,0.2537618328298085,0.2,0.64,0.04433901710543634","0,0,0"
10.283333333333333,114,AV,1,0,0,30,1823.811293294481,0.2,-0.1234,"0.1372397094430993,0.09333947119924454,0.1266626746506986,0.2,0.3,0.08771145605177698","0,0,0"
71.66666666666667,102,AV,0,0,0,57,1635.9686818612918,0.2,-0.8966755187096468,"0.6982382812499999,0.21142415458937194,0.24302560646900268,0.2,0.57,0.07867765468320913","0,0,0"
27.366666666666667,226,AV,2,0,0,68,4227.85786318916,0.2,-0.32839999999999997,"0.841395539906103,0.23982517838939862,0.2659039385206532,0.2,0.68,0.20332781715065273","0,0,0"
27.633333333333333,13,AV,0,0,0,35,632.5893922142865,0.6,-0.5369815883601506,"0.1804231372549019,0.10559355131698459,0.14084253246753245,0.6,0.35,0.030422739939172414","0,0,0"
19.266666666666666,255,AV,1,0,0,51,5578.433439706214,0.2,-0.23119999999999996,"0.5684102564102563,0.18755426356589144,0.21983282364933746,0.2,0.51,0.2682802334230043","0,0,0"
17.916666666666668,179,AV,2,0,0,41,2965.4163440895786,0.1,-0.19708333333333336,"0.2977173560421736,0.1337786220871327,0.16781527777777774,0.1,0.41,0.14261397892212588","0,0,0"
97.53333333333333,43,AV,0,0,0,81,938.3100494872764,0.1,-1.136811415028667,"0.8340329268292683,0.2648221574344024,0.27809414024975987,0.1,0.81,0.04512557903941836","0,0,0"
75.3,8,AV,0,0,0,58,614.9217871931492,0.1,-0.925873384533786,"0.729611922141119,0.21636779835390946,0.2445890410958904,0.1,0.58,0.029573062471416202","0,0,0"
18.683333333333334,65,AV,1,0,0,49,1117.0806745336297,0.6,-0.29893333333333333,"0.4996061670569867,0.17868382352941176,0.2107847847847848,0.6,0.49,0.05372308684066549","0,0,0"
15.516666666666667,293,AV,1,0,0,39,14754.343640924068,0.5,-0.23275,"0.27426513317191287,0.12758217270194985,0.16066920731707324,0.5,0.39,0.7095717460418045","0,0,0"
27.716666666666665,252,AV,1,0,0,87,5458.612723313221,0.1,-0.30488333333333334,"0.8310812289562289,0.26868376068376065,0.28027998111425884,0.1,0.87,0.2625177680086071","0,0,0"
21.0,137,AV,2,0,0,47,2276.662146114732,0.2,-0.252,"0.4487578772802653,0.1700032588454376,0.20074950980392156,0.2,0.47,0.1094901388690128","0,0,0"
28.65,36,AV,2,0,0,75,870.7377108213431,0.1,-0.31515,"0.8352472712006719,0.2607881022615535,0.27556364468864475,0.1,0.75,0.04187586332869553","0,0,0"
24.683333333333334,31,AV,2,0,0,61,825.4433072334436,0.1,-0.2715166666666667,"0.7628393719806762,0.2242446009389671,0.2519516616314199,0.1,0.61,0.039697546907310144","0,0,0"
13.2,181,AV,1,0,0,38,2969.8754393798326,0.2,-0.1584,"0.2521698412698412,0.12195561850802646,0.15568909276248719,0.2,0.38,0.1428284275013291","0,0,0"
73.41666666666667,287,AV,0,0,0,57,11662.42845360034,0.4,-1.03297805942865,"0.6982382812499999,0.21142415458937194,0.24302560646900268,0.4,0.57,0.5608741345806508","0,0,0"
8.333333333333334,290,AV,0,0,0,23,13748.957190518822,0.2,-0.1043639673299278,"0.0610081499592502,0.0733743890518084,0.10864857142857144,0.2,0.23,0.6612203021265304","0,0,0"
20.6,185,AV,0,0,0,32,3031.4508351358254,0.3,-0.2875925030828718,"0.16036651053864173,0.09978617216117217,0.13475728155339806,0.3,0.32,0.14578973585520302","0,0,0"
6.233333333333333,152,AV,1,0,0,12,2478.182963693478,0.1,-0.06856666666666666,"0.03657196969696971,0.06221468926553673,0.09988812785388125,0.1,0.12,0.1191817579523926","0,0,0"
94.43333333333334,97,AV,0,0,0,76,1588.8002265047048,0.4,-1.3598310117360262,"0.8330925925925928,0.26098391812865485,0.2757025782688766,0.4,0.76,0.07640921062090368","0,0,0"
13.166666666666666,223,AV,2,0,0,31,4159.866430607663,0.5,-0.19749999999999998,"0.1549530015797788,0.09790892531876139,0.13120512820512822,0.5,0.31,0.20005794620912742","0,0,0"
28.4,28,AV,2,0,0,68,814.1496548969513,0.1,-0.3124,"0.841395539906103,0.23982517838939862,0.2659039385206532,0.1,0.68,0.039154408100012306","0,0,0"
25.783333333333335,37,AV,1,0,0,74,871.0408974081768,0.4,-0.36096666666666666,"0.8388147668393785,0.2573028169014083,0.2736494893221913,0.4,0.74,0.04189044429827518","0,0,0"
13.85,280,AV,2,0,0,15,8480.737499651503,0.5,-0.20775,"0.04233734939759035,0.06580952380952379,0.10335135135135134,0.5,0.15,0.407858991345347","0,0,0"
90.76666666666667,64,AV,0,0,0,67,1111.987968807459,0.4,-1.324690751653557,"0.8313259345794393,0.23558028455284558,0.26130281007751927,0.4,0.67,0.05347816641708441","0,0,0"
80.18333333333334,214,AV,0,0,0,61,3803.247088152212,0.3,-1.0581593264805866,"0.7628393719806762,0.2242446009389671,0.2519516616314199,0.3,0.61,0.18290726735435825","0,0,0"
25.0,118,AV,2,0,0,66,1900.764377468582,0.2,-0.3,"0.8114030373831776,0.2317621832358674,0.25718484848484846,0.2,0.66,0.09141231429593938","0,0,0"
15.416666666666666,209,AV,1,0,0,41,3531.3895067900216,0.6,-0.2466666666666667,"0.2977173560421736,0.1337786220871327,0.16781527777777774,0.6,0.41,0.16983298473111647","0,0,0"
23.1,21,AV,2,0,0,53,761.8437659652793,0.3,-0.3003,"0.604525993883792,0.1929698857736241,0.22598736637512146,0.3,0.53,0.03663889254467645","0,0,0"
3.3833333333333333,199,AV,0,0,0,0,3313.1900178081896,0.2,-0.05870943522028732,"nan,nan,nan,0.2,0.0,0.1593392483677569","0,0,0"
19.35,239,AV,1,0,0,49,4669.869929992837,0.1,-0.21285,"0.4996061670569867,0.17868382352941176,0.2107847847847848,0.1,0.49,0.224585236772051","0,0,0"
27.75,296,AV,2,0,0,71,17322.90883950548,0.9,-0.52725,"0.8468700000000002,0.2511671374764594,0.27220038535645485,0.9,0.71,0.833100202280572","0,0,0"
7.216666666666667,2,AV,1,0,0,13,497.26542980048754,0.1,-0.07938333333333335,"0.037666666666666675,0.06232222222222222,0.0993992673992674,0.1,0.13,0.023914686268460907","0,0,0"
13.516666666666667,95,AV,0,0,0,26,1567.0706205360798,0.1,-0.18697133338496766,"0.09480447889750218,0.08273734479465139,0.116224358974359,0.1,0.26,0.07536418179256658","0,0,0"
24.816666666666666,174,AV,2,0,0,56,2857.8751728516777,0.9,-0.47151666666666664,"0.6764528061224493,0.2061218689788054,0.23860036832412526,0.9,0.56,0.13744206626346972","0,0,0"
16.35,41,AV,1,0,0,45,932.1411738504048,0.5,-0.24525000000000002,"0.3886822107081175,0.15565895953757225,0.18810824275362314,0.5,0.45,0.04482890302567631","0,0,0"
21.8,275,AV,1,0,0,57,8028.27043643778,0.5,-0.327,"0.6982382812499999,0.21142415458937194,0.24302560646900268,0.5,0.57,0.3860987658900816","0,0,0"
23.616666666666667,60,AV,1,0,0,66,1068.5648373754009,0.1,-0.25978333333333337,"0.8114030373831776,0.2317621832358674,0.25718484848484846,0.1,0.66,0.05138984395837567","0,0,0"
45.35,70,AV,0,0,0,45,1150.2916000513435,0.2,-0.596360686905235,"0.3886822107081175,0.15565895953757225,0.18810824275362314,0.2,0.45,0.05532027984231857","0,0,0"
9.233333333333333,101,AV,1,0,0,27,1626.914224999384,0.1,-0.10156666666666667,"0.10743191311612364,0.08627667610953729,0.11918726053639847,0.1,0.27,0.07824220415275356","0,0,0"
25.783333333333335,78,AV,1,0,0,74,1275.9312017726234,0.1,-0.28361666666666674,"0.8388147668393785,0.2573028169014083,0.2736494893221913,0.1,0.74,0.06136258939772906","0,0,0"
18.766666666666666,258,AV,2,0,0,42,5721.231751015957,0.2,-0.22519999999999996,"0.32336598812553013,0.14182040229885057,0.1761258124419684,0.2,0.42,0.2751477464451918","0,0,0"
22.966666666666665,119,AV,1,0,0,63,1921.5023446668008,0.1,-0.2526333333333333,"0.7881539379474941,0.22807015065913366,0.2548027522935779,0.1,0.63,0.09240965283924012","0,0,0"
28.066666666666666,196,AV,1,0,0,94,3269.866339895674,0.9,-0.5332666666666667,"0.8313797881010595,0.2706765578635015,0.280410075329567,0.9,0.94,0.15725570886715387","0,0,0"
24.583333333333332,66,AV,1,0,0,71,1129.1321270070612,0.1,-0.2704166666666667,"0.8468700000000002,0.2511671374764594,0.27220038535645485,0.1,0.71,0.05430267007269716","0,0,0"
50.55,262,AV,0,0,0,47,5960.007005011629,0.1,-0.5661171022617167,"0.4487578772802653,0.1700032588454376,0.20074950980392156,0.1,0.47,0.2866310206600706","0,0,0"
25.766666666666666,153,AV,2,0,0,57,2496.2043409386315,0.2,-0.3092,"0.6982382812499999,0.21142415458937194,0.24302560646900268,0.2,0.57,0.1200484491742544","0,0,0"
21.133333333333333,165,AV,1,0,0,56,2754.938443140308,0.1,-0.23246666666666665,"0.6764528061224493,0.2061218689788054,0.23860036832412526,0.1,0.56,0.13249159223285706","0,0,0"
75.25,281,AV,0,0,0,58,8987.822610831106,0.3,-0.984925699176316,"0.729611922141119,0.21636779835390946,0.2445890410958904,0.3,0.58,0.4322459296252377","0,0,0"
10.266666666666667,158,AV,0,0,0,25,2563.744074524839,0.9,-0.21846993870001902,"0.08853259075907592,0.08093556201550388,0.114860321969697,0.9,0.25,0.1232965968285517","0,0,0"
21.066666666666666,17,AV,1,0,0,52,682.056612603955,0.3,-0.2738666666666667,"0.5932335575485801,0.1904076305220884,0.22169772256728784,0.3,0.52,0.03280173712115302","0,0,0"
17.383333333333333,57,AV,0,0,0,29,1038.299283744561,0.5,-0.31853680669374423,"0.13459661835748796,0.0924096618357488,0.1257556207233627,0.5,0.29,0.04993430094965855","0,0,0"
15.633333333333333,294,AV,2,0,0,37,15725.918848752755,0.9,-0.2970333333333333,"0.22012826797385635,0.11382378223495702,0.1469781341107871,0.9,0.37,0.7562971262693423","0,0,0"
18.4,130,AV,1,0,0,48,2139.4702648744856,0.6,-0.2944,"0.46895226537216833,0.1735057306590258,0.20479351032448384,0.6,0.48,0.10289225250527183","0,0,0"
16.366666666666667,230,AV,1,0,0,44,4549.115907877681,0.9,-0.31096666666666667,"0.3713781549173195,0.15278578154425615,0.18526400367309456,0.9,0.44,0.21877788644870882","0,0,0"
13.666666666666666,151,AV,0,0,0,26,2476.7926805910606,0.1,-0.17455821112394504,"0.09480447889750218,0.08273734479465139,0.116224358974359,0.1,0.26,0.1191148959060364","0,0,0"
62.9,276,AV,0,0,0,54,8029.700924090037,0.4,-0.888072258377643,"0.6289418604651164,0.19691613247863252,0.22885940409683425,0.4,0.54,0.386167561469594","0,0,0"
16.416666666666668,32,AV,1,0,0,44,832.3173438658397,0.2,-0.197,"0.3713781549173195,0.15278578154425615,0.18526400367309456,0.2,0.44,0.0400281358033201","0,0,0"
3.5166666666666666,178,AV,0,0,0,11,2953.761118311176,0.5,-0.0730630847745417,"0.03493478260869566,0.0598586956521739,0.09474666666666667,0.5,0.11,0.14205345118145746","0,0,0"
5.75,271,AV,1,0,0,0,7177.938863287724,0.3,-0.07475000000000001,"nan,nan,nan,0.3,0.0,0.345204282627472","0,0,0"
85.46666666666667,96,AV,0,0,0,65,1572.8756307612184,0.3,-1.149213357241917,"0.7945945626477541,0.22899474689589297,0.25444004065040654,0.3,0.65,0.07564335864661634","0,0,0"
25.666666666666668,277,AV,1,0,0,78,8331.964781214912,0.9,-0.48766666666666664,"0.8315111111111111,0.26305014749262534,0.2772598314606741,0.9,0.78,0.4007041547661289","0,0,0"
11.083333333333334,141,AV,2,0,0,13,2318.1098695731453,0.2,-0.133,"0.037666666666666675,0.06232222222222222,0.0993992673992674,0.2,0.13,0.1114834592239942","0,0,0"
8.133333333333333,63,AV,1,0,0,23,1097.8259349569896,0.6,-0.13013333333333332,"0.0610081499592502,0.0733743890518084,0.10864857142857144,0.6,0.23,0.05279708026839882","0,0,0"
24.833333333333332,58,AV,1,0,0,72,1040.734547163155,0.1,-0.27316666666666667,"0.8491124896608768,0.2540024154589372,0.2717007575757576,0.1,0.72,0.05005141860382586","0,0,0"
15.55,123,AV,0,0,0,27,1996.532829496936,0.5,-0.2633020978736514,"0.10743191311612364,0.08627667610953729,0.11918726053639847,0.5,0.27,0.0960180486732379","0,0,0"
16.15,288,AV,2,0,0,38,11940.25564443948,0.4,-0.22609999999999994,"0.2521698412698412,0.12195561850802646,0.15568909276248719,0.4,0.38,0.5742355100304415","0,0,0"
23.75,268,AV,1,0,0,66,6778.2755320215965,0.1,-0.26125,"0.8114030373831776,0.2317621832358674,0.25718484848484846,0.1,0.66,0.3259835151913118","0,0,0"
64.41666666666667,248,AV,0,0,0,54,5003.647877951615,0.3,-0.8494079181422927,"0.6289418604651164,0.19691613247863252,0.22885940409683425,0.3,0.54,0.24063741822365012","0,0,0"
15.45,88,AV,1,0,0,41,1475.2077210572677,0.2,-0.18539999999999998,"0.2977173560421736,0.1337786220871327,0.16781527777777774,0.2,0.41,0.07094627479744654","0,0,0"
13.383333333333333,35,AV,1,0,0,39,863.3540159882258,0.5,-0.20074999999999998,"0.27426513317191287,0.12758217270194985,0.16066920731707324,0.5,0.39,0.04152076374836295","0,0,0"
23.966666666666665,89,AV,2,0,0,57,1485.5718097438446,0.4,-0.3355333333333333,"0.6982382812499999,0.21142415458937194,0.24302560646900268,0.4,0.57,0.07144470866102204","0,0,0"
27.8,27,AV,0,0,0,36,807.7368269013535,0.7,-0.5468816199555646,"0.21149317269076298,0.11206298449612401,0.14564369501466276,0.7,0.36,0.0388459998326814","0,0,0"
24.2,22,AV,0,0,0,34,767.6170681366935,0.2,-0.36856397327595053,"0.17338995215311004,0.10413143631436314,0.13915814696485623,0.2,0.34,0.036916544482430876","0,0,0"
59.13333333333333,134,AV,0,0,0,51,2218.0502812558643,0.1,-0.6775174510907367,"0.5684102564102563,0.18755426356589144,0.21983282364933746,0.1,0.51,0.10667135381839783","0,0,0"
19.5,243,AV,1,0,0,49,4924.983441788647,0.1,-0.21450000000000002,"0.4996061670569867,0.17868382352941176,0.2107847847847848,0.1,0.49,0.2368542569609065","0,0,0"
21.75,83,AV,2,0,0,50,1365.417472605012,0.1,-0.23925000000000002,"0.5541377672209027,0.18587110481586402,0.21732617586912067,0.1,0.5,0.06566619862539994","0,0,0"
76.86666666666666,148,AV,0,0,0,58,2421.832203454489,0.3,-1.0240412980033944,"0.729611922141119,0.21636779835390946,0.2445890410958904,0.3,0.58,0.11647171484192467","0,0,0"
8.583333333333334,30,AV,1,0,0,24,822.5771428470101,0.2,-0.10300000000000001,"0.07406349206349208,0.07727142857142857,0.11171652421652421,0.2,0.24,0.039559706192899544","0,0,0"
34.75,249,AV,0,0,0,39,5004.1281918097375,0.3,-0.4637401005130528,"0.27426513317191287,0.12758217270194985,0.16066920731707324,0.3,0.39,0.24066051766821034","0,0,0"
14.416666666666666,47,AV,2,0,0,35,954.0002559944874,0.2,-0.173,"0.1804231372549019,0.10559355131698459,0.14084253246753245,0.2,0.35,0.045880158673594545","0,0,0"
43.61666666666667,146,AV,0,0,0,43,2392.7441380289174,0.6,-0.7229424777600444,"0.3428783454987834,0.14740526849037486,0.18069722222222226,0.6,0.43,0.1150728000629743","0,0,0"
13.966666666666667,98,AV,2,0,0,33,1594.6992934726818,0.1,-0.15363333333333334,"0.16624473067915688,0.10162694063926939,0.13652272727272727,0.1,0.33,0.07669291088913349","0,0,0"
17.2,128,AV,0,0,0,27,2117.047321722312,0.4,-0.26914135986681076,"0.10743191311612364,0.08627667610953729,0.11918726053639847,0.4,0.27,0.10181387943012177","0,0,0"
24.1,298,AV,1,0,0,69,19040.472291926453,0.5,-0.36150000000000004,"0.8435441767068272,0.24492652859960548,0.2692992315081653,0.5,0.69,0.91570194503052","0,0,0"
12.033333333333333,26,AV,0,0,0,25,806.3598325453933,0.2,-0.21880846825244404,"0.08853259075907592,0.08093556201550388,0.114860321969697,0.2,0.25,0.03877977687399022","0,0,0"
78.5,147,AV,0,0,0,59,2421.0391237858234,0.1,-0.8882827469661776,"0.7511958925750396,0.22158585858585866,0.24929310344827585,0.1,0.59,0.11643357373995898","0,0,0"
46.9,195,AV,0,0,0,45,3230.862018062417,0.9,-0.909670895217612,"0.3886822107081175,0.15565895953757225,0.18810824275362314,0.9,0.45,0.15537989755219744","0,0,0"
17.466666666666665,283,AV,2,0,0,39,9884.322174397852,0.2,-0.20959999999999995,"0.27426513317191287,0.12758217270194985,0.16066920731707324,0.2,0.39,0.47536074219347274","0,0,0"
64.43333333333334,228,AV,0,0,0,55,4459.768546990965,0.1,-0.7222202796440673,"0.6570385572139305,0.20277846153846155,0.23683869526362827,0.1,0.55,0.21448095773323778","0,0,0"
15.966666666666667,40,AV,1,0,0,43,932.0432837729122,0.2,-0.19160000000000002,"0.3428783454987834,0.14740526849037486,0.18069722222222226,0.2,0.43,0.04482419525724574","0,0,0"
20.683333333333334,19,AV,0,0,0,30,743.7818724069466,0.6,-0.41160214528734684,"0.1372397094430993,0.09333947119924454,0.1266626746506986,0.6,0.3,0.035770252796212196","0,0,0"
14.4,126,AV,2,0,0,28,2046.5713793034688,0.4,-0.2016,"0.12492159277504104,0.09006346899224804,0.12196380952380953,0.4,0.28,0.09842452245612708","0,0,0"
19.6,106,AV,1,0,0,51,1682.490559712908,0.4,-0.2744,"0.5684102564102563,0.18755426356589144,0.21983282364933746,0.4,0.51,0.08091500328370894","0,0,0"
17.366666666666667,48,AV,2,0,0,37,961.7772661313056,0.5,-0.2605,"0.22012826797385635,0.11382378223495702,0.1469781341107871,0.5,0.37,0.04625417372950396","0,0,0"
27.116666666666667,182,AV,2,0,0,70,2971.291490045772,0.2,-0.32539999999999997,"0.8462827903091061,0.2475821661998132,0.2709399224806201,0.2,0.7,0.14289652877156978","0,0,0"
16.766666666666666,67,AV,1,0,0,45,1135.438045570021,0.1,-0.18443333333333334,"0.3886822107081175,0.15565895953757225,0.18810824275362314,0.1,0.45,0.0546059368091927","0,0,0"
20.083333333333332,170,AV,1,0,0,52,2797.307504072895,0.9,-0.3815833333333333,"0.5932335575485801,0.1904076305220884,0.22169772256728784,0.9,0.52,0.13452922191505445","0,0,0"
22.933333333333334,74,AV,2,0,0,47,1249.5878531833848,0.3,-0.29813333333333336,"0.4487578772802653,0.1700032588454376,0.20074950980392156,0.3,0.47,0.06009567462944302","0,0,0"
28.366666666666667,291,AV,2,0,0,74,14297.77376075636,0.2,-0.3404,"0.8388147668393785,0.2573028169014083,0.2736494893221913,0.2,0.74,0.6876142062863859","0,0,0"
81.93333333333334,180,AV,0,0,0,62,2966.188350320237,0.2,-1.0034279804630486,"0.7880626506024094,0.22791269841269834,0.255103150406504,0.2,0.62,0.14265110655195307","0,0,0"
88.83333333333333,111,AV,0,0,0,66,1794.439334206041,0.4,-1.2771032943955984,"0.8114030373831776,0.2317621832358674,0.25718484848484846,0.4,0.66,0.08629888814619799","0,0,0"
40.11666666666667,125,AV,0,0,0,42,2044.1603053436156,0.9,-0.7915685721131988,"0.32336598812553013,0.14182040229885057,0.1761258124419684,0.9,0.42,0.09830856813100321","0,0,0"
31.15,251,AV,0,0,0,37,5434.023139443809,0.4,-0.4471415429710778,"0.22012826797385635,0.11382378223495702,0.1469781341107871,0.4,0.37,0.26133519598878074","0,0,0"
90.81666666666666,84,AV,0,0,0,67,1389.0632502942228,0.3,-1.2238112440102766,"0.8313259345794393,0.23558028455284558,0.26130281007751927,0.3,0.67,0.0668033807440888","0,0,0"
21.766666666666666,184,AV,2,0,0,45,3017.17067826153,0.5,-0.32649999999999996,"0.3886822107081175,0.15565895953757225,0.18810824275362314,0.5,0.45,0.14510296888720728","0,0,0"
28.3,108,AV,2,0,0,92,1716.9764066453156,0.2,-0.3396,"0.8333506600660067,0.26969331395348844,0.2801311553030304,0.2,0.92,0.08257351031167907","0,0,0"
19.916666666666668,263,AV,2,0,0,41,5984.209260784091,0.2,-0.23900000000000002,"0.2977173560421736,0.1337786220871327,0.16781527777777774,0.2,0.41,0.28779496514344177","0,0,0"
20.0,76,AV,2,0,0,45,1261.43865123121,0.4,-0.27999999999999997,"0.3886822107081175,0.15565895953757225,0.18810824275362314,0.4,0.45,0.060665607909257666","0,0,0"
25.75,77,AV,1,0,0,73,1275.6237969650936,0.2,-0.309,"0.8454671717171715,0.2556152380952381,0.2733436911487759,0.2,0.73,0.06134780556380672","0,0,0"
69.68333333333334,16,AV,0,0,0,56,676.2529471816457,0.2,-0.9249241974324197,"0.6764528061224493,0.2061218689788054,0.23860036832412526,0.2,0.56,0.03252262494189429","0,0,0"
16.016666666666666,201,AV,1,0,0,43,3362.377553451843,0.6,-0.25626666666666664,"0.3428783454987834,0.14740526849037486,0.18069722222222226,0.6,0.43,0.16170479484000747","0,0,0"
61.083333333333336,237,AV,0,0,0,53,4660.29795945294,0.4,-0.8680413799408031,"0.604525993883792,0.1929698857736241,0.22598736637512146,0.4,0.53,0.2241248977685445","0,0,0"
15.266666666666667,94,AV,1,0,0,39,1541.4014724042315,0.2,-0.1832,"0.27426513317191287,0.12758217270194985,0.16066920731707324,0.2,0.39,0.07412969094006937","0,0,0"
22.5,193,AV,0,0,0,32,3169.820795106812,0.1,-0.2664285148525181,"0.16036651053864173,0.09978617216117217,0.13475728155339806,0.1,0.32,0.15244427884849596","0,0,0"
52.3,235,AV,0,0,0,48,4635.813442599864,0.1,-0.5882427123724701,"0.46895226537216833,0.1735057306590258,0.20479351032448384,0.1,0.48,0.222947378673338","0,0,0"
10.5,45,AV,2,0,0,18,946.2003450753726,0.4,-0.147,"0.05031970260223048,0.06970158730158732,0.10720550847457626,0.4,0.18,0.04550504226418034","0,0,0"
23.866666666666667,217,AV,1,0,0,66,3866.930621896856,0.2,-0.2864,"0.8114030373831776,0.2317621832358674,0.25718484848484846,0.2,0.66,0.18596996111648273","0,0,0"
28.25,267,AV,2,0,0,68,6434.117121135291,0.2,-0.33899999999999997,"0.841395539906103,0.23982517838939862,0.2659039385206532,0.2,0.68,0.3094321123996473","0,0,0"
27.683333333333334,215,AV,2,0,0,97,3822.7735841463273,0.1,-0.30451666666666666,"0.8295155131264917,0.2715638297872341,0.2798428030303031,0.1,0.97,0.18384634334403438","0,0,0"
18.1,194,AV,2,0,0,39,3225.188153267811,0.1,-0.19910000000000003,"0.27426513317191287,0.12758217270194985,0.16066920731707324,0.1,0.39,0.15510702779620594","0,0,0"
83.68333333333334,162,AV,0,0,0,63,2722.266725979925,0.1,-0.9425571226687883,"0.7881539379474941,0.22807015065913366,0.2548027522935779,0.1,0.63,0.13092033105337805","0,0,0"
22.1,122,AV,2,0,0,53,1963.0347272178835,0.3,-0.2873,"0.604525993883792,0.1929698857736241,0.22598736637512146,0.3,0.53,0.09440704465288248","0,0,0"
24.95,109,AV,2,0,0,56,1778.835052690156,0.9,-0.47404999999999997,"0.6764528061224493,0.2061218689788054,0.23860036832412526,0.9,0.56,0.08554844085078303","0,0,0"
12.666666666666666,205,AV,1,0,0,37,3386.12741774329,0.9,-0.2406666666666666,"0.22012826797385635,0.11382378223495702,0.1469781341107871,0.9,0.37,0.16284698273285247","0,0,0"
82.1,149,AV,0,0,0,61,2446.4664131825853,0.9,-1.5844251680859767,"0.7628393719806762,0.2242446009389671,0.2519516616314199,0.9,0.61,0.11765643302624577","0,0,0"
66.36666666666666,55,AV,0,0,0,55,1020.7360413649084,0.6,-1.1206477790880223,"0.6570385572139305,0.20277846153846155,0.23683869526362827,0.6,0.55,0.04908964253144747","0,0,0"
17.416666666666668,257,AV,2,0,0,37,5654.280440205098,0.3,-0.2264166666666667,"0.22012826797385635,0.11382378223495702,0.1469781341107871,0.3,0.37,0.2719278974523786","0,0,0"
24.75,286,AV,1,0,0,71,11515.391842589095,0.6,-0.396,"0.8468700000000002,0.2511671374764594,0.27220038535645485,0.6,0.71,0.5538027915682833","0,0,0"
7.283333333333333,161,AV,1,0,0,18,2648.588416164911,0.2,-0.08739999999999999,"0.05031970260223048,0.06970158730158732,0.10720550847457626,0.2,0.18,0.1273769645564883","0,0,0"
17.633333333333333,270,AV,1,0,0,45,7128.986247371214,0.3,-0.22923333333333334,"0.3886822107081175,0.15565895953757225,0.18810824275362314,0.3,0.45,0.34285003400790975","0,0,0"
87.3,155,AV,0,0,0,65,2520.757475212996,0.1,-0.9841023691648203,"0.7945945626477541,0.22899474689589297,0.25444004065040654,0.1,0.65,0.12122926824569963","0,0,0"
