travel_time,id,kind,action,origin,destination,start_time,income,urgency,reward,observation,cost_table
15.833333333333334,150,AV,1,0,0,44,2458.2611968747465,0.4,-0.22166666666666665,"0.37152098466505235,0.15181223628691978,0.18555935422602096,0.4,0.44,0.1182236724414522","0,0,0"
3.2333333333333334,99,AV,0,0,0,15,1614.9493849180149,0.4,-0.08241953384649223,"0.04268699186991871,0.06651641414141415,0.10187009803921565,0.4,0.15,0.07766678631823196","0,0,0"
25.466666666666665,117,AV,2,0,0,60,1880.1756700095973,0.9,-0.4838666666666666,"0.7896500405515003,0.2225081184336199,0.24976562499999996,0.9,0.6,0.0904221540112152","0,0,0"
18.35,56,AV,2,0,0,43,1025.7249596144625,0.2,-0.22020000000000003,"0.34705927636643563,0.14660503751339762,0.18120982142857145,0.2,0.43,0.049329571566540366","0,0,0"
15.483333333333333,188,AV,2,0,0,37,3097.4575811220984,0.2,-0.1858,"0.2196216216216217,0.11387362637362643,0.146311758360302,0.2,0.37,0.14896415846185204","0,0,0"
23.85,177,AV,0,0,0,37,2946.490055333797,0.1,-0.28271321143911105,"0.2196216216216217,0.11387362637362643,0.146311758360302,0.1,0.37,0.14170376833700152","0,0,0"
12.166666666666666,208,AV,1,0,0,37,3456.1529418207683,0.1,-0.13383333333333333,"0.2196216216216217,0.11387362637362643,0.146311758360302,0.1,0.37,0.1662146780093356","0,0,0"
38.15,221,AV,0,0,0,45,4061.843573313689,0.1,-0.43442161759605913,"0.3881471067644662,0.15465935214211074,0.1877372159090909,0.1,0.45,0.19534379207968386","0,0,0"
66.08333333333333,191,AV,0,0,0,57,3151.1733449572957,0.4,-0.9442071932997111,"0.7083213675213677,0.21047451580020385,0.2416427915518825,0.4,0.57,0.1515474782802132","0,0,0"
14.133333333333333,53,AV,2,0,0,35,1014.5614647146556,0.2,-0.1696,"0.18629064039408866,0.10539407191448008,0.13954128902316212,0.2,0.35,0.04879269234230884","0,0,0"
92.33333333333333,245,AV,0,0,0,79,4951.479839002994,0.9,-1.7664509228118115,"0.8288914549653583,0.2640415318230852,0.27740976331360945,0.9,0.79,0.23812853220437127","0,0,0"
26.633333333333333,253,AV,1,0,0,76,5480.041794665195,0.5,-0.39949999999999997,"0.8326437198067634,0.25985916919959473,0.2755816023738872,0.5,0.76,0.26354834340696637","0,0,0"
53.93333333333333,71,AV,0,0,0,49,1150.4391077840953,0.3,-0.753287332266461,"0.5190705289672544,0.17897528916929548,0.20929371584699447,0.3,0.49,0.05532737384270454","0,0,0"
93.86666666666666,247,AV,0,0,0,85,4968.170350229253,0.4,-1.3262102139091434,"0.8110560606060605,0.26928533755274253,0.2783076131687242,0.4,0.85,0.23893121888982288","0,0,0"
22.683333333333334,273,AV,2,0,0,52,7897.119961473183,0.3,-0.29488333333333333,"0.6055045948203843,0.1902290419161677,0.22033045148895294,0.3,0.52,0.37979142523300763","0,0,0"
25.5,85,AV,2,0,0,58,1434.4967426379471,0.4,-0.357,"0.7427472573839664,0.21569910179640725,0.2432212725546059,0.4,0.58,0.06898838627708276","0,0,0"
20.6,103,AV,2,0,0,47,1653.1781197118603,0.3,-0.26780000000000004,"0.45825135975135967,0.17040804597701142,0.20073393574297183,0.3,0.47,0.07950529779368645","0,0,0"
36.38333333333333,284,AV,0,0,0,44,11049.706566164488,0.2,-0.4420300084478014,"0.37152098466505235,0.15181223628691978,0.18555935422602096,0.2,0.44,0.5314068705608562","0,0,0"
25.816666666666666,168,AV,1,0,0,73,2780.081336731352,0.5,-0.38725,"0.8628329268292683,0.2509271488469602,0.27282244318181825,0.5,0.73,0.13370077424326215","0,0,0"
29.35,34,AV,0,0,0,41,857.6590975250949,0.3,-0.4515078657454216,"0.29801031746031736,0.133685817805383,0.16670759368836294,0.3,0.41,0.041246881470994735","0,0,0"
43.416666666666664,261,AV,0,0,0,46,5899.132481879994,0.3,-0.574587653703201,"0.42610725308641983,0.16405186304128905,0.1970399579390116,0.3,0.46,0.2837034189504176","0,0,0"
18.45,11,AV,1,0,0,49,626.2908344343901,0.3,-0.23985,"0.5190705289672544,0.17897528916929548,0.20929371584699447,0.3,0.49,0.03011982720037529","0,0,0"
15.2,124,AV,2,0,0,30,1997.7276787447236,0.4,-0.2128,"0.13640726495726496,0.09328181818181819,0.1266171296296296,0.4,0.3,0.09607551183714699","0,0,0"
22.466666666666665,229,AV,1,0,0,57,4547.885280126284,0.1,-0.24713333333333334,"0.7083213675213677,0.21047451580020385,0.2416427915518825,0.1,0.57,0.2187187026108142","0,0,0"
27.633333333333333,166,AV,0,0,0,39,2761.3662775036096,0.4,-0.4085950409460261,"0.2725365853658537,0.12706256109481914,0.16075683890577508,0.4,0.39,0.13280072219237518","0,0,0"
88.98333333333333,24,AV,0,0,0,72,779.2240782816187,0.1,-1.0558163406658516,"0.8701875522138682,0.2491349693251533,0.2718089201877935,0.1,0.72,0.03747475341773148","0,0,0"
13.8,250,AV,0,0,0,28,5158.4050556257225,0.5,-0.2186315022478827,"0.12479371231696815,0.08965077071290946,0.12226080691642655,0.5,0.28,0.24808006178999184","0,0,0"
24.883333333333333,282,AV,1,0,0,66,9030.678864893336,0.1,-0.27371666666666666,"0.8389401913875598,0.22989823468328144,0.2554912023460411,0.1,0.66,0.4343069895926497","0,0,0"
62.65,112,AV,0,0,0,55,1804.2001824470888,0.1,-0.7224057332516286,"0.6727159904534603,0.20267999999999997,0.2341359126984127,0.1,0.55,0.08676831073101827","0,0,0"
48.666666666666664,176,AV,0,0,0,48,2942.323800284961,0.2,-0.6043920452243186,"0.48033292583537074,0.17403787878787877,0.20427318640955008,0.2,0.48,0.1415034031468308","0,0,0"
26.883333333333333,266,AV,2,0,0,80,6248.181898567973,0.2,-0.32259999999999994,"0.8284844961240313,0.265207251082251,0.27816423001949314,0.2,0.8,0.3004900419328989","0,0,0"
30.933333333333334,175,AV,0,0,0,41,2898.378436294527,0.3,-0.4228345638036745,"0.29801031746031736,0.133685817805383,0.16670759368836294,0.3,0.41,0.13938996527280403","0,0,0"
27.416666666666668,92,AV,2,0,0,69,1519.7273932229994,0.5,-0.41125,"0.8718089330024814,0.24226106194690264,0.26879142011834317,0.5,0.69,0.07308733252801383","0,0,0"
9.066666666666666,120,AV,1,0,0,26,1929.5758599688188,0.1,-0.09973333333333333,"0.09543724531377341,0.08260160160160158,0.11632692307692309,0.1,0.26,0.09279792753915007","0,0,0"
6.683333333333334,234,AV,1,0,0,2,4617.1597275219765,0.9,-0.12698333333333334,"0.03384210526315789,0.057481481481481474,0.09043798449612402,0.9,0.02,0.2220502768096353","0,0,0"
17.2,190,AV,0,0,0,30,3132.463358685509,0.2,-0.22555425437735305,"0.13640726495726496,0.09328181818181819,0.1266171296296296,0.2,0.3,0.150647670199936","0,0,0"
6.716666666666667,121,AV,0,0,0,21,1945.516475481125,0.2,-0.11144013975526063,"0.05347080679405518,0.07025857338820302,0.10574769433465081,0.2,0.21,0.09356454994251304","0,0,0"
22.016666666666666,86,AV,1,0,0,55,1447.5744631551047,0.5,-0.33025,"0.6727159904534603,0.20267999999999997,0.2341359126984127,0.5,0.55,0.06961732519889745","0,0,0"
15.466666666666667,264,AV,1,0,0,43,6007.794801579103,0.3,-0.20106666666666667,"0.34705927636643563,0.14660503751339762,0.18120982142857145,0.3,0.43,0.2889292503255245","0,0,0"
74.81666666666666,222,AV,0,0,0,65,4104.202624979457,0.2,-0.9124191612555436,"0.8224809190031148,0.22702786069651743,0.2539484752891693,0.2,0.65,0.19738094039225168","0,0,0"
17.883333333333333,33,AV,2,0,0,42,835.7777612710734,0.4,-0.2503666666666666,"0.3272961685823754,0.14085010162601624,0.17597739221871708,0.4,0.42,0.0401945555695952","0,0,0"
25.15,169,AV,1,0,0,67,2793.3389947689566,0.4,-0.35209999999999997,"0.8503213429256593,0.23395619335347434,0.25885893574297186,0.4,0.67,0.1343383667916745","0,0,0"
8.5,145,AV,0,0,0,22,2382.718205806423,0.3,-0.13568132436046637,"0.056510798122065733,0.07145833333333333,0.10724226804123711,0.3,0.22,0.11459062895418437","0,0,0"
4.983333333333333,90,AV,0,0,0,15,1503.4428459110418,0.2,-0.0997084010164961,"0.04268699186991871,0.06651641414141415,0.10187009803921565,0.2,0.15,0.0723041696201366","0,0,0"
62.733333333333334,246,AV,0,0,0,56,4959.361066312568,0.5,-0.953098332667803,"0.6893611825192804,0.20545189504373176,0.23674664750957852,0.5,0.56,0.23850755931388606","0,0,0"
23.016666666666666,269,AV,1,0,0,58,7099.697064525982,0.3,-0.2992166666666667,"0.7427472573839664,0.21569910179640725,0.2432212725546059,0.3,0.58,0.3414414470102487","0,0,0"
11.533333333333333,227,AV,2,0,0,22,4304.4895651906745,0.3,-0.14993333333333334,"0.056510798122065733,0.07145833333333333,0.10724226804123711,0.3,0.22,0.207013219355909","0,0,0"
11.15,129,AV,1,0,0,33,2123.4400354784907,0.7,-0.18955,"0.17100747581354447,0.1010112745098039,0.1348910433979686,0.7,0.33,0.1021213203554731","0,0,0"
27.6,159,AV,0,0,0,39,2574.4307659940623,0.1,-0.3269061229661122,"0.2725365853658537,0.12706256109481914,0.16075683890577508,0.1,0.39,0.12381054543309646","0,0,0"
13.4,5,AV,1,0,0,38,522.2875039790788,0.9,-0.2546,"0.25058312551953443,0.12094647887323945,0.15642386831275715,0.9,0.38,0.025118057783764625","0,0,0"
24.516666666666666,23,AV,2,0,0,59,779.0639592631991,0.3,-0.31871666666666665,"0.7734800813008131,0.21987732160312806,0.24786930091185413,0.3,0.59,0.03746705291039347","0,0,0"
8.383333333333333,140,AV,1,0,0,21,2302.618320259251,0.2,-0.1006,"0.05347080679405518,0.07025857338820302,0.10574769433465081,0.2,0.21,0.11073843349034766","0,0,0"
20.033333333333335,198,AV,2,0,0,46,3301.717979419838,0.2,-0.24040000000000003,"0.42610725308641983,0.16405186304128905,0.1970399579390116,0.2,0.46,0.15878753054770403","0,0,0"
20.583333333333332,238,AV,0,0,0,33,4662.282088415262,0.3,-0.28045256751139536,"0.17100747581354447,0.1010112745098039,0.1348910433979686,0.3,0.33,0.2242203192855181","0,0,0"
25.1,20,AV,2,0,0,54,753.5670156580491,0.2,-0.30119999999999997,"0.6470484775641029,0.1972004153686397,0.22639601554907682,0.2,0.54,0.03624084378629158","0,0,0"
19.683333333333334,220,AV,2,0,0,46,4021.28082322038,0.4,-0.2755666666666666,"0.42610725308641983,0.16405186304128905,0.1970399579390116,0.4,0.46,0.1933930322147629","0,0,0"
9.516666666666667,100,AV,1,0,0,27,1614.9573615816892,0.5,-0.14275000000000002,"0.10874756097560978,0.08602650356778799,0.11879543245869774,0.5,0.27,0.07766716993510497","0,0,0"
13.6,104,AV,1,0,0,38,1659.6531244520008,0.6,-0.21760000000000002,"0.25058312551953443,0.12094647887323945,0.15642386831275715,0.6,0.38,0.07981669628967558","0,0,0"
25.7,200,AV,1,0,0,68,3361.758609282253,0.3,-0.3341,"0.8644291564291565,0.2395549076773567,0.2637964646464647,0.3,0.68,0.16167502833152653","0,0,0"
85.5,160,AV,0,0,0,70,2580.565825479665,0.3,-1.1347507147880436,"0.8747076923076921,0.24396111111111107,0.27052525252525256,0.3,0.7,0.12410559514707999","0,0,0"
21.183333333333334,167,AV,2,0,0,47,2767.495209174315,0.7,-0.3601166666666667,"0.45825135975135967,0.17040804597701142,0.20073393574297183,0.7,0.47,0.13309547720505432","0,0,0"
46.1,1,AV,0,0,0,100,477.1303205766694,0.3,-0.7250518070272348,"0.8026331775700933,0.27416970618034453,0.27954179566563475,0.3,1.0,0.022946340609962184","0,0,0"
10.516666666666667,52,AV,2,0,0,14,985.8695826897422,0.3,-0.13671666666666668,"0.04136013986013985,0.06608472222222221,0.1013217391304348,0.3,0.14,0.04741283097259167","0,0,0"
11.5,73,AV,1,0,0,35,1244.4027248274256,0.9,-0.2185,"0.18629064039408866,0.10539407191448008,0.13954128902316212,0.9,0.35,0.05984630938009477","0,0,0"
13.133333333333333,289,AV,2,0,0,26,13079.31179296209,0.3,-0.17073333333333335,"0.09543724531377341,0.08260160160160158,0.11632692307692309,0.3,0.26,0.6290154500817918","0,0,0"
22.25,82,AV,1,0,0,56,1342.087988935639,0.6,-0.35600000000000004,"0.6893611825192804,0.20545189504373176,0.23674664750957852,0.6,0.56,0.06454422784415724","0,0,0"
18.466666666666665,72,AV,2,0,0,42,1194.3606142611325,0.1,-0.20313333333333333,"0.3272961685823754,0.14085010162601624,0.17597739221871708,0.1,0.42,0.05743966435173499","0,0,0"
23.616666666666667,54,AV,1,0,0,58,1017.530975349866,0.1,-0.25978333333333337,"0.7427472573839664,0.21569910179640725,0.2432212725546059,0.1,0.58,0.048935503225503364","0,0,0"
59.3,25,AV,0,0,0,53,802.5586880039084,0.2,-0.7863608877666374,"0.6216936274509803,0.19318881856540082,0.22394101123595506,0.2,0.53,0.038596970723144074","0,0,0"
23.383333333333333,254,AV,2,0,0,52,5557.427333357366,0.4,-0.32736666666666664,"0.6055045948203843,0.1902290419161677,0.22033045148895294,0.4,0.52,0.26726999942532587","0,0,0"
20.433333333333334,207,AV,2,0,0,46,3398.605365942332,0.3,-0.26563333333333333,"0.42610725308641983,0.16405186304128905,0.1970399579390116,0.3,0.46,0.16344707716647097","0,0,0"
11.083333333333334,87,AV,1,0,0,31,1460.8215047913693,0.5,-0.16625,"0.1561469072164949,0.09756060606060606,0.1312670349907919,0.5,0.31,0.07025440717912602","0,0,0"
48.65,225,AV,0,0,0,48,4223.122456076251,0.3,-0.6466574970887172,"0.48033292583537074,0.17403787878787877,0.20427318640955008,0.3,0.48,0.20310008007368746","0,0,0"
23.35,75,AV,2,0,0,57,1260.6549751070208,0.9,-0.44365,"0.7083213675213677,0.21047451580020385,0.2416427915518825,0.9,0.57,0.06062791904628244","0,0,0"
8.55,186,AV,0,0,0,22,3048.604611013583,0.6,-0.15648113535721891,"0.056510798122065733,0.07145833333333333,0.10724226804123711,0.6,0.22,0.14661470204800806","0,0,0"
21.45,142,AV,1,0,0,54,2318.2944376966047,0.7,-0.36465,"0.6470484775641029,0.1972004153686397,0.22639601554907682,0.7,0.54,0.11149233554738845","0,0,0"
28.3,299,AV,2,0,0,86,20793.30768626012,0.4,-0.3962,"0.8098481735159815,0.2712031746031746,0.27837206931702324,0.4,0.86,1.0","0,0,0"
15.616666666666667,59,AV,1,0,0,43,1047.1205397958274,0.3,-0.20301666666666668,"0.34705927636643563,0.14660503751339762,0.18120982142857145,0.3,0.43,0.050358536294239885","0,0,0"
73.4,115,AV,0,0,0,61,1832.3133019091129,0.3,-0.9869454916893773,"0.7925328582739509,0.22272485207100595,0.2509034267912772,0.3,0.61,0.08812033802202023","0,0,0"
20.116666666666667,0,AV,1,0,0,53,381.3218977270381,0.4,-0.2816333333333333,"0.6216936274509803,0.19318881856540082,0.22394101123595506,0.4,0.53,0.018338683940074114","0,0,0"
17.516666666666666,241,AV,0,0,0,30,4754.245589533712,0.2,-0.22282029881924645,"0.13640726495726496,0.09328181818181819,0.1266171296296296,0.2,0.3,0.22864306445459084","0,0,0"
45.1,224,AV,0,0,0,46,4200.245935785981,0.3,-0.6005848778184157,"0.42610725308641983,0.16405186304128905,0.1970399579390116,0.3,0.46,0.2019998933869206","0,0,0"
13.716666666666667,233,AV,2,0,0,34,4572.8741748457805,0.4,-0.1920333333333333,"0.17977564102564103,0.10338920725883476,0.1379765395894428,0.4,0.34,0.21992047844641197","0,0,0"
19.15,197,AV,2,0,0,43,3278.222126324269,0.3,-0.24894999999999998,"0.34705927636643563,0.14660503751339762,0.18120982142857145,0.3,0.43,0.1576575586620336","0,0,0"
11.616666666666667,14,AV,1,0,0,35,636.6552097563458,0.2,-0.1394,"0.18629064039408866,0.10539407191448008,0.13954128902316212,0.2,0.35,0.030618274848933116","0,0,0"
59.166666666666664,12,AV,0,0,0,52,627.4062491148882,0.9,-1.2197984843041938,"0.6055045948203843,0.1902290419161677,0.22033045148895294,0.9,0.52,0.03017347016557005","0,0,0"
11.133333333333333,68,AV,2,0,0,24,1141.0395517097602,0.1,-0.12246666666666667,"0.07316297208538586,0.07696334310850442,0.1118813813813814,0.1,0.24,0.054875326664056465","0,0,0"
17.166666666666668,171,AV,2,0,0,38,2813.5576138103806,0.6,-0.2746666666666667,"0.25058312551953443,0.12094647887323945,0.15642386831275715,0.6,0.38,0.13531072863744203","0,0,0"
17.766666666666666,203,AV,1,0,0,46,3368.9508766880413,0.1,-0.19543333333333335,"0.42610725308641983,0.16405186304128905,0.1970399579390116,0.1,0.46,0.16202092170810273","0,0,0"
25.4,50,AV,2,0,0,56,979.5720138781878,0.5,-0.381,"0.6893611825192804,0.20545189504373176,0.23674664750957852,0.5,0.56,0.04710996579565228","0,0,0"
50.46666666666667,219,AV,0,0,0,48,3942.222625638348,0.2,-0.6208198406071206,"0.48033292583537074,0.17403787878787877,0.20427318640955008,0.2,0.48,0.18959093402168548","0,0,0"
73.08333333333333,172,AV,0,0,0,61,2818.3733061874163,0.1,-0.825205542724454,"0.7925328582739509,0.22272485207100595,0.2509034267912772,0.1,0.61,0.13554232682517134","0,0,0"
24.483333333333334,206,AV,2,0,0,58,3393.6426315430986,0.2,-0.2938,"0.7427472573839664,0.21569910179640725,0.2432212725546059,0.2,0.58,0.1632084073754924","0,0,0"
16.1,133,AV,2,0,0,37,2212.8825544422834,0.1,-0.1771,"0.2196216216216217,0.11387362637362643,0.146311758360302,0.1,0.37,0.1064228254509272","0,0,0"
17.95,44,AV,2,0,0,42,946.1123250925148,0.4,-0.25129999999999997,"0.3272961685823754,0.14085010162601624,0.17597739221871708,0.4,0.42,0.04550080917225548","0,0,0"
24.083333333333332,240,AV,1,0,0,59,4747.153558918807,0.9,-0.4575833333333333,"0.7734800813008131,0.21987732160312806,0.24786930091185413,0.9,0.59,0.22830199170551635","0,0,0"
22.983333333333334,135,AV,2,0,0,53,2218.7455195521825,0.3,-0.29878333333333335,"0.6216936274509803,0.19318881856540082,0.22394101123595506,0.3,0.53,0.1067047894942801","0,0,0"
80.25,232,AV,0,0,0,67,4569.840806868062,0.3,-1.0563795602047725,"0.8503213429256593,0.23395619335347434,0.25885893574297186,0.3,0.67,0.21977459651057532","0,0,0"
21.966666666666665,218,AV,2,0,0,49,3933.772930850901,0.4,-0.30753333333333327,"0.5190705289672544,0.17897528916929548,0.20929371584699447,0.4,0.49,0.1891845679487672","0,0,0"
11.316666666666666,69,AV,2,0,0,17,1148.2139867956057,0.3,-0.14711666666666667,"0.04872088353413653,0.06958290155440416,0.1054571197411003,0.3,0.17,0.05522036244162957","0,0,0"
19.883333333333333,9,AV,1,0,0,52,615.3970356119416,0.2,-0.23859999999999998,"0.6055045948203843,0.1902290419161677,0.22033045148895294,0.2,0.52,0.029595918306859183","0,0,0"
36.68333333333333,259,AV,0,0,0,44,5825.994272151124,0.9,-0.7072820046325492,"0.37152098466505235,0.15181223628691978,0.18555935422602096,0.9,0.44,0.28018602716107777","0,0,0"
28.05,131,AV,2,0,0,74,2193.4249838744518,0.1,-0.30855000000000005,"0.8474770531400967,0.25281055900621124,0.27359205426356586,0.1,0.74,0.10548706425018813","0,0,0"
17.5,6,AV,1,0,0,47,548.7192496267361,0.3,-0.22749999999999998,"0.45825135975135967,0.17040804597701142,0.20073393574297183,0.3,0.47,0.02638922377844295","0,0,0"
22.7,265,AV,2,0,0,54,6230.691172258436,0.1,-0.2497,"0.6470484775641029,0.1972004153686397,0.22639601554907682,0.1,0.54,0.29964887098629217","0,0,0"
56.016666666666666,127,AV,0,0,0,50,2113.1349678504243,0.7,-0.9806771656785691,"0.5686314673452079,0.1852054726368159,0.21706770833333341,0.7,0.5,0.10162572495605159","0,0,0"
23.916666666666668,49,AV,1,0,0,59,978.4447105201264,0.1,-0.26308333333333334,"0.7734800813008131,0.21987732160312806,0.24786930091185413,0.1,0.59,0.04705575107546101","0,0,0"
11.7,297,AV,1,0,0,35,18628.94525544202,0.3,-0.15209999999999999,"0.18629064039408866,0.10539407191448008,0.13954128902316212,0.3,0.35,0.8959106235777834","0,0,0"
19.233333333333334,116,AV,2,0,0,42,1848.7234685638712,0.1,-0.2115666666666667,"0.3272961685823754,0.14085010162601624,0.17597739221871708,0.1,0.42,0.08890954226515282","0,0,0"
78.81666666666666,29,AV,0,0,0,66,816.2772675203604,0.4,-1.176937769126657,"0.8389401913875598,0.22989823468328144,0.2554912023460411,0.4,0.66,0.03925673009012141","0,0,0"
10.266666666666667,292,AV,0,0,0,23,14505.369879802229,0.4,-0.14786973250806557,"0.06119524959742353,0.07298559670781894,0.10811452241715397,0.4,0.23,0.6975980011774241","0,0,0"
22.216666666666665,213,AV,2,0,0,45,3783.636689084741,0.7,-0.3776833333333333,"0.3881471067644662,0.15465935214211074,0.1877372159090909,0.7,0.45,0.18196415626480184","0,0,0"
50.483333333333334,210,AV,0,0,0,48,3724.6301341612702,0.5,-0.7733589820569555,"0.48033292583537074,0.17403787878787877,0.20427318640955008,0.5,0.48,0.17912638962306346","0,0,0"
9.6,105,AV,1,0,0,27,1661.9571573900298,0.2,-0.1152,"0.10874756097560978,0.08602650356778799,0.11879543245869774,0.2,0.27,0.07992750275552475","0,0,0"
71.61666666666666,7,AV,0,0,0,59,610.4868582393152,0.1,-0.886065547258534,"0.7734800813008131,0.21987732160312806,0.24786930091185413,0.1,0.59,0.029359776109248604","0,0,0"
25.333333333333332,46,AV,2,0,0,71,948.3478854920526,0.2,-0.30399999999999994,"0.8721679104477614,0.24676849183477423,0.2718831822759316,0.2,0.71,0.04560832262962691","0,0,0"
92.08333333333333,173,AV,0,0,0,81,2853.537244729806,0.1,-1.0339432014037948,"0.8236226635514019,0.26594282632146704,0.2780281827016521,0.1,0.81,0.13723344490378397","0,0,0"
17.05,139,AV,1,0,0,46,2294.767722006211,0.1,-0.18755000000000002,"0.42610725308641983,0.16405186304128905,0.1970399579390116,0.1,0.46,0.11036087940556741","0,0,0"
25.833333333333332,15,AV,2,0,0,66,639.9143284368583,0.2,-0.30999999999999994,"0.8389401913875598,0.22989823468328144,0.2554912023460411,0.2,0.66,0.030775013677102628","0,0,0"
82.03333333333333,231,AV,0,0,0,67,4559.760277629775,0.1,-0.915525253159549,"0.8503213429256593,0.23395619335347434,0.25885893574297186,0.1,0.67,0.21928979970044837","0,0,0"
83.51666666666667,110,AV,0,0,0,68,1782.711710770346,0.2,-1.035856591605646,"0.8644291564291565,0.2395549076773567,0.2637964646464647,0.2,0.68,0.08573487862868172","0,0,0"
22.916666666666668,61,AV,2,0,0,49,1074.3823512953045,0.2,-0.275,"0.5190705289672544,0.17897528916929548,0.20929371584699447,0.2,0.49,0.0516696221450731","0,0,0"
11.983333333333333,183,AV,1,0,0,35,3001.8426729260827,0.4,-0.16776666666666665,"0.18629064039408866,0.10539407191448008,0.13954128902316212,0.4,0.35,0.14436580837543475","0,0,0"
21.783333333333335,274,AV,1,0,0,55,7912.643587116454,0.8,-0.39210000000000006,"0.6727159904534603,0.20267999999999997,0.2341359126984127,0.8,0.55,0.38053799359420826","0,0,0"
24.666666666666668,10,AV,1,0,0,65,617.4453946714843,0.1,-0.27133333333333337,"0.8224809190031148,0.22702786069651743,0.2539484752891693,0.1,0.65,0.02969442880314238","0,0,0"
67.85,212,AV,0,0,0,58,3759.463069718096,0.1,-0.7623097258670503,"0.7427472573839664,0.21569910179640725,0.2432212725546059,0.1,0.58,0.18080158897481655","0,0,0"
8.566666666666666,211,AV,1,0,0,24,3729.3449139509553,0.1,-0.09423333333333335,"0.07316297208538586,0.07696334310850442,0.1118813813813814,0.1,0.24,0.17935313468261935","0,0,0"
25.783333333333335,236,AV,0,0,0,38,4656.548587392589,0.3,-0.3480684131030254,"0.25058312551953443,0.12094647887323945,0.15642386831275715,0.3,0.38,0.22394458148039434","0,0,0"
16.25,62,AV,2,0,0,36,1076.386102050743,0.1,-0.17875000000000002,"0.2124232673267327,0.11235410895660206,0.14493439153439158,0.1,0.36,0.051765987321103386","0,0,0"
57.31666666666667,157,AV,0,0,0,50,2530.9644311939346,0.3,-0.7688230448600957,"0.5686314673452079,0.1852054726368159,0.21706770833333341,0.3,0.5,0.12172014522087579","0,0,0"
10.366666666666667,144,AV,0,0,0,24,2337.3116255789537,0.9,-0.2226371845999089,"0.07316297208538586,0.07696334310850442,0.1118813813813814,0.9,0.24,0.11240691768935884","0,0,0"
17.3,91,AV,1,0,0,46,1509.578116022191,0.2,-0.2076,"0.42610725308641983,0.16405186304128905,0.1970399579390116,0.2,0.46,0.07259922946360745","0,0,0"
24.016666666666666,204,AV,2,0,0,57,3382.383844415393,0.1,-0.2641833333333334,"0.7083213675213677,0.21047451580020385,0.2416427915518825,0.1,0.57,0.16266694531964326","0,0,0"
18.0,272,AV,1,0,0,48,7572.106998522375,0.2,-0.216,"0.48033292583537074,0.17403787878787877,0.20427318640955008,0.2,0.48,0.3641607729166582","0,0,0"
52.166666666666664,38,AV,0,0,0,48,905.8209551718018,0.3,-0.7444049223146827,"0.48033292583537074,0.17403787878787877,0.20427318640955008,0.3,0.48,0.04356310063022602","0,0,0"
24.866666666666667,256,AV,2,0,0,57,5590.116807812239,0.1,-0.27353333333333335,"0.7083213675213677,0.21047451580020385,0.2416427915518825,0.1,0.57,0.26884211459565416","0,0,0"
25.916666666666668,113,AV,1,0,0,74,1805.1606101798543,0.3,-0.33691666666666664,"0.8474770531400967,0.25281055900621124,0.27359205426356586,0.3,0.74,0.08681450000245393","0,0,0"
22.083333333333332,285,AV,1,0,0,56,11185.875164713363,0.1,-0.24291666666666667,"0.6893611825192804,0.20545189504373176,0.23674664750957852,0.1,0.56,0.5379555448075637","0,0,0"
57.43333333333333,136,AV,0,0,0,50,2225.3307045190536,0.8,-1.0607622846969018,"0.5686314673452079,0.1852054726368159,0.21706770833333341,0.8,0.5,0.10702148682143131","0,0,0"
22.55,143,AV,2,0,0,49,2335.4036410281064,0.1,-0.24805000000000002,"0.5190705289672544,0.17897528916929548,0.20929371584699447,0.1,0.49,0.1123151581396212","0,0,0"
61.166666666666664,242,AV,0,0,0,54,4756.448820673547,0.2,-0.7466144529799658,"0.6470484775641029,0.1972004153686397,0.22639601554907682,0.2,0.54,0.22874902312038267","0,0,0"
21.483333333333334,81,AV,1,0,0,54,1297.4303329633815,0.4,-0.3007666666666667,"0.6470484775641029,0.1972004153686397,0.22639601554907682,0.4,0.54,0.06239653414164128","0,0,0"
24.283333333333335,187,AV,2,0,0,55,3065.2253709468137,0.3,-0.31568333333333337,"0.6727159904534603,0.20267999999999997,0.2341359126984127,0.3,0.55,0.14741403422661153","0,0,0"
85.5,189,AV,0,0,0,69,3131.512437779759,0.7,-1.4726600707939517,"0.8718089330024814,0.24226106194690264,0.26879142011834317,0.7,0.69,0.15060193813459566","0,0,0"
15.583333333333334,132,AV,2,0,0,35,2198.5025098873134,0.3,-0.20258333333333337,"0.18629064039408866,0.10539407191448008,0.13954128902316212,0.3,0.35,0.10573125464497639","0,0,0"
71.5,80,AV,0,0,0,59,1293.252850487379,0.4,-1.047394639669565,"0.7734800813008131,0.21987732160312806,0.24786930091185413,0.4,0.59,0.06219562899759039","0,0,0"
24.3,107,AV,0,0,0,37,1697.366940102563,0.1,-0.30264886805110897,"0.2196216216216217,0.11387362637362643,0.146311758360302,0.1,0.37,0.08163044406947123","0,0,0"
13.566666666666666,138,AV,0,0,0,27,2280.385817754286,0.1,-0.17554467044693095,"0.10874756097560978,0.08602650356778799,0.11879543245869774,0.1,0.27,0.10966921916233309","0,0,0"
19.716666666666665,18,AV,2,0,0,41,741.34301771214,0.9,-0.37461666666666665,"0.29801031746031736,0.133685817805383,0.16670759368836294,0.9,0.41,0.03565296242896494","0,0,0"
15.483333333333333,260,AV,0,0,0,28,5844.130995646287,0.1,-0.18058337698590804,"0.12479371231696815,0.08965077071290946,0.12226080691642655,0.1,0.28,0.28105826566054204","0,0,0"
76.6,3,AV,0,0,0,65,508.6019702527906,0.6,-1.3435704435084634,"0.8224809190031148,0.22702786069651743,0.2539484752891693,0.6,0.65,0.024459887668034006","0,0,0"
25.666666666666668,244,AV,1,0,0,70,4950.077303955518,0.2,-0.308,"0.8747076923076921,0.24396111111111107,0.27052525252525256,0.2,0.7,0.23806108093261413","0,0,0"
19.416666666666668,295,AV,1,0,0,51,16390.717038727882,0.1,-0.21358333333333338,"0.5807800865800864,0.18715354713313892,0.21864867424242435,0.1,0.51,0.7882688644846343","0,0,0"
20.633333333333333,202,AV,0,0,0,35,3366.895459871004,0.9,-0.4098539044544512,"0.18629064039408866,0.10539407191448008,0.13954128902316212,0.9,0.35,0.16192207178734694","0,0,0"
28.1,42,AV,2,0,0,84,934.0011274976006,0.2,-0.3372,"0.8143676582761252,0.26858870967741943,0.2780435435435435,0.2,0.84,0.04491835265414619","0,0,0"
18.283333333333335,164,AV,1,0,0,49,2750.2432356670683,0.1,-0.2011166666666667,"0.5190705289672544,0.17897528916929548,0.20929371584699447,0.1,0.49,0.13226578845290615","0,0,0"
22.533333333333335,163,AV,1,0,0,57,2744.255474143275,0.9,-0.42813333333333337,"0.7083213675213677,0.21047451580020385,0.2416427915518825,0.9,0.57,0.13197782265092123","0,0,0"
5.116666666666666,79,AV,0,0,0,15,1291.2118623687816,0.4,-0.1181013079149233,"0.04268699186991871,0.06651641414141415,0.10187009803921565,0.4,0.15,0.062097472987522495","0,0,0"
25.25,278,AV,1,0,0,67,8348.421721831439,0.1,-0.27775000000000005,"0.8503213429256593,0.23395619335347434,0.25885893574297186,0.1,0.67,0.4014956084811817","0,0,0"
8.183333333333334,216,AV,1,0,0,23,3824.993837156676,0.5,-0.12275000000000001,"0.06119524959742353,0.07298559670781894,0.10811452241715397,0.5,0.23,0.18395312063237393","0,0,0"
18.566666666666666,154,AV,1,0,0,51,2520.718778515204,0.1,-0.20423333333333335,"0.5807800865800864,0.18715354713313892,0.21864867424242435,0.1,0.51,0.12122740722876209","0,0,0"
25.2,93,AV,1,0,0,67,1527.6889462703334,0.9,-0.4788,"0.8503213429256593,0.23395619335347434,0.25885893574297186,0.9,0.67,0.07347022269476662","0,0,0"
13.65,156,AV,1,0,0,38,2528.765907819195,0.3,-0.17745000000000002,"0.25058312551953443,0.12094647887323945,0.15642386831275715,0.3,0.38,0.12161441296279007","0,0,0"
55.7,279,AV,0,0,0,49,8436.938288223368,0.2,-0.6755115845523904,"0.5190705289672544,0.17897528916929548,0.20929371584699447,0.2,0.49,0.4057525822983113","0,0,0"
18.866666666666667,51,AV,1,0,0,49,979.573716991658,0.1,-0.20753333333333338,"0.5190705289672544,0.17897528916929548,0.20929371584699447,0.1,0.49,0.04711004770246075","0,0,0"
40.35,192,AV,0,0,0,45,3159.4556453821087,0.3,-0.5435406131734107,"0.3881471067644662,0.15465935214211074,0.1877372159090909,0.3,0.45,0.15194579395705407","0,0,0"
9.033333333333333,4,AV,1,0,0,24,513.3463032142733,0.4,-0.12646666666666667,"0.07316297208538586,0.07696334310850442,0.1118813813813814,0.4,0.24,0.024688054010448962","0,0,0"
23.85,39,AV,1,0,0,64,921.9548251796884,0.9,-0.45315,"0.819829029733959,0.22649748995983937,0.2529953416149068,0.9,0.64,0.04433901710543634","0,0,0"
18.883333333333333,114,AV,0,0,0,30,1823.811293294481,0.2,-0.25949814040553376,"0.13640726495726496,0.09328181818181819,0.1266171296296296,0.2,0.3,0.08771145605177698","0,0,0"
23.1,102,AV,1,0,0,57,1635.9686818612918,0.6,-0.36960000000000004,"0.7083213675213677,0.21047451580020385,0.2416427915518825,0.6,0.57,0.07867765468320913","0,0,0"
83.73333333333333,226,AV,0,0,0,68,4227.85786318916,0.2,-1.0189915839986967,"0.8644291564291565,0.2395549076773567,0.2637964646464647,0.2,0.68,0.20332781715065273","0,0,0"
12.083333333333334,13,AV,1,0,0,35,632.5893922142865,0.3,-0.15708333333333335,"0.18629064039408866,0.10539407191448008,0.13954128902316212,0.3,0.35,0.030422739939172414","0,0,0"
19.1,255,AV,1,0,0,51,5578.433439706214,0.2,-0.2292,"0.5807800865800864,0.18715354713313892,0.21864867424242435,0.2,0.51,0.2682802334230043","0,0,0"
31.133333333333333,179,AV,0,0,0,41,2965.4163440895786,0.2,-0.39383324654549334,"0.29801031746031736,0.133685817805383,0.16670759368836294,0.2,0.41,0.14261397892212588","0,0,0"
27.483333333333334,43,AV,2,0,0,81,938.3100494872764,0.3,-0.35728333333333334,"0.8236226635514019,0.26594282632146704,0.2780281827016521,0.3,0.81,0.04512557903941836","0,0,0"
27.2,8,AV,2,0,0,58,614.9217871931492,0.3,-0.3536,"0.7427472573839664,0.21569910179640725,0.2432212725546059,0.3,0.58,0.029573062471416202","0,0,0"
18.366666666666667,65,AV,1,0,0,49,1117.0806745336297,0.2,-0.2204,"0.5190705289672544,0.17897528916929548,0.20929371584699447,0.2,0.49,0.05372308684066549","0,0,0"
20.666666666666668,293,AV,2,0,0,39,14754.343640924068,0.1,-0.22733333333333336,"0.2725365853658537,0.12706256109481914,0.16075683890577508,0.1,0.39,0.7095717460418045","0,0,0"
93.85,252,AV,0,0,0,87,5458.612723313221,0.6,-1.5125918037862889,"0.8097060185185184,0.27290904471544725,0.2800104166666666,0.6,0.87,0.2625177680086071","0,0,0"
45.166666666666664,137,AV,0,0,0,47,2276.662146114732,0.5,-0.703854371509358,"0.45825135975135967,0.17040804597701142,0.20073393574297183,0.5,0.47,0.1094901388690128","0,0,0"
28.2,36,AV,2,0,0,75,870.7377108213431,0.4,-0.39479999999999993,"0.8399916067146285,0.2590281973816717,0.27525953815261034,0.4,0.75,0.04187586332869553","0,0,0"
24.016666666666666,31,AV,1,0,0,61,825.4433072334436,0.9,-0.45631666666666665,"0.7925328582739509,0.22272485207100595,0.2509034267912772,0.9,0.61,0.039697546907310144","0,0,0"
25.833333333333332,181,AV,0,0,0,38,2969.8754393798326,0.4,-0.3818695341689242,"0.25058312551953443,0.12094647887323945,0.15642386831275715,0.4,0.38,0.1428284275013291","0,0,0"
23.0,287,AV,1,0,0,57,11662.42845360034,0.2,-0.276,"0.7083213675213677,0.21047451580020385,0.2416427915518825,0.2,0.57,0.5608741345806508","0,0,0"
11.0,290,AV,2,0,0,23,13748.957190518822,0.2,-0.132,"0.06119524959742353,0.07298559670781894,0.10811452241715397,0.2,0.23,0.6612203021265304","0,0,0"
13.266666666666667,185,AV,2,0,0,32,3031.4508351358254,0.1,-0.14593333333333336,"0.1631090909090909,0.09945436507936507,0.1333050139275766,0.1,0.32,0.14578973585520302","0,0,0"
9.733333333333333,152,AV,2,0,0,12,2478.182963693478,0.2,-0.11679999999999999,"0.03661585365853658,0.06370555555555554,0.0979617117117117,0.2,0.12,0.1191817579523926","0,0,0"
90.83333333333333,97,AV,0,0,0,76,1588.8002265047048,0.1,-1.0369310117360262,"0.8326437198067634,0.25985916919959473,0.2755816023738872,0.1,0.76,0.07640921062090368","0,0,0"
10.283333333333333,223,AV,1,0,0,31,4159.866430607663,0.6,-0.16453333333333334,"0.1561469072164949,0.09756060606060606,0.1312670349907919,0.6,0.31,0.20005794620912742","0,0,0"
28.1,28,AV,2,0,0,68,814.1496548969513,0.4,-0.3934,"0.8644291564291565,0.2395549076773567,0.2637964646464647,0.4,0.68,0.039154408100012306","0,0,0"
26.833333333333332,37,AV,1,0,0,74,871.0408974081768,0.1,-0.2951666666666667,"0.8474770531400967,0.25281055900621124,0.27359205426356586,0.1,0.74,0.04189044429827518","0,0,0"
13.883333333333333,280,AV,2,0,0,15,8480.737499651503,0.2,-0.1666,"0.04268699186991871,0.06651641414141415,0.10187009803921565,0.2,0.15,0.407858991345347","0,0,0"
82.01666666666667,64,AV,0,0,0,67,1111.987968807459,0.9,-1.6122740849868904,"0.8503213429256593,0.23395619335347434,0.25885893574297186,0.9,0.67,0.05347816641708441","0,0,0"
24.166666666666668,214,AV,1,0,0,61,3803.247088152212,0.2,-0.29,"0.7925328582739509,0.22272485207100595,0.2509034267912772,0.2,0.61,0.18290726735435825","0,0,0"
24.616666666666667,118,AV,2,0,0,66,1900.764377468582,0.1,-0.2707833333333334,"0.8389401913875598,0.22989823468328144,0.2554912023460411,0.1,0.66,0.09141231429593938","0,0,0"
32.88333333333333,209,AV,0,0,0,41,3531.3895067900216,0.9,-0.6417738125440332,"0.29801031746031736,0.133685817805383,0.16670759368836294,0.9,0.41,0.16983298473111647","0,0,0"
20.233333333333334,21,AV,1,0,0,53,761.8437659652793,0.3,-0.26303333333333334,"0.6216936274509803,0.19318881856540082,0.22394101123595506,0.3,0.53,0.03663889254467645","0,0,0"
3.3833333333333333,199,AV,0,0,0,0,3313.1900178081896,0.3,-0.062092768553620656,"nan,nan,nan,0.3,0.0,0.1593392483677569","0,0,0"
22.933333333333334,239,AV,2,0,0,49,4669.869929992837,0.1,-0.2522666666666667,"0.5190705289672544,0.17897528916929548,0.20929371584699447,0.1,0.49,0.224585236772051","0,0,0"
87.08333333333333,296,AV,0,0,0,71,17322.90883950548,0.1,-0.961380288195585,"0.8721679104477614,0.24676849183477423,0.2718831822759316,0.1,0.71,0.833100202280572","0,0,0"
7.15,2,AV,1,0,0,13,497.26542980048754,0.9,-0.13585,"0.03778712871287129,0.06358433734939758,0.09788953488372094,0.9,0.13,0.023914686268460907","0,0,0"
9.266666666666667,95,AV,1,0,0,26,1567.0706205360798,0.2,-0.11120000000000001,"0.09543724531377341,0.08260160160160158,0.11632692307692309,0.2,0.26,0.07536418179256658","0,0,0"
64.53333333333333,174,AV,0,0,0,56,2857.8751728516777,0.1,-0.7308612855254499,"0.6893611825192804,0.20545189504373176,0.23674664750957852,0.1,0.56,0.13744206626346972","0,0,0"
18.05,41,AV,2,0,0,45,932.1411738504048,0.2,-0.2166,"0.3881471067644662,0.15465935214211074,0.1877372159090909,0.2,0.45,0.04482890302567631","0,0,0"
23.166666666666668,275,AV,1,0,0,57,8028.27043643778,0.3,-0.3011666666666667,"0.7083213675213677,0.21047451580020385,0.2416427915518825,0.3,0.57,0.3860987658900816","0,0,0"
26.85,60,AV,2,0,0,66,1068.5648373754009,0.9,-0.51015,"0.8389401913875598,0.22989823468328144,0.2554912023460411,0.9,0.66,0.05138984395837567","0,0,0"
40.15,70,AV,0,0,0,45,1150.2916000513435,0.2,-0.533960686905235,"0.3881471067644662,0.15465935214211074,0.1877372159090909,0.2,0.45,0.05532027984231857","0,0,0"
9.883333333333333,101,AV,1,0,0,27,1626.914224999384,0.1,-0.10871666666666667,"0.10874756097560978,0.08602650356778799,0.11879543245869774,0.1,0.27,0.07824220415275356","0,0,0"
26.233333333333334,78,AV,1,0,0,74,1275.9312017726234,0.2,-0.3148,"0.8474770531400967,0.25281055900621124,0.27359205426356586,0.2,0.74,0.06136258939772906","0,0,0"
34.766666666666666,258,AV,0,0,0,42,5721.231751015957,0.1,-0.39292058548656866,"0.3272961685823754,0.14085010162601624,0.17597739221871708,0.1,0.42,0.2751477464451918","0,0,0"
74.81666666666666,119,AV,0,0,0,63,1921.5023446668008,0.6,-1.2282922335604736,"0.8142901821060967,0.22651584867075666,0.25430630630630635,0.6,0.63,0.09240965283924012","0,0,0"
95.55,196,AV,0,0,0,94,3269.866339895674,0.3,-1.2604993738774395,"0.8042141744548288,0.2736863041289024,0.27999221183800627,0.3,0.94,0.15725570886715387","0,0,0"
88.93333333333334,66,AV,0,0,0,71,1129.1321270070612,0.1,-1.0314048234553141,"0.8721679104477614,0.24676849183477423,0.2718831822759316,0.1,0.71,0.05430267007269716","0,0,0"
21.6,262,AV,2,0,0,47,5960.007005011629,0.9,-0.41040000000000004,"0.45825135975135967,0.17040804597701142,0.20073393574297183,0.9,0.47,0.2866310206600706","0,0,0"
25.75,153,AV,2,0,0,57,2496.2043409386315,0.1,-0.28325000000000006,"0.7083213675213677,0.21047451580020385,0.2416427915518825,0.1,0.57,0.1200484491742544","0,0,0"
64.43333333333334,165,AV,0,0,0,56,2754.938443140308,0.9,-1.2460124043501097,"0.6893611825192804,0.20545189504373176,0.23674664750957852,0.9,0.56,0.13249159223285706","0,0,0"
23.566666666666666,281,AV,1,0,0,58,8987.822610831106,0.1,-0.25923333333333337,"0.7427472573839664,0.21569910179640725,0.2432212725546059,0.1,0.58,0.4322459296252377","0,0,0"
9.033333333333333,158,AV,1,0,0,25,2563.744074524839,0.1,-0.09936666666666667,"0.08803685503685504,0.08107035928143715,0.11481563421828911,0.1,0.25,0.1232965968285517","0,0,0"
21.416666666666668,17,AV,1,0,0,52,682.056612603955,0.5,-0.32125000000000004,"0.6055045948203843,0.1902290419161677,0.22033045148895294,0.5,0.52,0.03280173712115302","0,0,0"
10.5,57,AV,1,0,0,29,1038.299283744561,0.3,-0.1365,"0.13360562770562764,0.09235460992907801,0.12583743169398903,0.3,0.29,0.04993430094965855","0,0,0"
12.25,294,AV,1,0,0,37,15725.918848752755,0.4,-0.17149999999999999,"0.2196216216216217,0.11387362637362643,0.146311758360302,0.4,0.37,0.7562971262693423","0,0,0"
53.96666666666667,130,AV,0,0,0,48,2139.4702648744856,0.1,-0.6216776585969612,"0.48033292583537074,0.17403787878787877,0.20427318640955008,0.1,0.48,0.10289225250527183","0,0,0"
38.18333333333333,230,AV,0,0,0,44,4549.115907877681,0.1,-0.4332060426278503,"0.37152098466505235,0.15181223628691978,0.18555935422602096,0.1,0.44,0.21877788644870882","0,0,0"
11.966666666666667,151,AV,0,0,0,26,2476.7926805910606,0.1,-0.15585821112394505,"0.09543724531377341,0.08260160160160158,0.11632692307692309,0.1,0.26,0.1191148959060364","0,0,0"
21.4,276,AV,1,0,0,54,8029.700924090037,0.1,-0.23540000000000003,"0.6470484775641029,0.1972004153686397,0.22639601554907682,0.1,0.54,0.386167561469594","0,0,0"
15.966666666666667,32,AV,1,0,0,44,832.3173438658397,0.2,-0.19160000000000002,"0.37152098466505235,0.15181223628691978,0.18555935422602096,0.2,0.44,0.0400281358033201","0,0,0"
11.15,178,AV,2,0,0,11,2953.761118311176,0.5,-0.16725,"0.035408333333333326,0.06101162790697674,0.09460169491525422,0.5,0.11,0.14205345118145746","0,0,0"
9.0,271,AV,2,0,0,0,7177.938863287724,0.2,-0.108,"nan,nan,nan,0.2,0.0,0.345204282627472","0,0,0"
76.6,96,AV,0,0,0,65,1572.8756307612184,0.5,-1.1871466905752501,"0.8224809190031148,0.22702786069651743,0.2539484752891693,0.5,0.65,0.07564335864661634","0,0,0"
90.71666666666667,277,AV,0,0,0,78,8331.964781214912,0.3,-1.1865178492899149,"0.8271969696969699,0.26315372168284784,0.277198343079922,0.3,0.78,0.4007041547661289","0,0,0"
11.116666666666667,141,AV,2,0,0,13,2318.1098695731453,0.1,-0.12228333333333335,"0.03778712871287129,0.06358433734939758,0.09788953488372094,0.1,0.13,0.1114834592239942","0,0,0"
12.0,63,AV,2,0,0,23,1097.8259349569896,0.1,-0.132,"0.06119524959742353,0.07298559670781894,0.10811452241715397,0.1,0.23,0.05279708026839882","0,0,0"
27.3,58,AV,2,0,0,72,1040.734547163155,0.3,-0.35490000000000005,"0.8701875522138682,0.2491349693251533,0.2718089201877935,0.3,0.72,0.05005141860382586","0,0,0"
12.966666666666667,123,AV,2,0,0,27,1996.532829496936,0.5,-0.1945,"0.10874756097560978,0.08602650356778799,0.11879543245869774,0.5,0.27,0.0960180486732379","0,0,0"
13.65,288,AV,1,0,0,38,11940.25564443948,0.5,-0.20475000000000002,"0.25058312551953443,0.12094647887323945,0.15642386831275715,0.5,0.38,0.5742355100304415","0,0,0"
80.2,268,AV,0,0,0,66,6778.2755320215965,0.5,-1.211851808947062,"0.8389401913875598,0.22989823468328144,0.2554912023460411,0.5,0.66,0.3259835151913118","0,0,0"
21.683333333333334,248,AV,1,0,0,54,5003.647877951615,0.2,-0.2602,"0.6470484775641029,0.1972004153686397,0.22639601554907682,0.2,0.54,0.24063741822365012","0,0,0"
32.8,88,AV,0,0,0,41,1475.2077210572677,0.4,-0.4998722383184101,"0.29801031746031736,0.133685817805383,0.16670759368836294,0.4,0.41,0.07094627479744654","0,0,0"
29.25,35,AV,0,0,0,39,863.3540159882258,0.1,-0.39124640459055704,"0.2725365853658537,0.12706256109481914,0.16075683890577508,0.1,0.39,0.04152076374836295","0,0,0"
67.8,89,AV,0,0,0,57,1485.5718097438446,0.2,-0.8539884885311236,"0.7083213675213677,0.21047451580020385,0.2416427915518825,0.2,0.57,0.07144470866102204","0,0,0"
22.516666666666666,27,AV,0,0,0,36,807.7368269013535,0.1,-0.3219649532888979,"0.2124232673267327,0.11235410895660206,0.14493439153439158,0.1,0.36,0.0388459998326814","0,0,0"
11.233333333333333,22,AV,1,0,0,34,767.6170681366935,0.4,-0.15726666666666664,"0.17977564102564103,0.10338920725883476,0.1379765395894428,0.4,0.34,0.036916544482430876","0,0,0"
19.583333333333332,134,AV,1,0,0,51,2218.0502812558643,0.1,-0.21541666666666667,"0.5807800865800864,0.18715354713313892,0.21864867424242435,0.1,0.51,0.10667135381839783","0,0,0"
22.833333333333332,243,AV,2,0,0,49,4924.983441788647,0.1,-0.2511666666666667,"0.5190705289672544,0.17897528916929548,0.20929371584699447,0.1,0.49,0.2368542569609065","0,0,0"
21.516666666666666,83,AV,2,0,0,50,1365.417472605012,0.1,-0.23668333333333333,"0.5686314673452079,0.1852054726368159,0.21706770833333341,0.1,0.5,0.06566619862539994","0,0,0"
69.78333333333333,148,AV,0,0,0,58,2421.832203454489,0.3,-0.9319579646700611,"0.7427472573839664,0.21569910179640725,0.2432212725546059,0.3,0.58,0.11647171484192467","0,0,0"
9.083333333333334,30,AV,1,0,0,24,822.5771428470101,0.6,-0.14533333333333334,"0.07316297208538586,0.07696334310850442,0.1118813813813814,0.6,0.24,0.039559706192899544","0,0,0"
17.633333333333333,249,AV,2,0,0,39,5004.1281918097375,0.9,-0.33503333333333335,"0.2725365853658537,0.12706256109481914,0.16075683890577508,0.9,0.39,0.24066051766821034","0,0,0"
22.216666666666665,47,AV,0,0,0,35,954.0002559944874,0.6,-0.41835973155107137,"0.18629064039408866,0.10539407191448008,0.13954128902316212,0.6,0.35,0.045880158673594545","0,0,0"
36.53333333333333,146,AV,0,0,0,43,2392.7441380289174,0.1,-0.42694247776004435,"0.34705927636643563,0.14660503751339762,0.18120982142857145,0.1,0.43,0.1150728000629743","0,0,0"
14.016666666666667,98,AV,2,0,0,33,1594.6992934726818,0.4,-0.19623333333333332,"0.17100747581354447,0.1010112745098039,0.1348910433979686,0.4,0.33,0.07669291088913349","0,0,0"
13.3,128,AV,2,0,0,27,2117.047321722312,0.1,-0.1463,"0.10874756097560978,0.08602650356778799,0.11879543245869774,0.1,0.27,0.10181387943012177","0,0,0"
25.983333333333334,298,AV,2,0,0,69,19040.472291926453,0.1,-0.2858166666666667,"0.8718089330024814,0.24226106194690264,0.26879142011834317,0.1,0.69,0.91570194503052","0,0,0"
12.033333333333333,26,AV,0,0,0,25,806.3598325453933,0.1,-0.20677513491911076,"0.08803685503685504,0.08107035928143715,0.11481563421828911,0.1,0.25,0.03877977687399022","0,0,0"
69.75,147,AV,0,0,0,59,2421.0391237858234,0.9,-1.3500327469661775,"0.7734800813008131,0.21987732160312806,0.24786930091185413,0.9,0.59,0.11643357373995898","0,0,0"
41.6,195,AV,0,0,0,45,3230.862018062417,0.9,-0.8089708952176121,"0.3881471067644662,0.15465935214211074,0.1877372159090909,0.9,0.45,0.15537989755219744","0,0,0"
17.55,283,AV,2,0,0,39,9884.322174397852,0.1,-0.19305000000000003,"0.2725365853658537,0.12706256109481914,0.16075683890577508,0.1,0.39,0.47536074219347274","0,0,0"
21.783333333333335,228,AV,1,0,0,55,4459.768546990965,0.9,-0.4138833333333333,"0.6727159904534603,0.20267999999999997,0.2341359126984127,0.9,0.55,0.21448095773323778","0,0,0"
15.716666666666667,40,AV,1,0,0,43,932.0432837729122,0.1,-0.17288333333333336,"0.34705927636643563,0.14660503751339762,0.18120982142857145,0.1,0.43,0.04482419525724574","0,0,0"
18.966666666666665,19,AV,0,0,0,30,743.7818724069466,0.1,-0.28930214528734677,"0.13640726495726496,0.09328181818181819,0.1266171296296296,0.1,0.3,0.035770252796212196","0,0,0"
15.616666666666667,126,AV,0,0,0,28,2046.5713793034688,0.4,-0.2479506591821979,"0.12479371231696815,0.08965077071290946,0.12226080691642655,0.4,0.28,0.09842452245612708","0,0,0"
19.466666666666665,106,AV,1,0,0,51,1682.490559712908,0.9,-0.3698666666666666,"0.5807800865800864,0.18715354713313892,0.21864867424242435,0.9,0.51,0.08091500328370894","0,0,0"
13.183333333333334,48,AV,1,0,0,37,961.7772661313056,0.2,-0.15819999999999998,"0.2196216216216217,0.11387362637362643,0.146311758360302,0.2,0.37,0.04625417372950396","0,0,0"
87.11666666666666,182,AV,0,0,0,70,2971.291490045772,0.4,-1.239826572603532,"0.8747076923076921,0.24396111111111107,0.27052525252525256,0.4,0.7,0.14289652877156978","0,0,0"
41.65,67,AV,0,0,0,45,1135.438045570021,0.2,-0.552643041708963,"0.3881471067644662,0.15465935214211074,0.1877372159090909,0.2,0.45,0.0546059368091927","0,0,0"
19.933333333333334,170,AV,1,0,0,52,2797.307504072895,0.4,-0.27906666666666663,"0.6055045948203843,0.1902290419161677,0.22033045148895294,0.4,0.52,0.13452922191505445","0,0,0"
47.233333333333334,74,AV,0,0,0,47,1249.5878531833848,0.1,-0.5675824983243987,"0.45825135975135967,0.17040804597701142,0.20073393574297183,0.1,0.47,0.06009567462944302","0,0,0"
28.0,291,AV,2,0,0,74,14297.77376075636,0.1,-0.30800000000000005,"0.8474770531400967,0.25281055900621124,0.27359205426356586,0.1,0.74,0.6876142062863859","0,0,0"
24.7,180,AV,1,0,0,62,2966.188350320237,0.3,-0.3211,"0.81186018957346,0.22616000000000006,0.25463563563563557,0.3,0.62,0.14265110655195307","0,0,0"
25.15,111,AV,2,0,0,66,1794.439334206041,0.4,-0.35209999999999997,"0.8389401913875598,0.22989823468328144,0.2554912023460411,0.4,0.66,0.08629888814619799","0,0,0"
15.466666666666667,125,AV,1,0,0,42,2044.1603053436156,0.1,-0.17013333333333336,"0.3272961685823754,0.14085010162601624,0.17597739221871708,0.1,0.42,0.09830856813100321","0,0,0"
25.85,251,AV,0,0,0,37,5434.023139443809,0.3,-0.3470915429710778,"0.2196216216216217,0.11387362637362643,0.146311758360302,0.3,0.37,0.26133519598878074","0,0,0"
26.833333333333332,84,AV,2,0,0,67,1389.0632502942228,0.1,-0.2951666666666667,"0.8503213429256593,0.23395619335347434,0.25885893574297186,0.1,0.67,0.0668033807440888","0,0,0"
17.366666666666667,184,AV,1,0,0,45,3017.17067826153,0.3,-0.22576666666666667,"0.3881471067644662,0.15465935214211074,0.1877372159090909,0.3,0.45,0.14510296888720728","0,0,0"
26.533333333333335,108,AV,1,0,0,92,1716.9764066453156,0.9,-0.5041333333333333,"0.8047841530054645,0.2736742886178862,0.2798138461538461,0.9,0.92,0.08257351031167907","0,0,0"
34.88333333333333,263,AV,0,0,0,41,5984.209260784091,0.5,-0.5332763873446394,"0.29801031746031736,0.133685817805383,0.16670759368836294,0.5,0.41,0.28779496514344177","0,0,0"
43.38333333333333,76,AV,0,0,0,45,1261.43865123121,0.2,-0.5681647388332661,"0.3881471067644662,0.15465935214211074,0.1877372159090909,0.2,0.45,0.060665607909257666","0,0,0"
26.666666666666668,77,AV,1,0,0,73,1275.6237969650936,0.1,-0.29333333333333333,"0.8628329268292683,0.2509271488469602,0.27282244318181825,0.1,0.73,0.06134780556380672","0,0,0"
66.15,16,AV,0,0,0,56,676.2529471816457,0.2,-0.8825241974324197,"0.6893611825192804,0.20545189504373176,0.23674664750957852,0.2,0.56,0.03252262494189429","0,0,0"
18.183333333333334,201,AV,2,0,0,43,3362.377553451843,0.2,-0.2182,"0.34705927636643563,0.14660503751339762,0.18120982142857145,0.2,0.43,0.16170479484000747","0,0,0"
20.6,237,AV,1,0,0,53,4660.29795945294,0.1,-0.22660000000000002,"0.6216936274509803,0.19318881856540082,0.22394101123595506,0.1,0.53,0.2241248977685445","0,0,0"
14.4,94,AV,1,0,0,39,1541.4014724042315,0.5,-0.21600000000000003,"0.2725365853658537,0.12706256109481914,0.16075683890577508,0.5,0.39,0.07412969094006937","0,0,0"
11.116666666666667,193,AV,1,0,0,32,3169.820795106812,0.1,-0.12228333333333335,"0.1631090909090909,0.09945436507936507,0.1333050139275766,0.1,0.32,0.15244427884849596","0,0,0"
52.36666666666667,235,AV,0,0,0,48,4635.813442599864,0.1,-0.5889760457058034,"0.48033292583537074,0.17403787878787877,0.20427318640955008,0.1,0.48,0.222947378673338","0,0,0"
7.0,45,AV,1,0,0,18,946.2003450753726,0.9,-0.133,"0.050712622549019606,0.06999759615384617,0.10602402402402401,0.9,0.18,0.04550504226418034","0,0,0"
25.533333333333335,217,AV,2,0,0,66,3866.930621896856,0.6,-0.4085333333333334,"0.8389401913875598,0.22989823468328144,0.2554912023460411,0.6,0.66,0.18596996111648273","0,0,0"
27.566666666666666,267,AV,2,0,0,68,6434.117121135291,0.2,-0.3308,"0.8644291564291565,0.2395549076773567,0.2637964646464647,0.2,0.68,0.3094321123996473","0,0,0"
26.533333333333335,215,AV,1,0,0,97,3822.7735841463273,0.2,-0.3184,"0.8031160092807426,0.27362208713272546,0.27909218750000003,0.2,0.97,0.18384634334403438","0,0,0"
14.483333333333333,194,AV,1,0,0,39,3225.188153267811,0.2,-0.17379999999999998,"0.2725365853658537,0.12706256109481914,0.16075683890577508,0.2,0.39,0.15510702779620594","0,0,0"
25.333333333333332,162,AV,2,0,0,63,2722.266725979925,0.2,-0.30399999999999994,"0.8142901821060967,0.22651584867075666,0.25430630630630635,0.2,0.63,0.13092033105337805","0,0,0"
60.75,122,AV,0,0,0,53,1963.0347272178835,0.1,-0.6988149203083817,"0.6216936274509803,0.19318881856540082,0.22394101123595506,0.1,0.53,0.09440704465288248","0,0,0"
24.816666666666666,109,AV,2,0,0,56,1778.835052690156,0.1,-0.27298333333333336,"0.6893611825192804,0.20545189504373176,0.23674664750957852,0.1,0.56,0.08554844085078303","0,0,0"
16.516666666666666,205,AV,2,0,0,37,3386.12741774329,0.1,-0.18168333333333334,"0.2196216216216217,0.11387362637362643,0.146311758360302,0.1,0.37,0.16284698273285247","0,0,0"
24.516666666666666,149,AV,1,0,0,61,2446.4664131825853,0.3,-0.31871666666666665,"0.7925328582739509,0.22272485207100595,0.2509034267912772,0.3,0.61,0.11765643302624577","0,0,0"
24.433333333333334,55,AV,2,0,0,55,1020.7360413649084,0.2,-0.2932,"0.6727159904534603,0.20267999999999997,0.2341359126984127,0.2,0.55,0.04908964253144747","0,0,0"
13.333333333333334,257,AV,1,0,0,37,5654.280440205098,0.5,-0.2,"0.2196216216216217,0.11387362637362643,0.146311758360302,0.5,0.37,0.2719278974523786","0,0,0"
25.816666666666666,286,AV,1,0,0,71,11515.391842589095,0.4,-0.3614333333333333,"0.8721679104477614,0.24676849183477423,0.2718831822759316,0.4,0.71,0.5538027915682833","0,0,0"
6.616666666666666,161,AV,0,0,0,18,2648.588416164911,0.2,-0.10205357638574833,"0.050712622549019606,0.06999759615384617,0.10602402402402401,0.2,0.18,0.1273769645564883","0,0,0"
16.733333333333334,270,AV,1,0,0,45,7128.986247371214,0.2,-0.2008,"0.3881471067644662,0.15465935214211074,0.1877372159090909,0.2,0.45,0.34285003400790975","0,0,0"
78.46666666666667,155,AV,0,0,0,65,2520.757475212996,0.1,-0.8869357024981538,"0.8224809190031148,0.22702786069651743,0.2539484752891693,0.1,0.65,0.12122926824569963","0,0,0"
