travel_time,id,kind,action,origin,destination,start_time,income,urgency,reward,observation,cost_table
31.0,146,AV,1,0,0,61,2280.385817754286,0.2,-3.570301027797115,"0.18586458333333333,0.25292982456140345,0.3131869918699188,0.2,0.61,0.1126715743273096","0,0,0"
25.55,7,AV,1,0,0,46,546.8646928603165,0.1,-0.3528382046106336,"0.2140897435897436,0.3298747126436782,0.3790885416666667,0.1,0.46,0.027020035561031403","0,0,0"
12.483333333333333,111,AV,1,0,0,1,1661.9571573900298,1.0,-5.239082116519917,"0.19276666666666664,0.2799797619047619,0.3150833333333334,1.0,0.01,0.08211563496394797","0,0,0"
39.35,198,AV,1,0,0,87,3465.4556083993225,1.0,-34.4357773208367,"0.17563888888888893,0.325834595959596,0.37976388888888885,1.0,0.87,0.17122468317412964","0,0,0"
43.9,288,AV,2,0,0,91,11185.875164713363,0.1,-12.400503023507994,"0.18401666666666663,0.26114855072463766,0.3234523809523809,0.1,0.91,0.5526828641120808","0,0,0"
39.45,61,AV,1,0,0,84,1022.032321197676,0.3,-3.054482959943054,"0.11277777777777777,0.3121123188405797,0.3607222222222222,0.3,0.84,0.05049759112961852","0,0,0"
28.216666666666665,108,AV,2,0,0,26,1645.9523587482854,0.8,-9.38248263757861,"0.17697222222222223,0.2550862068965517,0.3428655913978494,0.8,0.26,0.0813248539278105","0,0,0"
25.366666666666667,47,AV,1,0,0,41,912.6272274022258,0.3,-1.7538114142754895,"0.21890740740740738,0.2999063260340632,0.34600757575757585,0.3,0.41,0.04509199526010037","0,0,0"
17.816666666666666,231,AV,1,0,0,14,4639.089550420253,0.4,-8.348799207742845,"0.19563333333333335,0.27315432098765435,0.3458333333333334,0.4,0.14,0.22921275821911885","0,0,0"
44.81666666666667,213,AV,1,0,0,96,3898.759045987068,0.6,-26.47414917843239,"0.1927333333333333,0.2880211267605634,0.3372017543859649,0.6,0.96,0.19263377109878843","0,0,0"
37.81666666666667,255,AV,1,0,0,75,5702.616109653807,0.2,-10.891612754885934,"0.22544444444444445,0.29385731414868105,0.3388999999999999,0.2,0.75,0.28176053800041856","0,0,0"
42.333333333333336,267,AV,1,0,0,90,6783.106781750961,0.1,-7.251301020895388,"0.19223333333333334,0.2971593137254902,0.3522777777777778,0.1,0.9,0.33514649757064985","0,0,0"
25.15,221,AV,1,0,0,40,4164.701887555128,0.2,-5.290012751111691,"0.2085714285714286,0.29501629072681707,0.344265873015873,0.2,0.4,0.20577373996162773","0,0,0"
16.666666666666668,112,AV,1,0,0,12,1682.490559712908,0.2,-1.4162378448761852,"0.16183333333333333,0.27763472222222224,0.3098627450980392,0.2,0.12,0.08313016976240285","0,0,0"
35.15,72,AV,2,0,0,57,1239.4416864014672,0.3,-3.300482975531179,"0.2028333333333333,0.2976771653543307,0.34037272727272727,0.3,0.57,0.0612395696405775","0,0,0"
17.716666666666665,45,AV,1,0,0,14,898.3728471886773,0.4,-1.6076941692955622,"0.20606410256410257,0.3058551912568305,0.3576787878787879,0.4,0.14,0.044387700641524724","0,0,0"
43.65,280,AV,2,0,0,83,8348.421721831439,0.3,-27.606712739238052,"0.12418333333333333,0.2535615384615385,0.31660999999999995,0.3,0.83,0.41248713758156286","0,0,0"
22.5,74,AV,2,0,0,6,1260.6549751070208,0.1,-0.7162812358562618,"0.17749999999999996,0.26305432098765436,0.3092536231884059,0.1,0.06,0.0622876969427672","0,0,0"
34.13333333333333,212,AV,1,0,0,69,3822.7735841463273,1.0,-32.95050631452727,"0.13959523809523808,0.2578037634408602,0.3310212121212121,1.0,0.69,0.1888794056993337","0,0,0"
22.766666666666666,263,AV,2,0,0,15,6230.691172258436,0.1,-3.582122955094707,"0.21304545454545454,0.2858904109589041,0.35996464646464643,0.1,0.15,0.3078521967905309","0,0,0"
41.11666666666667,283,AV,2,0,0,72,8987.822610831106,0.2,-18.66410638124608,"0.19058333333333333,0.30408717948717945,0.36544444444444446,0.2,0.72,0.4440792937110115","0,0,0"
24.166666666666668,279,AV,2,0,0,11,8333.728817076937,1.0,-50.85819353855875,"0.1231904761904762,0.2531474926253688,0.3041805555555555,1.0,0.11,0.4117611759055859","0,0,0"
34.483333333333334,294,AV,1,0,0,68,16390.717038727882,0.1,-14.272892909565655,"0.2312142857142857,0.29279861111111116,0.35358333333333336,0.1,0.68,0.8098488767684134","0,0,0"
28.4,30,AV,1,0,0,54,753.5670156580491,0.5,-2.7021847531172467,"0.19304166666666667,0.28769221411192214,0.3668740740740741,0.5,0.54,0.03723298985385701","0,0,0"
11.916666666666666,249,AV,0,0,0,29,5370.167679594476,0.1,-11.61602268135945,"0.1268148148148148,0.30565085158150856,0.3768068181818183,0.1,0.29,0.26533459476493776","0,0,0"
29.15,137,AV,1,0,0,54,2142.030696222753,0.4,-6.30709038332255,"0.16229761904761908,0.3027641242937853,0.36739236111111107,0.4,0.54,0.10583558664582342","0,0,0"
28.4,51,AV,2,0,0,21,932.1411738504048,0.1,-0.668505286296755,"0.1908095238095238,0.30352971576227394,0.3293666666666666,0.1,0.21,0.046056159767061025","0,0,0"
33.583333333333336,210,AV,2,0,0,62,3778.090807703549,0.5,-16.020313504887735,"0.18907142857142856,0.2728030303030304,0.3223888888888888,0.5,0.62,0.18667167456544997","0,0,0"
21.866666666666667,177,AV,2,0,0,2,2968.817229463249,1.0,-16.3934688764974,"0.1726904761904762,0.27926171875,0.35070486111111115,1.0,0.02,0.1466862793696381","0,0,0"
32.31666666666667,37,AV,2,0,0,41,827.3783452591958,0.2,-1.3504096056040245,"0.17238333333333336,0.2718504273504273,0.3247925925925926,0.2,0.41,0.040879933561629736","0,0,0"
37.68333333333333,46,AV,1,0,0,78,905.8209551718018,0.4,-3.4479144438441813,"0.18,0.31439382716049374,0.358463768115942,0.4,0.78,0.044755704180963","0,0,0"
28.5,207,AV,1,0,0,47,3630.005597296026,0.6,-15.67502417014193,"0.2326666666666667,0.29151654846335695,0.3630492424242424,0.6,0.47,0.17935493295913799","0,0,0"
31.833333333333332,76,AV,1,0,0,59,1275.6237969650936,0.2,-2.0508766432687957,"0.12152380952380952,0.26074681933842236,0.3117021276595745,0.2,0.59,0.06302729140588091","0,0,0"
33.083333333333336,125,AV,1,0,0,63,1963.0347272178835,0.3,-4.919979714049872,"0.15785185185185185,0.2872769607843138,0.33545925925925935,0.3,0.63,0.09699157548376398","0,0,0"
13.966666666666667,21,AV,1,0,0,7,640.5426603936758,0.3,-0.677745895719571,"0.1531282051282051,0.258763779527559,0.3277666666666667,0.3,0.07,0.03164856990797825","0,0,0"
37.733333333333334,22,AV,1,0,0,74,658.4091024775607,0.1,-0.6273729831688543,"0.16546153846153847,0.2983333333333333,0.34904513888888894,0.1,0.74,0.032531332877974904","0,0,0"
16.233333333333334,144,AV,1,0,0,8,2255.9253983027734,1.0,-9.247774991359012,"0.16846296296296298,0.26908816425120774,0.33142248062015506,1.0,0.08,0.11146300955425625","0,0,0"
42.53333333333333,79,AV,1,0,0,91,1317.647826688136,0.2,-2.8305027388115516,"0.15762962962962965,0.26046639784946235,0.3096314102564104,0.2,0.91,0.06510365653304864","0,0,0"
36.78333333333333,16,AV,1,0,0,71,614.9217871931492,0.9,-5.14065297096697,"0.14362121212121207,0.2502500000000001,0.3075736434108527,0.9,0.71,0.030382668279986823","0,0,0"
25.233333333333334,66,AV,2,0,0,20,1117.0806745336297,0.1,-0.7118098237558567,"0.1065,0.23775268817204304,0.3208653846153846,0.1,0.2,0.055193834863552414","0,0,0"
29.416666666666668,81,AV,1,0,0,56,1338.7213376931895,0.1,-0.9944626098604713,"0.13276388888888888,0.26687878787878794,0.33774275362318845,0.1,0.56,0.06614487755935793","0,0,0"
32.96666666666667,156,AV,2,0,0,45,2476.7673195544394,0.9,-18.556991507873793,"0.17631944444444442,0.28878740157480315,0.35647807017543864,0.9,0.45,0.12237458721412664","0,0,0"
34.45,282,AV,1,0,0,68,8981.750106371177,0.3,-23.44100690640053,"0.1688974358974359,0.28109079601990056,0.36474242424242426,0.3,0.68,0.4437792573608979","0,0,0"
23.35,254,AV,1,0,0,35,5670.319740923212,0.1,-3.3434839886504295,"0.2358095238095238,0.26924799999999993,0.3602366666666667,0.1,0.35,0.28016480683878775","0,0,0"
12.85,154,AV,1,0,0,4,2421.832203454489,0.2,-1.5717446370904133,"0.1856875,0.2826357526881721,0.3424548611111111,0.2,0.04,0.119660298268526","0,0,0"
37.516666666666666,53,AV,1,0,0,72,946.1123250925148,0.3,-2.6890136916455183,"0.16424358974358974,0.2629202279202279,0.3395833333333333,0.3,0.72,0.04674646032644781","0,0,0"
33.983333333333334,234,AV,1,0,0,67,4679.48341028673,0.1,-4.01576880200953,"0.14806060606060606,0.27476666666666666,0.35276495726495727,0.1,0.67,0.23120857828995","0,0,0"
37.65,262,AV,1,0,0,75,6081.635477498837,0.6,-34.69296601936836,"0.18776315789473683,0.2938818181818182,0.36304371584699446,0.6,0.75,0.3004875045265025","0,0,0"
32.916666666666664,233,AV,1,0,0,63,4669.869929992837,0.3,-11.645193322898802,"0.18118750000000003,0.28475130208333327,0.3388439716312056,0.3,0.63,0.23073358587812023","0,0,0"
44.083333333333336,298,AV,2,0,0,92,19040.472291926453,0.3,-63.58844597493115,"0.1737037037037037,0.25349705014749263,0.3492557471264368,0.3,0.92,0.9407706241479663","0,0,0"
43.666666666666664,142,AV,2,0,0,91,2241.037238818388,0.2,-4.942354853286343,"0.19298333333333337,0.3031076115485565,0.3694496124031008,0.2,0.91,0.11072740053806189","0,0,0"
31.433333333333334,236,AV,1,0,0,63,4747.153558918807,0.4,-15.072612141617627,"0.14605555555555555,0.27405875299760185,0.33288157894736836,0.4,0.63,0.23455209241022626","0,0,0"
18.183333333333334,58,AV,1,0,0,16,979.573716991658,0.3,-1.349387531866034,"0.15945238095238096,0.2521476964769648,0.33796124031007757,0.3,0.16,0.048399754113449336","0,0,0"
40.63333333333333,278,AV,2,0,0,66,8134.997760071039,0.3,-25.04182391294595,"0.1989545454545455,0.30018075117370896,0.35687387387387387,0.3,0.66,0.40194207385440944","0,0,0"
38.38333333333333,41,AV,2,0,0,69,850.3216016091212,0.4,-3.296785603545128,"0.16519230769230775,0.27212560386473433,0.3327948717948719,0.4,0.69,0.04201353682867991","0,0,0"
36.016666666666666,277,AV,2,0,0,64,8029.700924090037,0.2,-14.606215233130111,"0.2026833333333333,0.27804320987654324,0.3598715846994535,0.2,0.64,0.39673946287985623","0,0,0"
26.966666666666665,272,AV,1,0,0,46,7362.36439851089,0.3,-15.04078989493765,"0.21766666666666665,0.3054580335731415,0.3632761904761905,0.3,0.46,0.36376703498729634","0,0,0"
42.63333333333333,12,AV,1,0,0,92,591.6693204447811,0.4,-2.5479631678413304,"0.1401888888888889,0.24329198966408272,0.30798373983739835,0.4,0.92,0.02923378723751827","0,0,0"
12.5,64,AV,1,0,0,0,1089.3140785512585,1.0,-3.4384914095683663,"0.10302777777777779,0.30229318734793187,0.33443333333333336,1.0,0.0,0.05382191522667051","0,0,0"
39.15,34,AV,1,0,0,79,779.2240782816187,1.0,-7.7036925921023665,"0.22192307692307695,0.33706060606060606,0.3732444444444444,1.0,0.79,0.038500679564916006","0,0,0"
27.966666666666665,291,AV,1,0,0,48,13430.196447392702,1.0,-94.84793618991984,"0.18079166666666668,0.3086601049868767,0.3631515151515152,1.0,0.48,0.6635725259609666","0,0,0"
24.05,165,AV,1,0,0,41,2756.9260540590044,0.4,-6.697380969708996,"0.134625,0.2581450839328537,0.3123026315789473,0.4,0.41,0.1362169490778143","0,0,0"
28.766666666666666,116,AV,1,0,0,52,1778.835052690156,0.6,-7.753205305412144,"0.20719047619047617,0.31264857881136954,0.3715212765957447,0.6,0.52,0.08789045445501824","0,0,0"
40.05,151,AV,1,0,0,85,2382.718205806423,0.4,-9.639178196216895,"0.16085416666666666,0.2891692111959287,0.3294891304347826,0.4,0.85,0.1177277149052501","0,0,0"
23.933333333333334,153,AV,1,0,0,31,2403.836358207942,0.1,-1.4528236575701199,"0.19338888888888894,0.3071167883211679,0.34607894736842104,0.1,0.31,0.11877114161815011","0,0,0"
12.0,106,AV,1,0,0,1,1626.914224999384,0.4,-1.972017242423496,"0.1410185185185185,0.26560074626865676,0.3349929078014185,0.4,0.01,0.0803841988487261","0,0,0"
22.133333333333333,261,AV,1,0,0,30,6031.594525491932,0.7,-23.598359725998733,"0.19953333333333334,0.2771448087431694,0.3478576388888889,0.7,0.3,0.2980150313162421","0,0,0"
47.6,230,AV,2,0,0,99,4630.913868273173,0.2,-11.13290404695975,"0.11566666666666667,0.2625547073791349,0.31653846153846155,0.2,0.99,0.2288088059705391","0,0,0"
24.366666666666667,281,AV,1,0,0,42,8436.938288223368,0.6,-31.148494387329702,"0.20235714285714287,0.28186716791979943,0.3528434343434344,0.6,0.42,0.4168606522788469","0,0,0"
25.233333333333334,14,AV,1,0,0,35,597.1498506777683,0.4,-1.5220284072830663,"0.17032142857142862,0.2753728395061728,0.34534552845528455,0.4,0.35,0.029504574735270385","0,0,0"
19.916666666666668,105,AV,1,0,0,24,1614.9493849180149,1.0,-8.122325399734965,"0.20572916666666669,0.3302929292929293,0.35814682539682535,1.0,0.24,0.0797930281099649","0,0,0"
21.483333333333334,113,AV,1,0,0,21,1697.366940102563,0.3,-2.762507557818439,"0.19804166666666667,0.3157186761229314,0.3486260162601626,0.3,0.21,0.08386519678534977","0,0,0"
34.56666666666667,273,AV,1,0,0,70,7572.106998522375,0.4,-26.43863622042998,"0.15868749999999998,0.2971057471264367,0.3631351351351351,0.4,0.7,0.37413020632558763","0,0,0"
38.78333333333333,246,AV,1,0,0,76,5064.807770076448,0.3,-14.881070304252392,"0.16466666666666666,0.24996070460704606,0.32638000000000006,0.3,0.76,0.25024706813941117","0,0,0"
25.416666666666668,130,AV,1,0,0,45,2022.4315636845977,0.1,-1.2980673967251732,"0.1655138888888889,0.29111757105943153,0.3645454545454545,0.1,0.45,0.09992631355425287","0,0,0"
21.383333333333333,33,AV,1,0,0,30,779.0639592631991,0.2,-0.8413628448945155,"0.2324047619047619,0.2991727941176471,0.3576489361702128,0.2,0.3,0.0384927682449347","0,0,0"
41.38333333333333,269,AV,1,0,0,86,7099.697064525982,0.5,-37.097112397344304,"0.16964285714285715,0.2500752688172042,0.3512820512820513,0.5,0.86,0.3507889056663633","0,0,0"
18.316666666666666,4,AV,1,0,0,14,522.440884226393,0.2,-0.48330179441481974,"0.15397435897435896,0.24675203252032518,0.3122325581395349,0.2,0.14,0.02581327969172718","0,0,0"
46.61666666666667,227,AV,2,0,0,92,4505.18942297478,0.2,-10.606914828333723,"0.18950000000000003,0.26233195592286507,0.33185460992907806,0.2,0.92,0.22259688732374286","0,0,0"
22.316666666666666,251,AV,1,0,0,32,5394.467136051333,0.6,-18.24038256356751,"0.12304999999999998,0.26999382716049386,0.31815530303030304,0.6,0.32,0.2665352065179911","0,0,0"
28.516666666666666,152,AV,0,0,0,90,2392.7441380289174,0.1,-11.72305775259574,"0.11283333333333335,0.22310705596107058,0.2801441441441441,0.1,0.9,0.1182230861528751","0,0,0"
34.266666666666666,67,AV,1,0,0,66,1141.5133047894662,0.4,-3.951096556645022,"0.22436111111111112,0.32067607526881725,0.3625933333333334,0.4,0.66,0.0564010266003407","0,0,0"
37.38333333333333,24,AV,1,0,0,72,676.2529471816457,0.3,-1.9151961622833726,"0.20116666666666666,0.3001843971631205,0.3397113821138212,0.3,0.72,0.033412979334117666","0,0,0"
28.816666666666666,215,AV,1,0,0,52,3942.222625638348,0.3,-8.606190555213008,"0.20901515151515151,0.2751611570247933,0.3213766666666666,0.3,0.52,0.19478126294296802","0,0,0"
20.433333333333334,182,AV,1,0,0,22,3024.224513765153,0.1,-1.5604794839545781,"0.1623148148148148,0.25913445378151256,0.33681182795698933,0.1,0.22,0.14942389767216036","0,0,0"
41.31666666666667,270,AV,2,0,0,82,7332.887514065835,0.6,-45.90461653376062,"0.15315384615384614,0.2701175710594315,0.34878125000000004,0.6,0.82,0.3623106117141683","0,0,0"
40.81666666666667,159,AV,2,0,0,82,2530.9644311939346,0.6,-15.652353262610973,"0.19255000000000003,0.30620596205962064,0.36941880341880334,0.6,0.82,0.12505241210010515","0,0,0"
42.666666666666664,193,AV,1,0,0,91,3278.222126324269,0.1,-3.5320911798780004,"0.17504166666666665,0.2699002525252525,0.32173188405797104,0.1,0.91,0.16197366475964245","0,0,0"
14.716666666666667,48,AV,1,0,0,6,914.1934345695068,0.2,-0.6794888911825544,"0.22341666666666668,0.3053345498783455,0.35245918367346946,0.2,0.06,0.04516937998416169","0,0,0"
30.1,77,AV,0,0,0,96,1294.2551843223837,0.3,-12.951294018795739,"0.165969696969697,0.2987540322580646,0.3498008130081301,0.3,0.96,0.06394784955402583","0,0,0"
18.15,118,AV,1,0,0,20,1824.367004680513,0.1,-0.8361682104785684,"0.14179166666666665,0.23544933333333337,0.3047843137254902,0.1,0.2,0.09014014250035135","0,0,0"
39.1,217,AV,1,0,0,84,4021.28082322038,0.3,-11.911521226357335,"0.21182051282051284,0.3219900497512439,0.385608527131783,0.3,0.84,0.19868744913115402","0,0,0"
26.766666666666666,266,AV,1,0,0,47,6778.2755320215965,0.1,-4.581612165162746,"0.16166666666666668,0.2743621553884712,0.3249166666666667,0.1,0.47,0.3349077903708691","0,0,0"
15.75,224,AV,1,0,0,10,4429.527615460413,0.2,-3.523487875934419,"0.14550000000000002,0.2776484184914842,0.32780487804878056,0.2,0.1,0.2188585133596875","0,0,0"
34.55,237,AV,1,0,0,68,4754.245589533712,0.5,-20.73979610080678,"0.17171666666666666,0.2780793650793651,0.3472916666666667,0.5,0.68,0.234902502524312","0,0,0"
30.966666666666665,160,AV,1,0,0,59,2563.744074524839,1.0,-20.048133377386996,"0.14950000000000002,0.2372366412213741,0.32457207207207217,1.0,0.59,0.12667202137465233","0,0,0"
38.96666666666667,222,AV,2,0,0,65,4237.057085974603,0.6,-25.015756229819758,"0.15996969696969698,0.2916738095238095,0.36473076923076925,0.6,0.65,0.20934873768929974","0,0,0"
14.8,73,AV,1,0,0,7,1244.4027248274256,0.1,-0.4650798062486338,"0.13842857142857143,0.3025277777777778,0.3519814814814815,0.1,0.07,0.06148468956958209","0,0,0"
27.05,285,AV,1,0,0,48,9280.176126726552,0.1,-6.339110207776597,"0.23038888888888892,0.26743076923076925,0.3304618055555556,0.1,0.48,0.4585241874827607","0,0,0"
26.6,284,AV,2,0,0,9,9095.945853089892,0.2,-12.219806045060162,"0.22764583333333335,0.3348031400966183,0.3832159090909091,0.2,0.09,0.44942155458275634","0,0,0"
14.85,247,AV,1,0,0,6,5168.6614957092925,0.3,-5.814744182672954,"0.20704166666666665,0.291574494949495,0.34456,0.3,0.06,0.255378376480178","0,0,0"
13.133333333333333,62,AV,1,0,0,4,1025.7249596144625,0.2,-0.6803630203503338,"0.13883333333333334,0.26570273631840796,0.3359500000000001,0.2,0.04,0.050680040687321244","0,0,0"
31.266666666666666,131,AV,1,0,0,55,2033.019749384408,0.7,-11.236370096345135,"0.16036363636363635,0.2739065656565657,0.3450425531914894,0.7,0.55,0.10044946518183244","0,0,0"
43.93333333333333,15,AV,1,0,0,95,601.3137559373858,0.7,-4.669798579358856,"0.1987948717948718,0.28518181818181815,0.3436814814814814,0.7,0.95,0.029710309114645228","0,0,0"
35.61666666666667,256,AV,1,0,0,70,5844.130995646287,0.2,-10.512548769104475,"0.1766481481481482,0.28701851851851856,0.3414963768115941,0.2,0.7,0.28875264647231946","0,0,0"
18.166666666666668,203,AV,1,0,0,14,3580.4564780460023,0.1,-1.6425494785648749,"0.1282727272727273,0.25963762626262626,0.34958865248226956,0.1,0.14,0.17690676071171996","0,0,0"
22.166666666666668,209,AV,1,0,0,31,3759.463069718096,0.4,-8.417653001220653,"0.19643589743589743,0.31074999999999997,0.3695632183908046,0.4,0.31,0.18575129672910448","0,0,0"
29.583333333333332,57,AV,2,0,0,33,961.7772661313056,0.2,-1.4369988614335583,"0.17133333333333334,0.23403750000000006,0.3091969696969697,0.2,0.33,0.04752044933955402","0,0,0"
42.766666666666666,245,AV,1,0,0,95,5009.92015912814,0.2,-10.821090175355899,"0.17385897435897438,0.28229402515723273,0.3236268115942029,0.2,0.95,0.24753512637567007","0,0,0"
23.233333333333334,119,AV,1,0,0,35,1848.7234685638712,0.1,-1.0846466814722375,"0.13910606060606062,0.2663681592039801,0.3302296296296296,0.1,0.35,0.09134357093312716","0,0,0"
46.63333333333333,289,AV,2,0,0,94,11515.391842589095,0.2,-27.12126799289923,"0.1495625,0.30046819338422387,0.3497070707070708,0.2,0.94,0.5689639524149042","0,0,0"
20.283333333333335,135,AV,1,0,0,25,2108.868816674547,0.1,-1.080173968810153,"0.13955555555555554,0.30673076923076925,0.36767543859649116,0.1,0.25,0.10419709146344741","0,0,0"
35.43333333333333,293,AV,1,0,0,70,14754.343640924068,0.2,-26.403816987040884,"0.18780952380952382,0.24528528528528526,0.3140760233918129,0.2,0.7,0.7289973096860264","0,0,0"
32.7,229,AV,1,0,0,62,4609.601315671212,0.6,-22.838479245825553,"0.1335,0.2664354005167959,0.33461347517730494,0.6,0.62,0.2277557741388637","0,0,0"
24.7,101,AV,2,0,0,6,1587.6148581174584,0.8,-7.922037776868933,"0.2305925925925926,0.30460629921259846,0.36749186991869925,0.8,0.06,0.07844245657766878","0,0,0"
36.766666666666666,26,AV,1,0,0,75,720.4688823460104,0.8,-5.351361462812454,"0.15922222222222224,0.2934948717948718,0.366702380952381,0.8,0.75,0.035597644309025005","0,0,0"
42.15,253,AV,1,0,0,93,5654.280440205098,0.4,-24.07352732875201,"0.22464814814814815,0.29091016548463355,0.34437083333333346,0.4,0.93,0.2793723210896882","0,0,0"
32.233333333333334,211,AV,2,0,0,43,3783.636689084741,0.3,-9.239335046325618,"0.16788888888888892,0.26629616306954434,0.30937179487179484,0.3,0.43,0.18694569099783895","0,0,0"
39.733333333333334,96,AV,2,0,0,68,1541.4014724042315,0.6,-9.279548258110323,"0.15975757575757574,0.27712790697674416,0.3479333333333333,0.6,0.68,0.07615909957607497","0,0,0"
42.75,158,AV,1,0,0,93,2528.765907819195,0.3,-8.189753224187166,"0.14964999999999998,0.2512769423558897,0.33214814814814814,0.3,0.93,0.12494378526691811","0,0,0"
18.233333333333334,192,AV,1,0,0,18,3274.575105225111,0.1,-1.507737864106175,"0.22650000000000003,0.27952583979328166,0.33281632653061216,0.1,0.18,0.16179346910781556","0,0,0"
26.633333333333333,19,AV,1,0,0,46,617.4453946714843,0.8,-3.322147275033778,"0.1734871794871795,0.3027888888888889,0.33678174603174604,0.8,0.46,0.03050735719243069","0,0,0"
25.516666666666666,242,AV,0,0,0,80,4968.170350229253,0.5,-26.006457925507124,"0.17215384615384616,0.30101127819548873,0.3656553030303031,0.5,0.8,0.24547231022417584","0,0,0"
27.45,2,AV,1,0,0,48,506.5869000089976,0.1,-0.35115682841532797,"0.15153333333333335,0.2797981220657277,0.3307790697674418,0.1,0.48,0.025029950244917432","0,0,0"
43.65,8,AV,1,0,0,97,548.7192496267361,0.6,-3.629029582758641,"0.24538095238095242,0.3159345679012346,0.3695615942028986,0.6,0.97,0.02711166734935643","0,0,0"
15.65,290,AV,1,0,0,8,12197.400506638176,0.4,-19.28174928574621,"0.14183333333333334,0.3069265091863517,0.33978409090909084,0.4,0.08,0.6026613159421645","0,0,0"
35.38333333333333,190,AV,1,0,0,70,3252.767976975094,0.1,-2.906408423871264,"0.15406060606060604,0.27034426229508196,0.33253,0.1,0.7,0.1607160007897979","0,0,0"
34.45,248,AV,1,0,0,67,5341.061461458292,0.3,-13.939361162669558,"0.25366666666666665,0.3205364963503649,0.367927536231884,0.3,0.67,0.26389648574207625","0,0,0"
18.15,275,AV,1,0,0,15,7958.958807233507,0.1,-3.6478561199820234,"0.18815,0.2881954436450839,0.34347560975609753,0.1,0.15,0.3932441658930853","0,0,0"
37.36666666666667,200,AV,2,0,0,69,3520.054626539052,0.3,-9.96459908169262,"0.17954545454545454,0.24948441247002395,0.31392083333333337,0.3,0.69,0.17392236585687273","0,0,0"
23.416666666666668,220,AV,1,0,0,35,4090.160813256426,0.8,-19.349077247896567,"0.18776190476190474,0.2895367454068241,0.35026870748299316,0.8,0.35,0.20209074030082702","0,0,0"
28.783333333333335,149,AV,2,0,0,37,2314.8193170712048,0.3,-5.047592121946932,"0.13714814814814816,0.29451410256410254,0.3243090277777778,0.3,0.37,0.11437289896607457","0,0,0"
34.416666666666664,225,AV,2,0,0,50,4459.768546990965,0.6,-23.25611628670793,"0.15075,0.26436805555555554,0.31868421052631585,0.6,0.5,0.22035268743240086","0,0,0"
34.15,98,AV,2,0,0,49,1564.4426034616197,0.5,-6.745671074269484,"0.20194117647058824,0.2853455882352942,0.37872072072072077,0.5,0.49,0.07729753873417955","0,0,0"
33.93333333333333,168,AV,1,0,0,63,2813.5576138103806,0.3,-7.232832451664059,"0.16130769230769232,0.2602697201017812,0.32591666666666663,0.3,0.63,0.1390150576014335","0,0,0"
21.116666666666667,36,AV,1,0,0,29,813.126641713825,0.4,-1.7343963889754488,"0.19452564102564104,0.28755593607305935,0.338263440860215,0.4,0.29,0.040175771194542055","0,0,0"
37.06666666666667,206,AV,2,0,0,41,3623.60917519969,1.0,-33.917957936212595,"0.1843333333333333,0.2858095238095238,0.34008333333333324,1.0,0.41,0.17903889216374055","0,0,0"
30.15,195,AV,1,0,0,56,3368.9508766880413,0.2,-5.129993380411336,"0.18804166666666666,0.30047426470588234,0.36006159420289857,0.2,0.56,0.16645648124650464","0,0,0"
27.55,134,AV,2,0,0,17,2078.9202215407213,0.6,-8.677916985370738,"0.18892857142857142,0.3091641414141414,0.37079268292682926,0.6,0.17,0.10271736143866485","0,0,0"
23.266666666666666,258,AV,1,0,0,35,5912.288420941998,0.2,-6.9474365619823475,"0.18342857142857144,0.30918834688346875,0.3766025641025641,0.2,0.35,0.2921202364434439","0,0,0"
25.466666666666665,91,AV,1,0,0,45,1485.5718097438446,0.6,-5.7322063769914005,"0.17601851851851852,0.279844,0.3333300653594771,0.6,0.45,0.07340061198282061","0,0,0"
14.7,219,AV,1,0,0,5,4061.843573313689,0.2,-3.0156111377631936,"0.1384027777777778,0.2812089201877934,0.36616176470588235,0.2,0.05,0.20069161389857007","0,0,0"
36.3,186,AV,1,0,0,72,3151.1733449572957,0.3,-8.665726698632563,"0.16616666666666668,0.28340726817042605,0.35162411347517725,0.3,0.72,0.1556963119969945","0,0,0"
23.333333333333332,44,AV,1,0,0,36,870.7377108213431,0.3,-1.5391828221589399,"0.16340740740740742,0.27415641025641024,0.3192352941176471,0.3,0.36,0.04302227629226974","0,0,0"
44.1,175,AV,2,0,0,93,2964.6777926145683,0.1,-3.301572996320769,"0.1895925925925926,0.30384765625000004,0.35075157232704407,0.1,0.93,0.14648175394988758","0,0,0"
13.566666666666666,40,AV,1,0,0,1,849.0657401736111,0.5,-1.4544181660381301,"0.23442592592592593,0.3208958333333334,0.37202592592592587,0.5,0.01,0.04195148597571712","0,0,0"
29.15,54,AV,1,0,0,57,946.2003450753726,0.2,-1.3930171746942985,"0.16595454545454547,0.2575681818181818,0.3109007092198581,0.2,0.57,0.04675080930545112","0,0,0"
41.083333333333336,292,AV,2,0,0,82,14505.369879802229,0.4,-60.19484301971801,"0.1411794871794872,0.2720872395833333,0.32839115646258504,0.4,0.82,0.7166957660553899","0,0,0"
25.683333333333334,265,AV,1,0,0,47,6709.13861087917,0.3,-13.054018433541415,"0.1975,0.2682987179487179,0.31923913043478264,0.3,0.47,0.3314918044931234","0,0,0"
31.816666666666666,89,AV,1,0,0,62,1467.6871321740252,0.1,-1.1792149559428513,"0.17096296296296298,0.29545703124999995,0.32793023255813947,0.1,0.62,0.07251694801576773","0,0,0"
41.38333333333333,189,AV,1,0,0,91,3245.380745418587,0.4,-13.566128604165575,"0.18477777777777774,0.2892827160493827,0.351975,0.4,0.91,0.16035100509349434","0,0,0"
21.916666666666668,179,AV,1,0,0,30,2996.640782499388,0.5,-8.292471862345739,"0.1429166666666667,0.2614322916666667,0.31421153846153843,0.5,0.3,0.14806101319737625","0,0,0"
10.283333333333333,75,AV,0,0,0,17,1265.4739572733297,0.1,-10.328618447658942,"0.19392424242424242,0.2554527363184079,0.3372447916666666,0.1,0.17,0.06252579801457091","0,0,0"
13.6,139,AV,1,0,0,2,2187.907521251699,0.4,-3.0056103322245566,"0.20452777777777778,0.30651432291666664,0.3600162601626017,0.4,0.02,0.10810231452182832","0,0,0"
31.566666666666666,70,AV,2,0,0,40,1167.011530479414,0.2,-1.8605385847878873,"0.14473809523809522,0.270242206235012,0.3310757575757577,0.2,0.4,0.05766086833794136","0,0,0"
22.166666666666668,136,AV,1,0,0,34,2123.4400354784907,0.3,-3.5658778373565565,"0.1461969696969697,0.2435413223140496,0.32288888888888884,0.3,0.34,0.10491704075874904","0,0,0"
26.966666666666665,140,AV,0,0,0,83,2218.0502812558643,0.5,-17.552199821279437,"0.17494444444444443,0.2930802469135802,0.33911111111111114,0.5,0.83,0.10959163803796217","0,0,0"
33.18333333333333,174,AV,1,0,0,64,2949.689674384749,0.3,-7.415192098106105,"0.17894736842105263,0.28382913165266105,0.33443617021276595,0.3,0.64,0.14574120607241453","0,0,0"
15.35,90,AV,1,0,0,5,1475.2077210572677,0.3,-1.7154877665325041,"0.14744444444444443,0.23110655737704922,0.3154133333333334,0.3,0.05,0.07288853276372843","0,0,0"
28.4,208,AV,1,0,0,51,3758.845856207275,0.2,-5.39147587455993,"0.15416666666666667,0.2551728855721393,0.3247763157894737,0.2,0.51,0.18572080082906037","0,0,0"
35.03333333333333,180,AV,1,0,0,69,3001.8426729260827,0.7,-18.58969406120975,"0.1734,0.3070785123966942,0.35622043010752685,0.7,0.69,0.14831803338198302","0,0,0"
19.616666666666667,169,AV,1,0,0,18,2850.5966631146844,0.3,-4.236303374350989,"0.2346923076923077,0.32419527363184075,0.38270930232558137,0.3,0.18,0.14084511984976505","0,0,0"
17.283333333333335,132,AV,1,0,0,13,2035.9911412414244,0.7,-6.220227144053663,"0.1649487179487179,0.2619799498746868,0.322530303030303,0.7,0.13,0.10059627867096521","0,0,0"
20.083333333333332,104,AV,1,0,0,17,1597.8734280578535,0.1,-0.8103693101050983,"0.20177380952380955,0.2862367724867725,0.32943999999999996,0.1,0.17,0.07894932222142612","0,0,0"
33.71666666666667,121,AV,2,0,0,49,1885.557658153182,0.3,-4.816266593994808,"0.167125,0.301,0.35649224806201557,0.3,0.49,0.09316351126856799","0,0,0"
13.933333333333334,171,AV,1,0,0,3,2909.5116230827134,1.0,-10.2371705256614,"0.20086363636363636,0.29570025839793285,0.33776666666666666,1.0,0.03,0.14375604888613547","0,0,0"
23.8,59,AV,1,0,0,37,985.8695826897422,0.9,-5.3326581972763325,"0.1395925925925926,0.30916111111111105,0.3715874316939891,0.9,0.37,0.04871082651814225","0,0,0"
31.383333333333333,1,AV,1,0,0,61,491.8679742725259,0.1,-0.38980950991379054,"0.2106666666666667,0.2998592592592593,0.3568170731707317,0.1,0.61,0.024302702898339818","0,0,0"
26.233333333333334,148,AV,1,0,0,36,2302.618320259251,0.6,-9.15232635375773,"0.14954166666666666,0.3092595238095238,0.3852210144927537,0.6,0.36,0.11377005996029654","0,0,0"
38.75,276,AV,2,0,0,65,8028.27043643778,0.6,-47.13567869878242,"0.1845,0.3132711267605634,0.33639583333333334,0.6,0.65,0.39666878392080435","0,0,0"
32.3,78,AV,2,0,0,45,1310.9401185904849,0.4,-4.277107659643703,"0.19116666666666662,0.2667948717948718,0.34415740740740747,0.4,0.45,0.06477223540877823","0,0,0"
20.95,183,AV,1,0,0,25,3065.2253709468137,0.3,-4.864884206161799,"0.16510256410256413,0.24577818627450973,0.33332113821138215,0.3,0.25,0.15144970887106365","0,0,0"
28.066666666666666,271,AV,1,0,0,46,7336.658338656486,0.4,-20.799549902857784,"0.1581851851851852,0.27038112745098036,0.3274703703703705,0.4,0.46,0.3624969243722426","0,0,0"
15.666666666666666,260,AV,1,0,0,9,5985.732437913218,0.2,-4.736185599022243,"0.16894444444444445,0.27059135802469136,0.32468115942028986,0.2,0.09,0.2957490316028605","0,0,0"
41.38333333333333,56,AV,1,0,0,89,959.5289757906356,0.6,-6.016440522444819,"0.15122222222222223,0.2257144607843137,0.30334188034188037,0.6,0.89,0.04740936357053375","0,0,0"
43.7,161,AV,1,0,0,96,2612.3907844155665,0.5,-14.414327939262659,"0.13498484848484849,0.2668511904761905,0.32479824561403503,0.5,0.96,0.12907560648141725","0,0,0"
45.81666666666667,239,AV,2,0,0,91,4925.450001742355,0.3,-17.09603794796684,"0.1794333333333333,0.30846428571428575,0.3415578231292517,0.3,0.91,0.24336154068581314","0,0,0"
30.5,199,AV,1,0,0,58,3487.44186130441,0.3,-8.058104300741249,"0.13961666666666664,0.25530081300813007,0.31537280701754394,0.3,0.58,0.17231100186155868","0,0,0"
14.833333333333334,150,AV,1,0,0,8,2318.1098695731453,0.3,-2.6049466968688124,"0.18751282051282053,0.2872481481481482,0.3377696078431372,0.3,0.08,0.11453548186231685","0,0,0"
16.283333333333335,100,AV,1,0,0,10,1573.7150367511856,0.3,-1.9413126147801874,"0.1945,0.3058173333333334,0.33190370370370365,0.3,0.1,0.07775568035585004","0,0,0"
43.5,216,AV,1,0,0,94,3958.913906791885,0.2,-8.697613886133686,"0.20066666666666666,0.2745395683453237,0.340152380952381,0.2,0.94,0.19560596239095915","0,0,0"
30.583333333333332,164,AV,1,0,0,56,2744.8905386527767,0.3,-6.359689568722026,"0.19796969696969696,0.3169359903381642,0.35571138211382114,0.3,0.56,0.1356222863421919","0,0,0"
46.1,86,AV,1,0,0,95,1405.7852601227096,0.3,-4.90959852209522,"0.20611111111111113,0.2962328431372549,0.38523076923076927,0.3,0.95,0.0694584386514629","0,0,0"
19.216666666666665,63,AV,1,0,0,18,1052.4070316009115,0.3,-1.532102660903852,"0.20356250000000004,0.2823178294573643,0.3406279069767442,0.3,0.18,0.05199837508215116","0,0,0"
30.783333333333335,170,AV,2,0,0,28,2891.134206742707,0.3,-6.742329393754773,"0.12366666666666665,0.27324812030075185,0.3270333333333334,0.3,0.28,0.14284803919103217","0,0,0"
38.7,95,AV,1,0,0,79,1526.0895405694364,0.7,-10.439839811622736,"0.2041666666666667,0.3049828431372549,0.3606519607843137,0.7,0.79,0.07540255239340664","0,0,0"
18.7,87,AV,1,0,0,19,1421.705549214182,0.1,-0.6713609537955859,"0.1610555555555556,0.28300689655172406,0.3357478632478632,0.1,0.19,0.07024504415554754","0,0,0"
12.616666666666667,257,AV,1,0,0,4,5882.279762541917,0.2,-3.7482203537409355,"0.16922222222222222,0.26833984375,0.3364433962264151,0.2,0.04,0.29063753875296394","0,0,0"
48.983333333333334,127,AV,2,0,0,94,1997.7276787447236,0.1,-2.4710949696257334,"0.1583611111111111,0.2628552971576228,0.3250460992907801,0.1,0.94,0.09870571939579707","0,0,0"
17.283333333333335,197,AV,1,0,0,10,3393.6426315430986,0.3,-4.443443698118931,"0.22977777777777778,0.26459112709832133,0.34651811594202897,0.3,0.1,0.16767647606964517","0,0,0"
27.683333333333334,184,AV,1,0,0,50,3101.095365071405,0.3,-6.503686112858086,"0.1507037037037037,0.2697757793764988,0.3273849206349207,0.3,0.5,0.15322200927639995","0,0,0"
44.8,196,AV,1,0,0,94,3387.2787239910285,0.3,-11.496218699605913,"0.17473809523809525,0.3206374045801526,0.3705487804878048,0.3,0.94,0.16736204178524355","0,0,0"
39.11666666666667,20,AV,1,0,0,81,626.2908344343901,0.2,-1.2372934245938667,"0.1836428571428571,0.27744871794871795,0.3173981481481481,0.2,0.81,0.030944401492541913","0,0,0"
13.5,39,AV,1,0,0,6,835.7777612710734,0.3,-0.8547727103908704,"0.17378571428571427,0.28864160401002503,0.3566706349206349,0.3,0.06,0.04129494027589717","0,0,0"
8.366666666666667,84,AV,0,0,0,15,1365.417472605012,0.1,-10.28848466803355,"0.16312962962962962,0.285673076923077,0.33616993464052286,0.1,0.15,0.06746390678921493","0,0,0"
17.316666666666666,27,AV,1,0,0,10,727.2326469992182,0.4,-1.2720449835558716,"0.1316875,0.2776371794871795,0.29916666666666664,0.4,0.1,0.03593183513143892","0,0,0"
11.666666666666666,94,AV,1,0,0,0,1509.578116022191,0.2,-0.8894820548952302,"0.15020833333333333,0.299626923076923,0.3553104575163399,0.2,0.0,0.07458673947980204","0,0,0"
22.383333333333333,68,AV,1,0,0,22,1148.2139867956057,0.3,-1.9470345760940635,"0.15724358974358976,0.2531074879227053,0.31887606837606836,0.3,0.22,0.05673210057248192","0,0,0"
39.43333333333333,166,AV,1,0,0,87,2761.3662775036096,0.2,-5.499488731122509,"0.2082037037037037,0.3032433862433862,0.3717939393939394,0.2,0.87,0.13643633606135613","0,0,0"
32.61666666666667,23,AV,2,0,0,40,670.158540600369,0.4,-2.2079129022810133,"0.20251666666666665,0.29138641975308643,0.36818888888888884,0.4,0.4,0.033111860822172434","0,0,0"
37.96666666666667,250,AV,1,0,0,81,5386.149373461946,0.4,-20.65597352314194,"0.1955,0.30557682291666666,0.36221851851851844,0.4,0.81,0.2661242342173697","0,0,0"
20.2,274,AV,1,0,0,20,7592.14370769901,0.3,-11.618280522387877,"0.1464375,0.2882613636363637,0.33577000000000007,0.3,0.2,0.37512020001424035","0,0,0"
13.766666666666667,243,AV,0,0,0,33,4999.976398121604,0.1,-11.738207283185373,"0.1743205128205128,0.27555303030303036,0.3339924242424243,0.1,0.33,0.24704381512534654","0,0,0"
33.983333333333334,99,AV,2,0,0,48,1567.0706205360798,0.4,-5.37922053076274,"0.15805555555555556,0.2892945736434109,0.32935606060606054,0.4,0.48,0.07742738641996724","0,0,0"
31.383333333333333,172,AV,2,0,0,34,2909.8477340427667,0.4,-9.22431529158675,"0.1468095238095238,0.2448521505376344,0.30843589743589744,0.4,0.34,0.1437726557913017","0,0,0"
19.65,42,AV,1,0,0,23,854.5785374972068,0.5,-2.120261144169206,"0.1898888888888889,0.27896899224806204,0.32810810810810814,0.5,0.23,0.04222386775802824","0,0,0"
43.63333333333333,129,AV,1,0,0,99,2015.5588757501516,0.3,-6.662541839285224,"0.15396969696969698,0.28369761904761903,0.3464188034188034,0.3,0.99,0.09958674094184428","0,0,0"
37.0,25,AV,1,0,0,70,679.8949342204361,0.1,-0.6352553678322256,"0.15033333333333332,0.2773682795698924,0.3452851851851852,0.1,0.7,0.033592926258074716","0,0,0"
27.8,10,AV,1,0,0,51,583.3206434887895,0.6,-2.457017255907325,"0.15053703703703705,0.24124173027989823,0.30733999999999995,0.6,0.51,0.028821287489073047","0,0,0"
41.3,9,AV,1,0,0,91,572.7967315704935,0.3,-1.7921594707470745,"0.13016666666666668,0.22797654320987654,0.29270138888888886,0.3,0.91,0.02830131156452355","0,0,0"
15.216666666666667,244,AV,0,0,0,39,5004.1281918097375,0.2,-13.845765184446373,"0.18646296296296294,0.2880671641791045,0.3769365079365079,0.2,0.39,0.2472489510841313","0,0,0"
36.95,117,AV,1,0,0,74,1823.811293294481,0.4,-6.807053261336474,"0.19152777777777774,0.2649533333333334,0.34665497076023394,0.4,0.74,0.09011268535856054","0,0,0"
23.35,110,AV,1,0,0,30,1653.1781197118603,0.5,-4.873953168594942,"0.15895454545454546,0.276377688172043,0.3192375886524823,0.5,0.3,0.08168187152419273","0,0,0"
21.083333333333332,60,AV,2,0,0,6,1020.7360413649084,0.3,-1.6303422882911731,"0.2174722222222222,0.2832655172413793,0.33808119658119673,0.3,0.06,0.05043354324421705","0,0,0"
28.716666666666665,11,AV,0,0,0,89,586.8516376274475,0.4,-11.702264935407563,"0.18010606060606058,0.26081770833333334,0.3407058823529412,0.4,0.89,0.028995750365243225","0,0,0"
25.45,218,AV,1,0,0,43,4034.238052294327,0.5,-12.963555357435686,"0.19596666666666668,0.2990343137254902,0.33875850340136054,0.5,0.43,0.1993276528139321","0,0,0"
39.18333333333333,80,AV,1,0,0,84,1323.5149786113286,0.2,-2.6191782110397583,"0.21821428571428578,0.31916079812206577,0.3817843137254902,0.2,0.84,0.06539354662044386","0,0,0"
23.35,141,AV,1,0,0,32,2225.3307045190536,0.1,-1.3121583825888865,"0.15515384615384617,0.24705820105820098,0.31488571428571427,0.1,0.32,0.1099513564437013","0,0,0"
26.666666666666668,297,AV,1,0,0,46,18628.94525544202,0.2,-25.08948855951787,"0.2048541666666667,0.2784190476190476,0.3328373015873016,0.2,0.46,0.9204374863438488","0,0,0"
23.7,13,AV,1,0,0,37,595.9176043698985,0.3,-1.0699429714823177,"0.2026904761904762,0.2649083969465649,0.3471518518518518,0.3,0.37,0.029443690682060725","0,0,0"
34.266666666666666,115,AV,2,0,0,27,1717.0377309640771,0.2,-2.971573716213925,"0.14366666666666666,0.2784376590330788,0.3463373015873016,0.2,0.27,0.0848371108173414","0,0,0"
26.9,6,AV,0,0,0,87,541.9839687696077,0.6,-12.208995266651886,"0.17404761904761906,0.27891721854304635,0.35092708333333333,0.6,0.87,0.02677888388271631","0,0,0"
11.916666666666666,122,AV,1,0,0,4,1899.102970895097,0.1,-0.571489319945284,"0.18465151515151515,0.2756920289855072,0.3315894308943089,0.1,0.04,0.0938327715750938","0,0,0"
26.666666666666668,194,AV,1,0,0,47,3362.377553451843,0.5,-11.3211365436089,"0.1852261904761905,0.28944861111111114,0.32724275362318844,0.5,0.47,0.1661316999433504","0,0,0"
8.416666666666666,235,AV,0,0,0,14,4689.4303597647895,0.1,-10.99670131804765,"0.19491025641025644,0.291172,0.37024468085106377,0.1,0.14,0.2317000470794511","0,0,0"
15.683333333333334,28,AV,1,0,0,8,742.4887258523852,0.2,-0.5881160698881266,"0.22014583333333335,0.3136384976525821,0.36460087719298245,0.2,0.08,0.0366856226743472","0,0,0"
41.43333333333333,32,AV,1,0,0,87,767.6170681366935,0.6,-4.818929372191465,"0.18620833333333334,0.28354427083333333,0.3539666666666667,0.6,0.87,0.03792718884414417","0,0,0"
42.483333333333334,82,AV,1,0,0,88,1342.087988935639,0.6,-8.638844151002385,"0.17608333333333334,0.25459975669099755,0.3481699346405228,0.6,0.88,0.06631122041798494","0,0,0"
37.85,18,AV,1,0,0,80,616.3739675020589,0.3,-1.7674056568146157,"0.2036444444444445,0.264002688172043,0.3251274509803922,0.3,0.8,0.030454419051430016","0,0,0"
45.733333333333334,299,AV,1,0,0,99,20239.22920549412,0.5,-116.86962318997448,"0.13316666666666668,0.2515588235294118,0.32271428571428573,0.5,0.99,1.0","0,0,0"
26.883333333333333,85,AV,1,0,0,44,1391.0507319816634,0.2,-1.8886909349212313,"0.17830952380952378,0.272176844783715,0.3255148148148148,0.2,0.44,0.06873042040573611","0,0,0"
44.18333333333333,102,AV,2,0,0,71,1588.8002265047048,1.0,-17.72689141609416,"0.1717638888888889,0.28232832080200504,0.3223703703703704,1.0,0.71,0.07850102443987396","0,0,0"
35.35,5,AV,2,0,0,43,539.5213747330826,0.5,-2.4080909844462712,"0.16926666666666665,0.2804823232323232,0.34558333333333335,0.5,0.43,0.026657209583190285","0,0,0"
35.68333333333333,204,AV,2,0,0,54,3583.4963710051925,0.1,-3.2290680683173894,"0.1974285714285714,0.28217042606516285,0.32016296296296304,0.1,0.54,0.17705695877155342","0,0,0"
41.31666666666667,157,AV,1,0,0,87,2486.38103050259,0.2,-5.188332133515084,"0.17125000000000004,0.2925869047619048,0.3372166666666667,0.2,0.87,0.12284959102235175","0,0,0"
42.78333333333333,71,AV,1,0,0,92,1174.3503864217532,0.3,-3.806259396394747,"0.18911111111111112,0.2832681818181818,0.32356910569105685,0.3,0.92,0.05802347384370573","0,0,0"
25.15,138,AV,1,0,0,37,2187.718469250836,0.3,-4.168266628913523,"0.2113833333333333,0.2825910256410257,0.3601500000000001,0.3,0.37,0.10809297365222585","0,0,0"
42.81666666666667,29,AV,1,0,0,95,742.6585956180782,0.3,-2.4089519345237917,"0.1757333333333333,0.2720093333333333,0.33263596491228076,0.3,0.95,0.03669401576896401","0,0,0"
16.05,295,AV,1,0,0,10,17322.90883950548,0.1,-7.021027446314722,"0.13345454545454544,0.27372885572139305,0.34096296296296297,0.1,0.1,0.8559075379611304","0,0,0"
19.3,286,AV,1,0,0,17,10450.70686878338,0.1,-5.093400064836344,"0.2160833333333333,0.32774809160305346,0.3628006535947712,0.1,0.17,0.5163589365323479","0,0,0"
13.483333333333333,55,AV,0,0,0,32,950.4213588862824,0.1,-10.323607272449076,"0.17009722222222223,0.2108320895522388,0.28973809523809524,0.1,0.32,0.04695936536102284","0,0,0"
39.516666666666666,31,AV,2,0,0,63,763.1985099142711,0.5,-3.8079622622195637,"0.16881666666666667,0.2596259259259259,0.3384000000000001,0.5,0.63,0.03770887231748401","0,0,0"
22.316666666666666,49,AV,1,0,0,29,921.9548251796884,0.9,-4.676126935286375,"0.18311904761904763,0.27698989898989906,0.3500849673202614,0.9,0.29,0.04555286250374671","0,0,0"
29.266666666666666,109,AV,1,0,0,57,1649.648602545546,0.1,-1.2191847416119441,"0.13908974358974358,0.2712320512820513,0.34405319148936164,0.1,0.57,0.08150748162374356","0,0,0"
33.95,120,AV,2,0,0,51,1862.7228332236152,0.2,-3.1939111206031185,"0.14123333333333332,0.29930598958333327,0.3717973856209151,0.2,0.51,0.09203526548916015","0,0,0"
20.783333333333335,69,AV,1,0,0,23,1148.9174546898266,0.5,-3.0149412163262075,"0.18128571428571427,0.2923171641791045,0.3458991228070175,0.5,0.23,0.05676685821503235","0,0,0"
20.183333333333334,181,AV,1,0,0,25,3022.892107624705,0.6,-9.244248339226056,"0.2040972222222222,0.3129077134986227,0.34793703703703704,0.6,0.25,0.14935806482215805","0,0,0"
31.9,52,AV,1,0,0,62,938.3100494872764,1.0,-7.558608731980837,"0.1516153846153846,0.2537024793388429,0.33996153846153854,1.0,0.62,0.04636095772029518","0,0,0"
40.55,128,AV,2,0,0,88,2010.868248891871,0.2,-4.118217550129564,"0.1956041666666667,0.32052325581395347,0.3702179487179487,0.2,0.88,0.09935498177697413","0,0,0"
42.4,223,AV,1,0,0,90,4412.688598555705,0.1,-4.724696883302069,"0.1727820512820513,0.3017358757062147,0.3448166666666667,0.1,0.9,0.21802651443652019","0,0,0"
33.36666666666667,228,AV,1,0,0,67,4549.115907877681,0.4,-15.332205467291441,"0.19281481481481483,0.28507983193277314,0.3495079365079365,0.4,0.67,0.22476725085176577","0,0,0"
38.233333333333334,201,AV,1,0,0,80,3523.1638559153366,0.1,-3.401573184120279,"0.15580555555555556,0.27033585858585857,0.3168730158730158,0.1,0.8,0.1740759897594787","0,0,0"
39.483333333333334,167,AV,1,0,0,85,2793.3389947689566,0.3,-8.355328382080376,"0.18255555555555555,0.27191927083333334,0.3240133333333333,0.3,0.85,0.13801607592895285","0,0,0"
32.666666666666664,65,AV,1,0,0,63,1111.987968807459,0.5,-4.586482362926389,"0.19304761904761902,0.28364814814814815,0.3570886524822695,0.5,0.63,0.05494220938540485","0,0,0"
31.383333333333333,114,AV,1,0,0,54,1703.2333497257905,0.1,-1.3498267666387473,"0.12355555555555556,0.2694141025641026,0.3381136363636363,0.1,0.54,0.08415505019644881","0,0,0"
23.166666666666668,50,AV,2,0,0,12,931.9887487728153,0.2,-1.0904582161567453,"0.15319999999999998,0.31228036175710594,0.34678571428571425,0.2,0.12,0.046048628596973375","0,0,0"
28.233333333333334,38,AV,1,0,0,52,832.4581618945489,0.4,-2.374047350588158,"0.17607407407407408,0.2987527777777777,0.37391025641025644,0.4,0.52,0.041130922202737376","0,0,0"
32.233333333333334,103,AV,1,0,0,63,1594.6992934726818,0.7,-9.086295890165475,"0.19134722222222222,0.2822977099236641,0.34093971631205683,0.7,0.63,0.07879249141759738","0,0,0"
15.366666666666667,17,AV,0,0,0,38,615.3970356119416,0.7,-11.671621409023347,"0.22960256410256413,0.334879012345679,0.3742896825396825,0.7,0.38,0.030406149827330708","0,0,0"
39.166666666666664,191,AV,1,0,0,83,3257.3450634265246,0.1,-3.2217007150893657,"0.19425925925925924,0.2946325459317584,0.34430434782608693,0.1,0.83,0.1609421500371313","0,0,0"
20.7,187,AV,1,0,0,27,3159.4556453821087,0.1,-1.651533632813375,"0.13093333333333335,0.25220551378446115,0.3033066666666666,0.1,0.27,0.15610553214765938","0,0,0"
30.65,3,AV,1,0,0,57,513.3463032142733,0.1,-0.39732485337165346,"0.14141666666666666,0.2924796163069544,0.3307325581395349,0.1,0.57,0.02536392557256681","0,0,0"
16.35,83,AV,1,0,0,10,1348.5865378412918,0.3,-1.6704083252806912,"0.11394444444444445,0.3126813063063063,0.3746333333333333,0.3,0.1,0.0666323071965214","0,0,0"
25.633333333333333,214,AV,1,0,0,44,3941.04555698938,1.0,-25.510640011151793,"0.1902692307692308,0.2668219373219373,0.3366458333333334,1.0,0.44,0.19472310516250035","0,0,0"
31.833333333333332,188,AV,1,0,0,58,3206.59631480788,0.3,-7.733079496569507,"0.1855384615384616,0.2734322916666667,0.334508547008547,0.3,0.58,0.15843470530673276","0,0,0"
40.68333333333333,232,AV,2,0,0,77,4645.51881630073,0.8,-38.18084656764337,"0.20751851851851855,0.2816691542288557,0.3501276595744681,0.8,0.77,0.2295304217929239","0,0,0"
31.233333333333334,133,AV,1,0,0,61,2046.5713793034688,0.2,-3.228345761628536,"0.18908333333333335,0.2926489898989899,0.3501666666666667,0.2,0.61,0.10111903761374018","0,0,0"
37.733333333333334,123,AV,1,0,0,71,1929.5758599688188,0.5,-9.193097110625853,"0.16344444444444445,0.2912117117117117,0.36205555555555563,0.5,0.71,0.09533840643718873","0,0,0"
6.933333333333334,35,AV,0,0,0,7,783.6834518391023,0.5,-10.68605285346184,"0.16586363636363635,0.2550883084577114,0.32430370370370376,0.5,0.07,0.038721012736313315","0,0,0"
39.11666666666667,264,AV,1,0,0,84,6254.49597505133,0.9,-55.60341686911164,"0.18725000000000003,0.26232916666666667,0.33901041666666665,0.9,0.84,0.3090283682025544","0,0,0"
37.68333333333333,252,AV,1,0,0,76,5590.116807812239,0.3,-15.958654169777109,"0.21812121212121213,0.30894289044289047,0.36834444444444453,0.3,0.76,0.27620206041714035","0,0,0"
41.516666666666666,126,AV,1,0,0,87,1986.5043233563797,0.3,-6.247957410960533,"0.19293589743589745,0.28681704260651625,0.35444117647058815,0.3,0.87,0.09815118467145603","0,0,0"
46.166666666666664,147,AV,2,0,0,82,2294.767722006211,0.1,-2.6752973863456253,"0.18584722222222222,0.26747286821705424,0.3261495726495726,0.1,0.82,0.11338216978061968","0,0,0"
24.0,0,AV,1,0,0,39,437.5592869272848,0.2,-0.5303748932451938,"0.2122,0.26854745370370364,0.3295000000000001,0.2,0.39,0.021619365168734063","0,0,0"
35.4,155,AV,1,0,0,70,2446.4664131825853,0.2,-4.373985405387047,"0.14666666666666667,0.2851678832116788,0.34991134751773045,0.2,0.7,0.12087744984470407","0,0,0"
17.683333333333334,202,AV,1,0,0,12,3534.445695738256,0.2,-3.1566051205204455,"0.1381875,0.262099173553719,0.3497540983606557,0.2,0.12,0.1746334141410286","0,0,0"
28.75,268,AV,1,0,0,55,6918.069898529506,0.1,-5.022588625826346,"0.15456666666666666,0.29495491803278684,0.34603787878787884,0.1,0.55,0.34181488970200175","0,0,0"
17.7,185,AV,1,0,0,11,3131.512437779759,0.2,-2.7993823307425116,"0.14254761904761903,0.27447506561679785,0.3479642857142856,0.2,0.11,0.15472488630790748","0,0,0"
32.36666666666667,145,AV,2,0,0,28,2271.53748778668,0.4,-7.426474412932209,"0.1928333333333333,0.29857407407407405,0.346462962962963,0.4,0.28,0.11223438722508516","0,0,0"
26.133333333333333,241,AV,2,0,0,18,4951.479839002994,0.1,-3.267643260756185,"0.14520512820512818,0.25282520325203256,0.30769281045751634,0.1,0.18,0.2446476488175187","0,0,0"
13.933333333333334,296,AV,1,0,0,6,17693.100214811147,0.5,-31.1267503779085,"0.15044444444444446,0.29840920398009946,0.36359629629629625,0.5,0.06,0.874198322236906","0,0,0"
23.25,163,AV,1,0,0,29,2744.255474143275,0.3,-4.833631801047813,"0.17106944444444444,0.27898496240601495,0.35572093023255813,0.3,0.29,0.13559090844222083","0,0,0"
29.1,143,AV,1,0,0,49,2250.3510049999354,0.1,-1.653667026401468,"0.15655000000000002,0.2722724867724868,0.3285232558139535,0.1,0.49,0.11118758437643748","0,0,0"
30.183333333333334,93,AV,2,0,0,17,1496.328062426438,0.4,-4.562037240832121,"0.17350000000000002,0.31038009592326143,0.36321875,0.4,0.17,0.07393206763132296","0,0,0"
33.7,97,AV,1,0,0,64,1546.5147326922538,0.4,-5.264398635528177,"0.19266666666666665,0.2906264775413712,0.3268842592592593,0.4,0.64,0.07641174063449208","0,0,0"
23.7,92,AV,0,0,0,70,1490.1599361877834,0.1,-10.891838143627536,"0.12956666666666666,0.28298358585858585,0.31100877192982457,0.1,0.7,0.0736273067051025","0,0,0"
27.833333333333332,162,AV,2,0,0,24,2629.980017260476,0.2,-3.6970257818392214,"0.19896666666666668,0.3111925925925926,0.36477407407407403,0.2,0.24,0.1299446728211638","0,0,0"
40.6,88,AV,2,0,0,71,1460.106853854364,0.4,-5.9879129562108275,"0.15808333333333333,0.2960462287104623,0.3657519379844962,0.4,0.71,0.07214241407266661","0,0,0"
36.8,173,AV,1,0,0,70,2942.323800284961,0.1,-2.7342807032951155,"0.14321666666666663,0.27479228855721394,0.3016014492753623,0.1,0.7,0.14537726562660996","0,0,0"
23.7,178,AV,0,0,0,70,2987.078671303881,0.1,-11.787721326007626,"0.20098333333333337,0.29186419753086423,0.36014074074074076,0.1,0.7,0.14758855888113623","0,0,0"
16.833333333333332,240,AV,0,0,0,42,4934.883137056144,0.3,-16.29322218235695,"0.15507692307692308,0.2602200520833334,0.3374659863945578,0.3,0.42,0.2438276224331965","0,0,0"
10.866666666666667,205,AV,1,0,0,0,3608.770587345788,0.4,-3.961142126177532,"0.15144444444444446,0.2907288359788359,0.3256433333333333,0.4,0.0,0.17830573243205106","0,0,0"
17.116666666666667,226,AV,1,0,0,9,4504.939201911708,0.5,-9.736053367767939,"0.14422619047619048,0.24848472222222223,0.3215320512820513,0.5,0.09,0.2225845241521748","0,0,0"
11.733333333333333,107,AV,0,0,0,26,1628.9397076974285,0.1,-10.48264880228072,"0.19169047619047622,0.2622513020833333,0.3366909722222222,0.1,0.26,0.0804842759157665","0,0,0"
30.366666666666667,43,AV,2,0,0,23,857.6590975250949,0.1,-0.6576830284893616,"0.13909090909090907,0.25920769230769225,0.30232993197278907,0.1,0.23,0.04237607513690668","0,0,0"
16.583333333333332,238,AV,1,0,0,11,4864.205776554158,0.4,-8.1479541206589,"0.15236363636363634,0.26226388888888885,0.31493617021276604,0.4,0.11,0.24033552499290464","0,0,0"
41.53333333333333,124,AV,1,0,0,87,1950.0200213032829,0.5,-10.226115094881692,"0.12072727272727274,0.24366299019607843,0.3172113821138211,0.5,0.87,0.09634853192798135","0,0,0"
38.86666666666667,259,AV,2,0,0,75,5984.209260784091,0.2,-11.746781141539143,"0.16144444444444445,0.27308072916666665,0.35886879432624114,0.2,0.75,0.2956737729497932","0,0,0"
43.65,176,AV,1,0,0,94,2966.188350320237,1.0,-32.6954852251208,"0.13190000000000002,0.25704399999999994,0.33204609929078027,1.0,0.94,0.14655638908990856","0,0,0"
34.68333333333333,287,AV,1,0,0,67,10751.672106064549,0.2,-18.833526643703976,"0.13255555555555554,0.26820979020979024,0.3324918699186991,0.2,0.67,0.5312293268137855","0,0,0"
