travel_time,id,kind,action,origin,destination,start_time,income,urgency,reward,observation,cost_table
6.45,102,AV,0,0,0,24,1783.933402668827,0.2,-1.0811298205663604,"0.07432608695652174,0.1277567049808429,0.22440555555555555,0.2,0.24,0.08814235881001646","0,0,0"
6.583333333333333,156,AV,0,0,0,25,2753.3979495063454,0.1,-0.9577408207302216,"0.07532575757575759,0.13542934782608698,0.23323717948717948,0.1,0.25,0.13604262897318792","0,0,0"
41.416666666666664,212,AV,1,0,0,75,4113.319853961603,0.4,-17.208080533829268,"0.4262583333333334,0.419093537414966,0.4680075757575758,0.4,0.75,0.20323500525627752","0,0,0"
34.86666666666667,251,AV,1,0,0,58,5654.280440205098,0.4,-19.91372841903883,"0.3435250000000001,0.34611290322580635,0.3995246913580246,0.4,0.58,0.2793723210896882","0,0,0"
12.5,49,AV,1,0,0,17,1068.5648373754009,0.1,-0.3372995067472856,"0.0556923076923077,0.12741287878787877,0.24566666666666662,0.1,0.17,0.052796716047137274","0,0,0"
42.3,27,AV,2,0,0,62,832.3173438658397,0.1,-0.8890662536748741,"0.3672651515151515,0.3663067375886524,0.42390277777777785,0.1,0.62,0.04112396452528438","0,0,0"
31.95,99,AV,1,0,0,55,1718.6657268339234,0.1,-1.3866507568773698,"0.3034298245614035,0.32102867383512546,0.3738571428571429,0.1,0.55,0.0849175484591763","0,0,0"
34.56666666666667,7,AV,0,0,0,54,610.4868582393152,0.2,-1.565782612784798,"0.29565789473684206,0.31359601449275365,0.3714310344827586,0.2,0.54,0.03016354289191967","0,0,0"
10.183333333333334,110,AV,0,0,0,27,1880.1756700095973,0.2,-1.4669927057035892,"0.0921111111111111,0.1442968253968254,0.23652941176470588,0.2,0.27,0.09289759263654204","0,0,0"
18.183333333333334,286,AV,1,0,0,35,8987.033628468456,0.1,-4.126621922836316,"0.12453703703703704,0.1813462783171521,0.268,0.1,0.35,0.4440403108844108","0,0,0"
19.166666666666668,76,AV,1,0,0,36,1411.5824788559885,0.6,-4.0992925522333,"0.13342592592592592,0.19138333333333335,0.2823939393939395,0.6,0.36,0.06974487341013964","0,0,0"
41.516666666666666,165,AV,1,0,0,76,2872.269398564857,0.1,-3.011289171643543,"0.4228055555555555,0.4179416666666667,0.46478787878787886,0.1,0.76,0.1419159479544386","0,0,0"
26.133333333333333,152,AV,1,0,0,47,2645.062412614309,0.1,-1.74556307364446,"0.21672916666666667,0.2531633333333334,0.31935416666666666,0.1,0.47,0.13068987883670405","0,0,0"
21.5,238,AV,1,0,0,37,4735.166802079286,0.6,-15.425164582531005,"0.14175694444444445,0.1960877192982456,0.2783809523809524,0.6,0.37,0.2339598387864436","0,0,0"
20.3,200,AV,1,0,0,38,3628.2404526711953,0.5,-9.299656715811272,"0.14966049382716048,0.20240123456790124,0.282875,0.5,0.38,0.1792677189349818","0,0,0"
19.916666666666668,296,AV,1,0,0,34,13748.957190518822,0.5,-34.57492391134258,"0.11653333333333332,0.17805392156862745,0.2607777777777778,0.5,0.34,0.6793221743240372","0,0,0"
8.616666666666667,159,AV,0,0,0,24,2815.231094880572,0.1,-1.1125734326823467,"0.07432608695652174,0.1277567049808429,0.22440555555555555,0.1,0.24,0.1390977426213619","0,0,0"
24.016666666666666,191,AV,0,0,0,49,3386.12741774329,0.1,-2.553623572798014,"0.23301388888888883,0.26872456140350875,0.3425952380952381,0.1,0.49,0.16730515689916173","0,0,0"
35.21666666666667,144,AV,1,0,0,58,2421.832203454489,0.4,-8.615036104207634,"0.3435250000000001,0.34611290322580635,0.3995246913580246,0.4,0.58,0.119660298268526","0,0,0"
43.166666666666664,113,AV,1,0,0,90,1900.764377468582,0.1,-2.0719611690419306,"0.43017424242424235,0.427159793814433,0.4587460317460317,0.1,0.9,0.09391486000625965","0,0,0"
43.43333333333333,35,AV,1,0,0,92,913.5589076746268,0.3,-3.0059779209596935,"0.43487878787878786,0.42876360544217684,0.4615166666666666,0.3,0.92,0.04513802864718944","0,0,0"
31.983333333333334,209,AV,2,0,0,39,3941.04555698938,0.2,-6.3660491783355395,"0.1561231884057971,0.21044897959183675,0.2946578947368422,0.2,0.39,0.19472310516250035","0,0,0"
38.016666666666666,257,AV,1,0,0,64,5849.7981009167725,0.6,-33.69542794997767,"0.37537719298245614,0.3846816666666667,0.4362063492063492,0.6,0.64,0.28903265245540044","0,0,0"
37.78333333333333,239,AV,0,0,0,59,4754.245589533712,0.3,-14.108427716506215,"0.3554259259259259,0.3526105442176871,0.4154305555555555,0.3,0.59,0.234902502524312","0,0,0"
24.383333333333333,77,AV,1,0,0,47,1434.4967426379471,0.2,-1.7665561738041387,"0.21672916666666667,0.2531633333333334,0.31935416666666666,0.2,0.47,0.07087704418350775","0,0,0"
24.233333333333334,45,AV,2,0,0,22,985.8695826897422,0.4,-2.413222850557046,"0.06191666666666666,0.12527651515151517,0.23050000000000004,0.4,0.22,0.04871082651814225","0,0,0"
31.516666666666666,118,AV,1,0,0,53,2043.1688306873104,0.2,-3.25221570608561,"0.30040151515151514,0.3096821705426357,0.3759166666666666,0.2,0.53,0.10095092110191003","0,0,0"
38.03333333333333,232,AV,1,0,0,65,4669.869929992837,0.3,-13.455357550812694,"0.37379365079365084,0.3877916666666667,0.44017204301075274,0.3,0.65,0.23073358587812023","0,0,0"
35.03333333333333,108,AV,1,0,0,51,1838.9541098615327,0.4,-6.507544678331551,"0.2696159420289855,0.2888189964157706,0.35210416666666666,0.4,0.51,0.09086087672559844","0,0,0"
36.2,249,AV,0,0,0,54,5502.789496653042,0.1,-5.530327772192933,"0.29565789473684206,0.31359601449275365,0.3714310344827586,0.1,0.54,0.27188730562719554","0,0,0"
41.63333333333333,268,AV,1,0,0,83,6446.254396158338,0.8,-54.217991520550605,"0.43395614035087715,0.42385313531353125,0.46045833333333336,0.8,0.83,0.31850295931272143","0,0,0"
39.666666666666664,63,AV,0,0,0,63,1249.5878531833848,0.9,-11.76522382794112,"0.36355555555555563,0.372890625,0.4221551724137932,0.9,0.63,0.06174088155709868","0,0,0"
35.31666666666667,208,AV,1,0,0,58,3919.41152379869,0.2,-6.990936884620728,"0.3435250000000001,0.34611290322580635,0.3995246913580246,0.2,0.58,0.1936541892976206","0,0,0"
24.783333333333335,0,AV,1,0,0,44,491.0984231068265,0.2,-0.6146997939055985,"0.19715740740740742,0.23610884353741504,0.31875000000000003,0.2,0.44,0.024264680147676444","0,0,0"
24.35,237,AV,1,0,0,45,4705.31956239884,0.7,-20.253073722497028,"0.20225925925925925,0.24173432343234316,0.31476984126984126,0.7,0.45,0.23248511663287746","0,0,0"
13.466666666666667,221,AV,1,0,0,22,4266.216809230351,0.1,-1.4508010024655402,"0.06191666666666666,0.12527651515151517,0.23050000000000004,0.1,0.22,0.2107894903464134","0,0,0"
27.416666666666668,82,AV,1,0,0,49,1460.8215047913693,0.3,-3.034155776997226,"0.23301388888888883,0.26872456140350875,0.3425952380952381,0.3,0.49,0.07217772425813608","0,0,0"
30.433333333333334,175,AV,1,0,0,51,2996.640782499388,0.1,-2.302973934698604,"0.2696159420289855,0.2888189964157706,0.35210416666666666,0.1,0.51,0.14806101319737625","0,0,0"
41.266666666666666,101,AV,2,0,0,63,1751.9448432672848,0.6,-10.954079373560095,"0.36355555555555563,0.372890625,0.4221551724137932,0.6,0.63,0.08656183619837181","0,0,0"
32.06666666666667,67,AV,1,0,0,49,1293.252850487379,0.7,-7.33061001277947,"0.23301388888888883,0.26872456140350875,0.3425952380952381,0.7,0.49,0.06389832524532672","0,0,0"
25.7,192,AV,0,0,0,52,3387.2787239910285,1.0,-22.483096769335717,"0.29334567901234565,0.3076268115942029,0.3725158730158729,1.0,0.52,0.16736204178524355","0,0,0"
27.416666666666668,88,AV,0,0,0,52,1526.0895405694364,0.1,-1.556572935284816,"0.29334567901234565,0.3076268115942029,0.3725158730158729,0.1,0.52,0.07540255239340664","0,0,0"
24.6,298,AV,2,0,0,30,19040.472291926453,0.1,-11.828172181348252,"0.09889682539682539,0.16131060606060604,0.25545698924731186,0.1,0.3,0.9407706241479663","0,0,0"
42.05,169,AV,1,0,0,81,2949.689674384749,0.3,-9.396549303627173,"0.43136842105263157,0.42343399339933996,0.4688916666666667,0.3,0.81,0.14574120607241453","0,0,0"
42.483333333333334,274,AV,1,0,0,70,7592.14370769901,0.1,-8.14493868304915,"0.39757222222222227,0.4011139240506329,0.44460752688172056,0.1,0.7,0.37512020001424035","0,0,0"
18.616666666666667,37,AV,0,0,0,44,932.0432837729122,0.3,-1.814510540371645,"0.19715740740740742,0.23610884353741504,0.31875000000000003,0.3,0.44,0.04605132311658888","0,0,0"
25.4,228,AV,2,0,0,15,4549.115907877681,0.5,-14.589336371223874,"0.05148333333333333,0.12510648148148149,0.24311666666666668,0.5,0.15,0.22476725085176577","0,0,0"
40.233333333333334,36,AV,1,0,0,70,921.9548251796884,0.2,-1.8733997878651245,"0.39757222222222227,0.4011139240506329,0.44460752688172056,0.2,0.7,0.04555286250374671","0,0,0"
14.166666666666666,270,AV,1,0,0,25,7130.271245067938,0.2,-5.101625049080595,"0.07532575757575759,0.13542934782608698,0.23323717948717948,0.2,0.25,0.3522995452382328","0,0,0"
41.5,39,AV,0,0,0,64,948.3478854920526,1.0,-10.438494254525297,"0.37537719298245614,0.3846816666666667,0.4362063492063492,1.0,0.64,0.04685691712185437","0,0,0"
37.45,59,AV,1,0,0,64,1205.4292211271013,0.2,-2.2799658753136343,"0.37537719298245614,0.3846816666666667,0.4362063492063492,0.2,0.64,0.059559047871243866","0,0,0"
15.1,123,AV,1,0,0,28,2105.159940183184,0.1,-0.8027251287062142,"0.09004999999999999,0.1539174757281553,0.24718627450980393,0.1,0.28,0.10401383959877876","0,0,0"
23.833333333333332,285,AV,0,0,0,50,8975.220492497892,0.1,-5.901753074188547,"0.2626602564102565,0.28743529411764707,0.3673850574712644,0.1,0.5,0.44345663569349214","0,0,0"
15.3,280,AV,0,0,0,40,8333.728817076937,0.1,-3.7198497702342714,"0.16112179487179484,0.2135973597359736,0.3000897435897436,0.1,0.4,0.4117611759055859","0,0,0"
27.816666666666666,151,AV,1,0,0,49,2629.980017260476,0.2,-3.694811993945905,"0.23301388888888883,0.26872456140350875,0.3425952380952381,0.2,0.49,0.1299446728211638","0,0,0"
34.483333333333334,104,AV,1,0,0,57,1804.2001824470888,0.4,-6.284326898119574,"0.32302173913043475,0.33567499999999995,0.38100980392156863,0.4,0.57,0.08914372005616313","0,0,0"
41.083333333333336,147,AV,2,0,0,58,2476.7926805910606,0.1,-2.5695681639970394,"0.3435250000000001,0.34611290322580635,0.3995246913580246,0.1,0.58,0.12237584027749006","0,0,0"
39.016666666666666,260,AV,1,0,0,63,5899.132481879994,0.2,-11.62446897313221,"0.36355555555555563,0.372890625,0.4221551724137932,0.2,0.63,0.29147021469961026","0,0,0"
42.7,288,AV,2,0,0,62,9095.945853089892,0.1,-9.808002220377233,"0.3672651515151515,0.3663067375886524,0.42390277777777785,0.1,0.62,0.44942155458275634","0,0,0"
33.8,80,AV,2,0,0,41,1454.957177165027,0.8,-9.934859108722808,"0.1663133333333333,0.2170483870967742,0.2973409090909091,0.8,0.41,0.07188797371641335","0,0,0"
43.083333333333336,96,AV,1,0,0,84,1653.1781197118603,0.3,-5.395789696281766,"0.4382017543859649,0.4243349673202615,0.45663157894736833,0.3,0.84,0.08168187152419273","0,0,0"
16.483333333333334,217,AV,1,0,0,30,4223.122456076251,0.1,-1.7578569482573287,"0.09889682539682539,0.16131060606060604,0.25545698924731186,0.1,0.3,0.20866024161284988","0,0,0"
34.55,120,AV,2,0,0,47,2046.5713793034688,0.1,-1.7855818473468397,"0.21672916666666667,0.2531633333333334,0.31935416666666666,0.1,0.47,0.10111903761374018","0,0,0"
17.183333333333334,71,AV,1,0,0,31,1342.087988935639,0.3,-1.7470867633745502,"0.10742857142857144,0.16510666666666665,0.2523141025641026,0.3,0.31,0.06631122041798494","0,0,0"
25.75,215,AV,2,0,0,34,4159.866430607663,0.2,-5.409927302431683,"0.11653333333333332,0.17805392156862745,0.2607777777777778,0.2,0.34,0.20553482488742356","0,0,0"
36.35,167,AV,0,0,0,54,2898.378436294527,0.1,-3.1605064686693454,"0.29565789473684206,0.31359601449275365,0.3714310344827586,0.1,0.54,0.14320596930182183","0,0,0"
19.2,227,AV,1,0,0,34,4547.885280126284,0.3,-6.615105862001867,"0.11653333333333332,0.17805392156862745,0.2607777777777778,0.3,0.34,0.2247064467698068","0,0,0"
21.65,68,AV,1,0,0,40,1294.2551843223837,0.2,-1.4151830677060404,"0.16112179487179484,0.2135973597359736,0.3000897435897436,0.2,0.4,0.06394784955402583","0,0,0"
25.816666666666666,279,AV,1,0,0,48,8029.700924090037,0.2,-10.469702635871606,"0.2251304347826087,0.26197163120567374,0.329304347826087,0.2,0.48,0.39673946287985623","0,0,0"
25.0,204,AV,1,0,0,45,3783.636689084741,0.3,-7.16597857781201,"0.20225925925925925,0.24173432343234316,0.31476984126984126,0.3,0.45,0.18694569099783895","0,0,0"
36.916666666666664,258,AV,1,0,0,62,5862.8833826120845,0.5,-27.32804438654412,"0.3672651515151515,0.3663067375886524,0.42390277777777785,0.5,0.62,0.28967918308966784","0,0,0"
29.016666666666666,131,AV,1,0,0,50,2177.5877894542577,0.4,-6.382458487272497,"0.2626602564102565,0.28743529411764707,0.3673850574712644,0.4,0.5,0.1075924269321053","0,0,0"
40.46666666666667,234,AV,2,0,0,56,4687.914961676448,0.1,-4.790512427167684,"0.31907291666666665,0.3324278846153846,0.3848583333333333,0.1,0.56,0.23162517278098077","0,0,0"
22.283333333333335,73,AV,0,0,0,46,1373.5659577718477,0.1,-1.272919901321953,"0.21719230769230766,0.2520952380952381,0.32258333333333333,0.1,0.46,0.06786651526229966","0,0,0"
37.18333333333333,214,AV,1,0,0,63,4135.471393234625,1.0,-38.83096245078471,"0.36355555555555563,0.372890625,0.4221551724137932,1.0,0.63,0.20432949057724065","0,0,0"
27.666666666666668,70,AV,2,0,0,39,1338.7213376931895,0.5,-4.676509723423179,"0.1561231884057971,0.21044897959183675,0.2946578947368422,0.5,0.39,0.06614487755935793","0,0,0"
31.933333333333334,114,AV,2,0,0,45,1927.298426803608,0.8,-12.433346079985567,"0.20225925925925925,0.24173432343234316,0.31476984126984126,0.8,0.45,0.09522588075045987","0,0,0"
17.15,53,AV,0,0,0,42,1122.7546975855585,0.2,-1.472487023413754,"0.1733456790123457,0.22409411764705883,0.30182142857142863,0.2,0.42,0.0554741826472708","0,0,0"
22.483333333333334,111,AV,1,0,0,41,1885.557658153182,0.1,-1.0705459936231663,"0.1663133333333333,0.2170483870967742,0.2973409090909091,0.1,0.41,0.09316351126856799","0,0,0"
41.03333333333333,290,AV,2,0,0,63,10838.007207066395,0.2,-22.460583959425474,"0.36355555555555563,0.372890625,0.4221551724137932,0.2,0.63,0.5354950574957825","0,0,0"
19.633333333333333,220,AV,1,0,0,37,4245.708624069837,0.2,-4.209970335988441,"0.14175694444444445,0.1960877192982456,0.2783809523809524,0.2,0.37,0.20977620150263931","0,0,0"
19.933333333333334,130,AV,1,0,0,36,2158.6935677652164,0.1,-1.086615112393602,"0.13342592592592592,0.19138333333333335,0.2823939393939395,0.1,0.36,0.10665888240344744","0,0,0"
23.616666666666667,129,AV,2,0,0,18,2142.030696222753,0.9,-11.497187486922883,"0.05485555555555555,0.12473387096774195,0.22946825396825396,0.9,0.18,0.10583558664582342","0,0,0"
11.916666666666666,138,AV,0,0,0,27,2283.7291705859197,0.5,-3.9361665761130737,"0.0921111111111111,0.1442968253968254,0.23652941176470588,0.5,0.27,0.1128367660348439","0,0,0"
31.933333333333334,201,AV,1,0,0,54,3667.3634505223554,0.1,-2.957352008081159,"0.29565789473684206,0.31359601449275365,0.3714310344827586,0.1,0.54,0.1812007469892587","0,0,0"
29.216666666666665,143,AV,1,0,0,51,2421.0391237858234,0.2,-3.5724592457883406,"0.2696159420289855,0.2888189964157706,0.35210416666666666,0.2,0.51,0.1196211129981477","0,0,0"
38.516666666666666,60,AV,1,0,0,66,1234.5997004771,0.2,-2.401649754042574,"0.3772685185185185,0.3907820512820513,0.4408655913978495,0.2,0.66,0.06100033197617807","0,0,0"
37.28333333333333,206,AV,1,0,0,63,3849.958431883558,0.2,-7.249458764413737,"0.36355555555555563,0.372890625,0.4221551724137932,0.2,0.63,0.19022258173935064","0,0,0"
35.06666666666667,30,AV,1,0,0,60,854.5785374972068,0.3,-2.270243993553186,"0.34246296296296286,0.3589659863945578,0.4193958333333333,0.3,0.6,0.04222386775802824","0,0,0"
40.93333333333333,235,AV,1,0,0,72,4689.4303597647895,0.4,-19.389294551485392,"0.40870555555555554,0.41482954545454553,0.4681287878787878,0.4,0.72,0.2317000470794511","0,0,0"
31.283333333333335,103,AV,1,0,0,51,1794.439334206041,0.1,-1.4175768646063718,"0.2696159420289855,0.2888189964157706,0.35210416666666666,0.1,0.51,0.08866144634198442","0,0,0"
19.316666666666666,42,AV,1,0,0,35,959.5289757906356,0.1,-0.4680530652110044,"0.12453703703703704,0.1813462783171521,0.268,0.1,0.35,0.04740936357053375","0,0,0"
44.95,107,AV,0,0,0,78,1830.3424648913517,0.8,-17.12098864583157,"0.4394385964912281,0.4196133333333333,0.4610793650793651,0.8,0.78,0.09043538399152518","0,0,0"
42.8,287,AV,1,0,0,87,8987.822610831106,0.3,-29.142333919967523,"0.43802,0.4261529209621993,0.45653703703703696,0.3,0.87,0.4440792937110115","0,0,0"
19.833333333333332,119,AV,1,0,0,38,2044.1603053436156,0.1,-1.0238008263295044,"0.14966049382716048,0.20240123456790124,0.282875,0.1,0.38,0.10099990886948945","0,0,0"
31.65,127,AV,2,0,0,41,2133.445027811215,0.4,-6.8205591040631255,"0.1663133333333333,0.2170483870967742,0.2973409090909091,0.4,0.41,0.10541137738743885","0,0,0"
31.716666666666665,55,AV,1,0,0,52,1148.2139867956057,0.1,-0.9196343505353693,"0.29334567901234565,0.3076268115942029,0.3725158730158729,0.1,0.52,0.05673210057248192","0,0,0"
23.5,84,AV,1,0,0,44,1474.5167950508735,0.1,-0.8750289061539274,"0.19715740740740742,0.23610884353741504,0.31875000000000003,0.1,0.44,0.07285439480326665","0,0,0"
17.016666666666666,26,AV,1,0,0,31,825.4433072334436,0.1,-0.35470438412682914,"0.10742857142857144,0.16510666666666665,0.2523141025641026,0.1,0.31,0.040784325275063815","0,0,0"
40.86666666666667,230,AV,1,0,0,70,4577.590037133467,0.2,-9.448022534554934,"0.39757222222222227,0.4011139240506329,0.44460752688172056,0.2,0.7,0.2261741289975035","0,0,0"
29.633333333333333,75,AV,1,0,0,51,1405.7852601227096,0.2,-2.103944606479948,"0.2696159420289855,0.2888189964157706,0.35210416666666666,0.2,0.51,0.0694584386514629","0,0,0"
42.083333333333336,92,AV,1,0,0,82,1567.0706205360798,0.2,-3.3306846101461294,"0.4333333333333333,0.4243611111111111,0.46875833333333333,0.2,0.82,0.07742738641996724","0,0,0"
14.283333333333333,203,AV,1,0,0,25,3773.073658575576,0.4,-5.443643308752978,"0.07532575757575759,0.13542934782608698,0.23323717948717948,0.4,0.25,0.1864237822629797","0,0,0"
25.05,172,AV,1,0,0,45,2968.817229463249,0.4,-7.512007232126708,"0.20225925925925925,0.24173432343234316,0.31476984126984126,0.4,0.45,0.1466862793696381","0,0,0"
33.3,278,AV,1,0,0,57,8028.27043643778,0.6,-40.506273565663335,"0.32302173913043475,0.33567499999999995,0.38100980392156863,0.6,0.57,0.39666878392080435","0,0,0"
40.5,269,AV,2,0,0,57,6783.106781750961,0.3,-20.811804898554083,"0.32302173913043475,0.33567499999999995,0.38100980392156863,0.3,0.57,0.33514649757064985","0,0,0"
18.7,173,AV,0,0,0,44,2987.078671303881,0.8,-11.784519424925774,"0.19715740740740742,0.23610884353741504,0.31875000000000003,0.8,0.44,0.14758855888113623","0,0,0"
13.516666666666667,233,AV,0,0,0,35,4679.48341028673,0.1,-2.097247914874806,"0.12453703703703704,0.1813462783171521,0.268,0.1,0.35,0.23120857828995","0,0,0"
23.533333333333335,74,AV,1,0,0,44,1386.7650627050614,0.2,-1.6482426502858136,"0.19715740740740742,0.23610884353741504,0.31875000000000003,0.2,0.44,0.0685186697885022","0,0,0"
17.116666666666667,241,AV,1,0,0,33,4950.077303955518,0.3,-6.418850241366561,"0.11081250000000001,0.16774579124579125,0.2505533333333333,0.3,0.33,0.24457835096861175","0,0,0"
34.93333333333333,291,AV,1,0,0,59,11185.875164713363,0.7,-69.07372071408857,"0.3554259259259259,0.3526105442176871,0.4154305555555555,0.7,0.59,0.5526828641120808","0,0,0"
36.7,133,AV,1,0,0,61,2198.5025098873134,0.4,-8.15000425382469,"0.36083333333333334,0.363093137254902,0.42175833333333335,0.4,0.61,0.10862580227563756","0,0,0"
35.833333333333336,10,AV,1,0,0,59,649.7132696839626,0.7,-4.115397604690083,"0.3554259259259259,0.3526105442176871,0.4154305555555555,0.7,0.59,0.03210168050804979","0,0,0"
25.6,226,AV,1,0,0,47,4504.939201911708,0.2,-5.824567857017158,"0.21672916666666667,0.2531633333333334,0.31935416666666666,0.2,0.47,0.2225845241521748","0,0,0"
31.416666666666668,13,AV,1,0,0,52,676.2529471816457,0.1,-0.5365053894938563,"0.29334567901234565,0.3076268115942029,0.3725158730158729,0.1,0.52,0.033412979334117666","0,0,0"
24.116666666666667,266,AV,1,0,0,45,6130.868263041086,0.1,-3.73374005750019,"0.20225925925925925,0.24173432343234316,0.31476984126984126,0.1,0.45,0.3029200470429381","0,0,0"
22.766666666666666,136,AV,1,0,0,42,2276.662146114732,0.1,-1.3088890957881836,"0.1733456790123457,0.22409411764705883,0.30182142857142863,0.1,0.42,0.1124875914492194","0,0,0"
10.333333333333334,219,AV,0,0,0,26,4237.057085974603,0.1,-1.6056293742863021,"0.07949122807017543,0.13630929487179488,0.225421568627451,0.1,0.26,0.20934873768929974","0,0,0"
32.0,244,AV,2,0,0,38,5370.167679594476,0.3,-13.018588314168426,"0.14966049382716048,0.20240123456790124,0.282875,0.3,0.38,0.26533459476493776","0,0,0"
23.15,205,AV,1,0,0,42,3803.247088152212,0.3,-6.670088643236643,"0.1733456790123457,0.22409411764705883,0.30182142857142863,0.3,0.42,0.18791462113190488","0,0,0"
26.716666666666665,157,AV,2,0,0,28,2758.442965787371,0.2,-3.722040466462252,"0.09004999999999999,0.1539174757281553,0.24718627450980393,0.2,0.28,0.13629189816371895","0,0,0"
22.816666666666666,125,AV,1,0,0,42,2113.1349678504243,0.3,-3.6526284987212505,"0.1733456790123457,0.22409411764705883,0.30182142857142863,0.3,0.42,0.10440787771091574","0,0,0"
11.95,117,AV,1,0,0,18,2022.4315636845977,0.3,-1.8309134231841622,"0.05485555555555555,0.12473387096774195,0.22946825396825396,0.3,0.18,0.09992631355425287","0,0,0"
20.45,86,AV,0,0,0,45,1490.1599361877834,0.2,-2.039079328032332,"0.20225925925925925,0.24173432343234316,0.31476984126984126,0.2,0.45,0.0736273067051025","0,0,0"
32.55,210,AV,1,0,0,55,4021.28082322038,0.1,-3.3053709796925093,"0.3034298245614035,0.32102867383512546,0.3738571428571429,0.1,0.55,0.19868744913115402","0,0,0"
32.85,58,AV,2,0,0,48,1200.7903182940884,0.1,-0.9961101504030505,"0.2251304347826087,0.26197163120567374,0.329304347826087,0.1,0.48,0.05932984433854443","0,0,0"
13.433333333333334,47,AV,1,0,0,14,1017.530975349866,1.0,-3.451725446683468,"0.051416666666666666,0.12217307692307688,0.24416666666666664,1.0,0.14,0.050275184149485695","0,0,0"
27.466666666666665,155,AV,1,0,0,49,2747.619709803412,0.5,-9.528782158577489,"0.23301388888888883,0.26872456140350875,0.3425952380952381,0.5,0.49,0.13575713194935043","0,0,0"
28.35,1,AV,2,0,0,35,513.7357984527049,0.1,-0.367788128437732,"0.12453703703703704,0.1813462783171521,0.268,0.1,0.35,0.02538317014134346","0,0,0"
31.0,195,AV,1,0,0,52,3508.846318545673,0.3,-8.240472414766353,"0.29334567901234565,0.3076268115942029,0.3725158730158729,0.3,0.52,0.17336857460921315","0,0,0"
20.633333333333333,105,AV,1,0,0,38,1805.1606101798543,0.3,-2.8217030750033585,"0.14966049382716048,0.20240123456790124,0.282875,0.3,0.38,0.08919117382641367","0,0,0"
17.416666666666668,150,AV,1,0,0,33,2574.4307659940623,0.2,-2.264545581198481,"0.11081250000000001,0.16774579124579125,0.2505533333333333,0.2,0.33,0.12720004007342384","0,0,0"
37.93333333333333,292,AV,2,0,0,56,11861.36896338871,0.1,-11.362153097926221,"0.31907291666666665,0.3324278846153846,0.3848583333333333,0.1,0.56,0.5860583346804944","0,0,0"
31.95,46,AV,2,0,0,38,1011.0784796502788,0.5,-4.078782503134647,"0.14966049382716048,0.20240123456790124,0.282875,0.5,0.38,0.04995637281363524","0,0,0"
21.166666666666668,265,AV,1,0,0,39,6081.635477498837,0.1,-3.2507058318280824,"0.1561231884057971,0.21044897959183675,0.2946578947368422,0.1,0.39,0.3004875045265025","0,0,0"
14.516666666666667,137,AV,1,0,0,27,2280.385817754286,0.2,-1.671899029683488,"0.0921111111111111,0.1442968253968254,0.23652941176470588,0.2,0.27,0.1126715743273096","0,0,0"
37.2,178,AV,2,0,0,52,3048.604611013583,0.9,-25.774566256751207,"0.29334567901234565,0.3076268115942029,0.3725158730158729,0.9,0.52,0.15062849380578247","0,0,0"
35.4,163,AV,1,0,0,58,2850.5966631146844,0.3,-7.644781960171199,"0.3435250000000001,0.34611290322580635,0.3995246913580246,0.3,0.58,0.14084511984976505","0,0,0"
21.183333333333334,282,AV,1,0,0,40,8475.089255911002,0.8,-36.268816310649434,"0.16112179487179484,0.2135973597359736,0.3000897435897436,0.8,0.4,0.41874565329841523","0,0,0"
19.133333333333333,51,AV,1,0,0,35,1076.386102050743,0.8,-4.160576583010952,"0.12453703703703704,0.1813462783171521,0.268,0.8,0.35,0.05318315688418353","0,0,0"
32.766666666666666,183,AV,0,0,0,53,3159.4556453821087,0.3,-8.342790150026799,"0.30040151515151514,0.3096821705426357,0.3759166666666666,0.3,0.53,0.15610553214765938","0,0,0"
44.5,193,AV,2,0,0,74,3389.778327720714,0.7,-26.66454416881319,"0.4186954022988506,0.4159615384615385,0.46513333333333334,0.7,0.74,0.1674855446965603","0,0,0"
36.21666666666667,128,AV,1,0,0,60,2139.4702648744856,1.0,-19.566788238940475,"0.34246296296296286,0.3589659863945578,0.4193958333333333,1.0,0.6,0.10570907830292801","0,0,0"
43.05,2,AV,0,0,0,69,567.550811201735,0.5,-3.5849826290700366,"0.3945919540229885,0.3968641975308642,0.4382277777777777,0.5,0.69,0.028042115904674286","0,0,0"
38.9,135,AV,1,0,0,66,2260.56382504795,0.3,-6.661813090482215,"0.3772685185185185,0.3907820512820513,0.4408655913978495,0.3,0.66,0.11169218956393358","0,0,0"
36.083333333333336,264,AV,1,0,0,60,6020.57275324985,0.7,-38.40142259069927,"0.34246296296296286,0.3589659863945578,0.4193958333333333,0.7,0.6,0.2974704566128196","0,0,0"
29.3,299,AV,0,0,0,52,20239.22920549412,0.3,-45.42495573643771,"0.29334567901234565,0.3076268115942029,0.3725158730158729,0.3,0.52,1.0","0,0,0"
43.06666666666667,134,AV,0,0,0,67,2222.040577514192,0.4,-10.166250593092045,"0.39013888888888887,0.3935574712643678,0.43529310344827593,0.4,0.67,0.1097887945708426","0,0,0"
22.116666666666667,262,AV,0,0,0,45,5985.732437913218,0.4,-13.872166574260675,"0.20225925925925925,0.24173432343234316,0.31476984126984126,0.4,0.45,0.2957490316028605","0,0,0"
19.733333333333334,283,AV,1,0,0,36,8639.921150992108,0.3,-12.91624576107911,"0.13342592592592592,0.19138333333333335,0.2823939393939395,0.3,0.36,0.42688983178503276","0,0,0"
15.933333333333334,43,AV,1,0,0,28,969.457736312404,0.1,-0.3900680117485936,"0.09004999999999999,0.1539174757281553,0.24718627450980393,0.1,0.28,0.04789993366196159","0,0,0"
28.616666666666667,29,AV,2,0,0,35,850.3216016091212,0.2,-1.2289580723593108,"0.12453703703703704,0.1813462783171521,0.268,0.2,0.35,0.04201353682867991","0,0,0"
35.71666666666667,31,AV,1,0,0,61,859.2772315809713,1.0,-7.750130922887296,"0.36083333333333334,0.363093137254902,0.42175833333333335,1.0,0.61,0.042456025516412095","0,0,0"
29.066666666666666,93,AV,0,0,0,52,1614.9493849180149,0.1,-1.685383723609856,"0.29334567901234565,0.3076268115942029,0.3725158730158729,0.1,0.52,0.0797930281099649","0,0,0"
16.55,21,AV,1,0,0,27,777.0630287344238,0.1,-0.32475740216047266,"0.0921111111111111,0.1442968253968254,0.23652941176470588,0.1,0.27,0.03839390427593374","0,0,0"
17.216666666666665,281,AV,1,0,0,33,8348.421721831439,0.3,-10.888787422540247,"0.11081250000000001,0.16774579124579125,0.2505533333333333,0.3,0.33,0.41248713758156286","0,0,0"
44.25,284,AV,2,0,0,64,8689.506535985933,0.4,-38.83946103205834,"0.37537719298245614,0.3846816666666667,0.4362063492063492,0.4,0.64,0.42933979588645044","0,0,0"
39.06666666666667,242,AV,1,0,0,65,4967.653125719208,0.1,-4.900748706517603,"0.37379365079365084,0.3877916666666667,0.44017204301075274,0.1,0.65,0.24544675468029653","0,0,0"
17.2,289,AV,1,0,0,32,10783.100237376317,0.3,-14.050706369914595,"0.11108333333333334,0.16695959595959592,0.2525,0.3,0.32,0.5327821592360418","0,0,0"
26.85,179,AV,1,0,0,48,3065.2253709468137,0.3,-6.234947061357723,"0.2251304347826087,0.26197163120567374,0.329304347826087,0.3,0.48,0.15144970887106365","0,0,0"
38.53333333333333,211,AV,1,0,0,65,4034.238052294327,0.1,-3.925571707451382,"0.37379365079365084,0.3877916666666667,0.44017204301075274,0.1,0.65,0.1993276528139321","0,0,0"
20.866666666666667,90,AV,1,0,0,39,1538.317647081207,0.2,-1.621189978237097,"0.1561231884057971,0.21044897959183675,0.2946578947368422,0.2,0.39,0.07600673086224138","0,0,0"
33.36666666666667,109,AV,1,0,0,57,1862.7228332236152,0.3,-4.708549383981916,"0.32302173913043475,0.33567499999999995,0.38100980392156863,0.3,0.57,0.09203526548916015","0,0,0"
23.116666666666667,186,AV,1,0,0,38,3252.767976975094,0.2,-3.797633993320249,"0.14966049382716048,0.20240123456790124,0.282875,0.2,0.38,0.1607160007897979","0,0,0"
25.616666666666667,62,AV,0,0,0,50,1244.4027248274256,0.1,-1.3049861060857548,"0.2626602564102565,0.28743529411764707,0.3673850574712644,0.1,0.5,0.06148468956958209","0,0,0"
15.85,87,AV,1,0,0,27,1503.4428459110418,0.4,-2.407027182594951,"0.0921111111111111,0.1442968253968254,0.23652941176470588,0.4,0.27,0.07428360194186243","0,0,0"
13.816666666666666,154,AV,1,0,0,24,2722.266725979925,0.8,-7.598515541539926,"0.07432608695652174,0.1277567049808429,0.22440555555555555,0.8,0.24,0.13450446646658565","0,0,0"
12.983333333333333,231,AV,1,0,0,1,4660.29795945294,0.1,-1.527934389904815,"0.0,0.0,0.0,0.1,0.01,0.23026064442157015","0,0,0"
29.916666666666668,48,AV,1,0,0,51,1040.734547163155,0.3,-2.358735495148817,"0.2696159420289855,0.2888189964157706,0.35210416666666666,0.3,0.51,0.05142164934229008","0,0,0"
21.466666666666665,189,AV,1,0,0,36,3313.1900178081896,0.1,-1.7960390332226213,"0.13342592592592592,0.19138333333333335,0.2823939393939395,0.1,0.36,0.16370139317898502","0,0,0"
43.13333333333333,25,AV,2,0,0,66,822.5771428470101,0.2,-1.7919441462020727,"0.3772685185185185,0.3907820512820513,0.4408655913978495,0.2,0.66,0.04064271096963091","0,0,0"
20.8,146,AV,1,0,0,38,2476.7673195544394,0.1,-1.3009282890588976,"0.14966049382716048,0.20240123456790124,0.282875,0.1,0.38,0.12237458721412664","0,0,0"
17.983333333333334,23,AV,1,0,0,33,793.0252767736928,0.1,-0.36013227005000614,"0.11081250000000001,0.16774579124579125,0.2505533333333333,0.1,0.33,0.0391825829295129","0,0,0"
26.3,5,AV,1,0,0,47,591.6693204447811,0.2,-0.7859041983685731,"0.21672916666666667,0.2531633333333334,0.31935416666666666,0.2,0.47,0.02923378723751827","0,0,0"
24.466666666666665,148,AV,1,0,0,45,2520.757475212996,0.2,-3.1148753986638704,"0.20225925925925925,0.24173432343234316,0.31476984126984126,0.2,0.45,0.12454809665027725","0,0,0"
22.983333333333334,252,AV,1,0,0,43,5702.616109653807,0.2,-6.619450854556061,"0.1885,0.23211985018726586,0.3161954022988506,0.2,0.43,0.28176053800041856","0,0,0"
33.2,271,AV,1,0,0,55,7332.887514065835,0.1,-6.147774380479437,"0.3034298245614035,0.32102867383512546,0.3738571428571429,0.1,0.55,0.3623106117141683","0,0,0"
28.333333333333332,149,AV,1,0,0,49,2528.765907819195,0.4,-7.2372088270919726,"0.23301388888888883,0.26872456140350875,0.3425952380952381,0.4,0.49,0.12494378526691811","0,0,0"
27.216666666666665,187,AV,1,0,0,48,3257.969850357721,0.1,-2.239168672404949,"0.2251304347826087,0.26197163120567374,0.329304347826087,0.1,0.48,0.1609730201322744","0,0,0"
37.233333333333334,202,AV,1,0,0,63,3759.463069718096,0.2,-7.0695627085439625,"0.36355555555555563,0.372890625,0.4221551724137932,0.2,0.63,0.18575129672910448","0,0,0"
11.633333333333333,56,AV,1,0,0,17,1148.9174546898266,0.6,-2.0251120792260076,"0.0556923076923077,0.12741287878787877,0.24566666666666662,0.6,0.17,0.05676685821503235","0,0,0"
18.033333333333335,160,AV,1,0,0,33,2818.3733061874163,0.2,-2.566902287285173,"0.11081250000000001,0.16774579124579125,0.2505533333333333,0.2,0.33,0.13925299612805134","0,0,0"
40.43333333333333,293,AV,1,0,0,71,12197.400506638176,0.8,-99.63263848183239,"0.4073924731182796,0.4088253012048193,0.4566602564102564,0.8,0.71,0.6026613159421645","0,0,0"
31.55,41,AV,1,0,0,53,954.0002559944874,0.1,-0.7600683857733859,"0.30040151515151514,0.3096821705426357,0.3759166666666666,0.1,0.53,0.04713619507483592","0,0,0"
39.666666666666664,142,AV,2,0,0,62,2382.718205806423,0.8,-19.093836127337667,"0.3672651515151515,0.3663067375886524,0.42390277777777785,0.8,0.62,0.1177277149052501","0,0,0"
29.566666666666666,44,AV,2,0,0,36,981.8973671489576,0.1,-0.733116973620476,"0.13342592592592592,0.19138333333333335,0.2823939393939395,0.1,0.36,0.048514563335367175","0,0,0"
27.333333333333332,145,AV,2,0,0,38,2436.431929205765,0.3,-5.045136823102846,"0.14966049382716048,0.20240123456790124,0.282875,0.3,0.38,0.12038165606348158","0,0,0"
23.283333333333335,174,AV,1,0,0,43,2991.769966736588,0.6,-10.554299604876295,"0.1885,0.23211985018726586,0.3161954022988506,0.6,0.43,0.14782035107959768","0,0,0"
37.266666666666666,38,AV,1,0,0,61,946.2003450753726,0.3,-2.67134339847037,"0.36083333333333334,0.363093137254902,0.42175833333333335,0.3,0.61,0.04675080930545112","0,0,0"
28.966666666666665,222,AV,1,0,0,50,4304.4895651906745,0.1,-3.148654404167253,"0.2626602564102565,0.28743529411764707,0.3673850574712644,0.1,0.5,0.21268050880229086","0,0,0"
29.033333333333335,197,AV,1,0,0,49,3531.3895067900216,0.1,-2.589091128294705,"0.23301388888888883,0.26872456140350875,0.3425952380952381,0.1,0.49,0.17448241091273348","0,0,0"
28.916666666666668,122,AV,1,0,0,50,2088.64210540395,0.4,-6.100663388679889,"0.2626602564102565,0.28743529411764707,0.3673850574712644,0.4,0.5,0.10319770996204586","0,0,0"
43.68333333333333,247,AV,2,0,0,60,5427.330032863625,0.3,-17.960899010272172,"0.34246296296296286,0.3589659863945578,0.4193958333333333,0.3,0.6,0.26815892926348833","0,0,0"
13.333333333333334,184,AV,1,0,0,18,3197.7177395395383,0.1,-1.0766726395756023,"0.05485555555555555,0.12473387096774195,0.22946825396825396,0.1,0.18,0.15799602381455757","0,0,0"
41.36666666666667,115,AV,1,0,0,78,1942.5668635563816,0.8,-16.233841600494745,"0.4394385964912281,0.4196133333333333,0.4610793650793651,0.8,0.78,0.09598027888478354","0,0,0"
36.3,188,AV,1,0,0,61,3278.222126324269,0.3,-9.015110847391739,"0.36083333333333334,0.363093137254902,0.42175833333333335,0.3,0.61,0.16197366475964245","0,0,0"
32.7,64,AV,1,0,0,57,1265.4739572733297,0.9,-9.404772364281337,"0.32302173913043475,0.33567499999999995,0.38100980392156863,0.9,0.57,0.06252579801457091","0,0,0"
24.533333333333335,297,AV,1,0,0,46,16390.717038727882,0.3,-30.463554900261926,"0.21719230769230766,0.2520952380952381,0.32258333333333333,0.3,0.46,0.8098488767684134","0,0,0"
36.96666666666667,162,AV,1,0,0,62,2838.632091159661,0.4,-10.599471343757791,"0.3672651515151515,0.3663067375886524,0.42390277777777785,0.4,0.62,0.14025396235885745","0,0,0"
28.05,168,AV,0,0,0,51,2909.8477340427667,0.1,-2.56114214494696,"0.2696159420289855,0.2888189964157706,0.35210416666666666,0.1,0.51,0.1437726557913017","0,0,0"
24.383333333333333,69,AV,1,0,0,44,1317.647826688136,0.1,-0.8113294488403802,"0.19715740740740742,0.23610884353741504,0.31875000000000003,0.1,0.44,0.06510365653304864","0,0,0"
37.333333333333336,54,AV,2,0,0,56,1129.1321270070612,0.2,-2.1290033371176915,"0.31907291666666665,0.3324278846153846,0.3848583333333333,0.2,0.56,0.05578928503366858","0,0,0"
27.033333333333335,253,AV,1,0,0,48,5721.231751015957,0.6,-23.43393409128253,"0.2251304347826087,0.26197163120567374,0.329304347826087,0.6,0.48,0.2826803181547486","0,0,0"
14.516666666666667,72,AV,1,0,0,27,1348.5865378412918,0.6,-2.966209278938801,"0.0921111111111111,0.1442968253968254,0.23652941176470588,0.6,0.27,0.0666323071965214","0,0,0"
8.483333333333333,32,AV,0,0,0,26,871.0408974081768,0.2,-0.8731984989737054,"0.07949122807017543,0.13630929487179488,0.225421568627451,0.2,0.26,0.0430372564372029","0,0,0"
31.05,112,AV,0,0,0,52,1888.2149669861096,0.3,-4.941596570069599,"0.29334567901234565,0.3076268115942029,0.3725158730158729,0.3,0.52,0.09329480623074009","0,0,0"
32.5,181,AV,1,0,0,55,3132.463358685509,0.1,-2.5708348272040165,"0.3034298245614035,0.32102867383512546,0.3738571428571429,0.1,0.55,0.15477187035537765","0,0,0"
12.316666666666666,4,AV,1,0,0,22,586.8516376274475,0.3,-0.5475800002609643,"0.06191666666666666,0.12527651515151517,0.23050000000000004,0.3,0.22,0.028995750365243225","0,0,0"
41.56666666666667,97,AV,1,0,0,77,1697.366940102563,0.7,-12.471646481612181,"0.4372499999999999,0.41818976897689775,0.46028571428571424,0.7,0.77,0.08386519678534977","0,0,0"
17.05,223,AV,0,0,0,40,4343.557359248321,0.4,-7.980571007594331,"0.16112179487179484,0.2135973597359736,0.3000897435897436,0.4,0.4,0.21461080929254078","0,0,0"
30.933333333333334,294,AV,0,0,0,52,13351.937436366714,0.2,-21.359592493178976,"0.29334567901234565,0.3076268115942029,0.3725158730158729,0.2,0.52,0.6597058267783346","0,0,0"
28.233333333333334,34,AV,1,0,0,49,912.6272274022258,0.1,-0.6506694121293648,"0.23301388888888883,0.26872456140350875,0.3425952380952381,0.1,0.49,0.04509199526010037","0,0,0"
25.333333333333332,199,AV,1,0,0,46,3623.60917519969,0.3,-6.95440144735294,"0.21719230769230766,0.2520952380952381,0.32258333333333333,0.3,0.46,0.17903889216374055","0,0,0"
36.18333333333333,106,AV,1,0,0,60,1822.2981036688468,0.8,-13.320569639949719,"0.34246296296296286,0.3589659863945578,0.4193958333333333,0.8,0.6,0.09003792017801585","0,0,0"
16.133333333333333,19,AV,1,0,0,29,761.8437659652793,0.2,-0.6207615870828203,"0.093475,0.1600434027777778,0.25762500000000005,0.2,0.29,0.03764193577878302","0,0,0"
39.733333333333334,52,AV,1,0,0,68,1111.987968807459,0.8,-8.925856288340007,"0.39583928571428567,0.39516056910569103,0.4360611111111111,0.8,0.68,0.05494220938540485","0,0,0"
13.416666666666666,132,AV,0,0,0,34,2187.718469250836,0.3,-2.7236279895794477,"0.11653333333333332,0.17805392156862745,0.2607777777777778,0.3,0.34,0.10809297365222585","0,0,0"
24.833333333333332,198,AV,1,0,0,45,3580.4564780460023,0.4,-8.98127971765748,"0.20225925925925925,0.24173432343234316,0.31476984126984126,0.4,0.45,0.17690676071171996","0,0,0"
25.75,245,AV,1,0,0,46,5386.149373461946,0.2,-7.004714462961875,"0.21719230769230766,0.2520952380952381,0.32258333333333333,0.2,0.46,0.2661242342173697","0,0,0"
31.033333333333335,166,AV,1,0,0,50,2891.134206742707,0.3,-6.797085723427929,"0.2626602564102565,0.28743529411764707,0.3673850574712644,0.3,0.5,0.14284803919103217","0,0,0"
29.233333333333334,240,AV,1,0,0,50,4756.448820673547,0.1,-3.511284188325506,"0.2626602564102565,0.28743529411764707,0.3673850574712644,0.1,0.5,0.23501136196344702","0,0,0"
32.63333333333333,254,AV,1,0,0,55,5807.233742044462,0.7,-33.499135382349074,"0.3034298245614035,0.32102867383512546,0.3738571428571429,0.7,0.55,0.28692959020732056","0,0,0"
31.583333333333332,94,AV,2,0,0,42,1626.914224999384,0.3,-3.8926798691588793,"0.1733456790123457,0.22409411764705883,0.30182142857142863,0.3,0.42,0.0803841988487261","0,0,0"
44.68333333333333,263,AV,0,0,0,72,6007.794801579103,0.1,-7.278997417101672,"0.40870555555555554,0.41482954545454553,0.4681287878787878,0.1,0.72,0.29683911084658465","0,0,0"
22.733333333333334,190,AV,1,0,0,41,3362.377553451843,0.2,-3.8605075613706346,"0.1663133333333333,0.2170483870967742,0.2973409090909091,0.2,0.41,0.1661316999433504","0,0,0"
22.333333333333332,273,AV,1,0,0,40,7362.36439851089,0.5,-20.76087603957195,"0.16112179487179484,0.2135973597359736,0.3000897435897436,0.5,0.4,0.36376703498729634","0,0,0"
29.483333333333334,83,AV,1,0,0,49,1467.6871321740252,0.5,-5.463675372087228,"0.23301388888888883,0.26872456140350875,0.3425952380952381,0.5,0.49,0.07251694801576773","0,0,0"
41.35,95,AV,0,0,0,67,1649.648602545546,0.3,-5.667649220852904,"0.39013888888888887,0.3935574712643678,0.43529310344827593,0.3,0.67,0.08150748162374356","0,0,0"
39.55,259,AV,2,0,0,52,5882.279762541917,0.1,-5.874852641629617,"0.29334567901234565,0.3076268115942029,0.3725158730158729,0.1,0.52,0.29063753875296394","0,0,0"
37.65,275,AV,1,0,0,64,7864.29237148983,0.2,-14.954071100332932,"0.37537719298245614,0.3846816666666667,0.4362063492063492,0.2,0.64,0.38856679232403757","0,0,0"
39.2,276,AV,1,0,0,66,7897.119961473183,0.2,-15.63470214594691,"0.3772685185185185,0.3907820512820513,0.4408655913978495,0.2,0.66,0.390188770594556","0,0,0"
37.15,207,AV,2,0,0,52,3898.759045987068,0.1,-3.657547943394434,"0.29334567901234565,0.3076268115942029,0.3725158730158729,0.1,0.52,0.19263377109878843","0,0,0"
26.8,79,AV,1,0,0,47,1447.5744631551047,0.3,-2.9390148191330914,"0.21672916666666667,0.2531633333333334,0.31935416666666666,0.3,0.47,0.07152320122755207","0,0,0"
44.983333333333334,124,AV,2,0,0,55,2105.6010448069283,0.3,-7.175526792845832,"0.3034298245614035,0.32102867383512546,0.3738571428571429,0.3,0.55,0.104035634135481","0,0,0"
25.833333333333332,81,AV,1,0,0,45,1457.5875839824732,0.4,-3.80346928480275,"0.20225925925925925,0.24173432343234316,0.31476984126984126,0.4,0.45,0.0720179394770033","0,0,0"
39.93333333333333,78,AV,1,0,0,73,1446.9812594843625,0.1,-1.4591612364160487,"0.41697701149425287,0.415768115942029,0.46936842105263155,0.1,0.73,0.07149389162960644","0,0,0"
27.4,116,AV,2,0,0,37,1997.7276787447236,0.1,-1.382266121151652,"0.14175694444444445,0.1960877192982456,0.2783809523809524,0.1,0.37,0.09870571939579707","0,0,0"
15.25,57,AV,0,0,0,37,1150.2916000513435,0.1,-0.9429784570904796,"0.14175694444444445,0.1960877192982456,0.2783809523809524,0.1,0.37,0.05683475335805212","0,0,0"
42.21666666666667,225,AV,1,0,0,71,4459.768546990965,0.2,-9.508917280747571,"0.4073924731182796,0.4088253012048193,0.4566602564102564,0.2,0.71,0.22035268743240086","0,0,0"
40.28333333333333,196,AV,2,0,0,55,3520.054626539052,0.2,-7.16159261981893,"0.3034298245614035,0.32102867383512546,0.3738571428571429,0.2,0.55,0.17392236585687273","0,0,0"
33.75,243,AV,1,0,0,57,5003.647877951615,0.1,-4.264472623254217,"0.32302173913043475,0.33567499999999995,0.38100980392156863,0.1,0.57,0.2472252192585145","0,0,0"
16.6,16,AV,1,0,0,28,742.6585956180782,0.1,-0.3113164820015177,"0.09004999999999999,0.1539174757281553,0.24718627450980393,0.1,0.28,0.03669401576896401","0,0,0"
48.85,61,AV,2,0,0,74,1240.6560786390864,0.2,-3.0609115879555238,"0.4186954022988506,0.4159615384615385,0.46513333333333334,0.2,0.74,0.06129957154209703","0,0,0"
47.4,18,AV,2,0,0,71,753.7709081553346,1.0,-9.022409355192641,"0.4073924731182796,0.4088253012048193,0.4566602564102564,1.0,0.71,0.03724306397749163","0,0,0"
34.45,100,AV,0,0,0,53,1723.69240549938,0.5,-7.9976266880623275,"0.30040151515151514,0.3096821705426357,0.3759166666666666,0.5,0.53,0.08516591160652838","0,0,0"
28.133333333333333,229,AV,1,0,0,48,4569.840806868062,0.1,-3.2465872398961646,"0.2251304347826087,0.26197163120567374,0.329304347826087,0.1,0.48,0.22579124730834796","0,0,0"
29.883333333333333,89,AV,1,0,0,50,1528.3774584247917,0.2,-2.3067178307707503,"0.2626602564102565,0.28743529411764707,0.3673850574712644,0.2,0.5,0.07551559611815158","0,0,0"
16.033333333333335,12,AV,1,0,0,27,658.4091024775607,0.1,-0.2665780962051404,"0.0921111111111111,0.1442968253968254,0.23652941176470588,0.1,0.27,0.032531332877974904","0,0,0"
38.05,180,AV,0,0,0,58,3101.095365071405,0.1,-3.479714107095125,"0.3435250000000001,0.34611290322580635,0.3995246913580246,0.1,0.58,0.15322200927639995","0,0,0"
42.6,126,AV,2,0,0,66,2131.3254046090938,0.6,-13.756736702476879,"0.3772685185185185,0.3907820512820513,0.4408655913978495,0.6,0.66,0.10530664893258515","0,0,0"
43.1,171,AV,1,0,0,88,2965.4163440895786,0.1,-3.227511222986385,"0.43430303030303025,0.42635884353741493,0.45656666666666657,0.1,0.88,0.14651824503694982","0,0,0"
44.55,170,AV,2,0,0,68,2953.464044858564,0.1,-3.3226470504658843,"0.39583928571428567,0.39516056910569103,0.4360611111111111,0.1,0.68,0.1459276939290168","0,0,0"
39.733333333333334,28,AV,1,0,0,69,844.3352662229099,0.1,-0.8471781459071621,"0.3945919540229885,0.3968641975308642,0.4382277777777777,0.1,0.69,0.04171775800600685","0,0,0"
28.9,24,AV,1,0,0,49,806.3598325453933,0.1,-0.5884797767818654,"0.23301388888888883,0.26872456140350875,0.3425952380952381,0.1,0.49,0.039841429945686846","0,0,0"
34.35,216,AV,2,0,0,43,4164.701887555128,0.5,-18.062816898676598,"0.1885,0.23211985018726586,0.3161954022988506,0.5,0.43,0.20577373996162773","0,0,0"
34.53333333333333,91,AV,1,0,0,57,1546.5147326922538,0.7,-9.44050912582847,"0.32302173913043475,0.33567499999999995,0.38100980392156863,0.7,0.57,0.07641174063449208","0,0,0"
14.283333333333333,65,AV,1,0,0,22,1291.2118623687816,0.3,-1.397182532891472,"0.06191666666666666,0.12527651515151517,0.23050000000000004,0.3,0.22,0.0637974820710203","0,0,0"
28.733333333333334,14,AV,2,0,0,36,699.2977112166509,0.1,-0.5074028847380077,"0.13342592592592592,0.19138333333333335,0.2823939393939395,0.1,0.36,0.034551597993999705","0,0,0"
13.366666666666667,194,AV,1,0,0,11,3465.4556083993225,0.2,-2.339474240687085,"0.051277777777777776,0.11516666666666665,0.24325,0.2,0.11,0.17122468317412964","0,0,0"
15.916666666666666,85,AV,1,0,0,26,1474.807688008607,0.1,-0.5927783426128872,"0.07949122807017543,0.13630929487179488,0.225421568627451,0.1,0.26,0.07286876753232566","0,0,0"
41.71666666666667,66,AV,1,0,0,76,1291.7462447339112,0.2,-2.721583207549646,"0.4228055555555555,0.4179416666666667,0.46478787878787886,0.2,0.76,0.06382388536729725","0,0,0"
40.85,261,AV,2,0,0,59,5984.209260784091,0.7,-43.21173328588917,"0.3554259259259259,0.3526105442176871,0.4154305555555555,0.7,0.59,0.2956737729497932","0,0,0"
14.25,140,AV,1,0,0,26,2337.3116255789537,0.3,-2.523234141250007,"0.07949122807017543,0.13630929487179488,0.225421568627451,0.3,0.26,0.11548422135287985","0,0,0"
30.716666666666665,267,AV,1,0,0,51,6248.181898567973,0.3,-14.539645503864614,"0.2696159420289855,0.2888189964157706,0.35210416666666666,0.3,0.51,0.3087163960212402","0,0,0"
34.55,218,AV,2,0,0,47,4227.85786318916,0.1,-3.6886992215450873,"0.21672916666666667,0.2531633333333334,0.31935416666666666,0.1,0.47,0.2088942133251532","0,0,0"
26.9,3,AV,2,0,0,28,586.3474640105957,0.2,-0.7966033728224758,"0.09004999999999999,0.1539174757281553,0.24718627450980393,0.2,0.28,0.02897083965289678","0,0,0"
32.13333333333333,6,AV,1,0,0,52,601.3137559373858,0.1,-0.4879347312488552,"0.29334567901234565,0.3076268115942029,0.3725158730158729,0.1,0.52,0.029710309114645228","0,0,0"
41.15,20,AV,1,0,0,74,767.6170681366935,0.1,-0.79766268570265,"0.4186954022988506,0.4159615384615385,0.46513333333333334,0.1,0.74,0.03792718884414417","0,0,0"
41.68333333333333,295,AV,1,0,0,83,13430.196447392702,0.2,-28.273502790344402,"0.43395614035087715,0.42385313531353125,0.46045833333333336,0.2,0.83,0.6635725259609666","0,0,0"
42.06666666666667,22,AV,1,0,0,85,779.0639592631991,0.1,-0.8275915122812773,"0.44006944444444435,0.42607388316151207,0.45663157894736833,0.1,0.85,0.0384927682449347","0,0,0"
40.11666666666667,121,AV,1,0,0,69,2078.9202215407213,0.5,-10.53022090330075,"0.3945919540229885,0.3968641975308642,0.4382277777777777,0.5,0.69,0.10271736143866485","0,0,0"
19.15,255,AV,1,0,0,33,5825.425317043349,0.3,-8.451279910710614,"0.11081250000000001,0.16774579124579125,0.2505533333333333,0.3,0.33,0.28782841766829664","0,0,0"
31.383333333333333,158,AV,1,0,0,51,2780.081336731352,0.4,-8.8129514428706,"0.2696159420289855,0.2888189964157706,0.35210416666666666,0.4,0.51,0.1373610283526348","0,0,0"
16.45,139,AV,1,0,0,29,2326.172138461347,0.2,-1.932602609984301,"0.093475,0.1600434027777778,0.25762500000000005,0.2,0.29,0.11493383047561351","0,0,0"
16.8,9,AV,1,0,0,28,646.5589615252754,0.2,-0.5485954825062944,"0.09004999999999999,0.1539174757281553,0.24718627450980393,0.2,0.28,0.03194582930805295","0,0,0"
35.36666666666667,33,AV,1,0,0,57,877.6907461205365,0.1,-0.7838635367288629,"0.32302173913043475,0.33567499999999995,0.38100980392156863,0.1,0.57,0.043365818787322166","0,0,0"
19.583333333333332,153,AV,2,0,0,8,2667.9339807116767,0.1,-1.3193697084748401,"0.053916666666666675,0.12977777777777777,0.24325,0.1,0.08,0.13181994005915215","0,0,0"
32.45,272,AV,1,0,0,53,7336.658338656486,0.1,-6.011983916399066,"0.30040151515151514,0.3096821705426357,0.3759166666666666,0.1,0.53,0.3624969243722426","0,0,0"
21.633333333333333,185,AV,1,0,0,40,3245.380745418587,1.0,-17.729394812934874,"0.16112179487179484,0.2135973597359736,0.3000897435897436,1.0,0.4,0.16035100509349434","0,0,0"
40.35,17,AV,1,0,0,63,743.7553910389753,0.3,-2.2735250021532307,"0.36355555555555563,0.372890625,0.4221551724137932,0.3,0.63,0.036748207329806624","0,0,0"
13.283333333333333,50,AV,1,0,0,24,1074.3823512953045,0.1,-0.36038835605318087,"0.07432608695652174,0.1277567049808429,0.22440555555555555,0.1,0.24,0.05308415357061393","0,0,0"
20.366666666666667,236,AV,0,0,0,44,4704.305573257116,0.3,-7.758410871868933,"0.19715740740740742,0.23610884353741504,0.31875000000000003,0.3,0.44,0.2324350164471723","0,0,0"
39.18333333333333,246,AV,1,0,0,65,5394.467136051333,0.3,-16.01312151118268,"0.37379365079365084,0.3877916666666667,0.44017204301075274,0.3,0.65,0.2665352065179911","0,0,0"
18.6,182,AV,1,0,0,33,3151.1733449572957,0.2,-2.9601931422326118,"0.11081250000000001,0.16774579124579125,0.2505533333333333,0.2,0.33,0.1556963119969945","0,0,0"
18.05,224,AV,1,0,0,33,4376.119511966378,0.1,-1.9946706361361901,"0.11081250000000001,0.16774579124579125,0.2505533333333333,0.1,0.33,0.2162196725742125","0,0,0"
20.116666666666667,176,AV,1,0,0,35,3017.17067826153,0.1,-1.5327125457330248,"0.12453703703703704,0.1813462783171521,0.268,0.1,0.35,0.14907537474018487","0,0,0"
39.55,11,AV,0,0,0,62,650.412147456106,0.9,-6.3463182799747715,"0.3672651515151515,0.3663067375886524,0.42390277777777785,0.9,0.62,0.03213621135727569","0,0,0"
41.31666666666667,8,AV,1,0,0,76,617.4453946714843,0.5,-3.221058782387647,"0.4228055555555555,0.4179416666666667,0.46478787878787886,0.5,0.76,0.03050735719243069","0,0,0"
28.9,213,AV,1,0,0,49,4116.183110063293,0.6,-18.023892709216536,"0.23301388888888883,0.26872456140350875,0.3425952380952381,0.6,0.49,0.2033764758662804","0,0,0"
30.733333333333334,161,AV,1,0,0,51,2835.850686157305,0.2,-4.401774970769419,"0.2696159420289855,0.2888189964157706,0.35210416666666666,0.2,0.51,0.14011653592951495","0,0,0"
36.13333333333333,98,AV,2,0,0,45,1717.0377309640771,0.2,-3.133449327213905,"0.20225925925925925,0.24173432343234316,0.31476984126984126,0.2,0.45,0.0848371108173414","0,0,0"
32.61666666666667,177,AV,0,0,0,52,3022.892107624705,0.1,-2.9898147536285977,"0.29334567901234565,0.3076268115942029,0.3725158730158729,0.1,0.52,0.14935806482215805","0,0,0"
14.166666666666666,164,AV,1,0,0,21,2857.712092786687,0.1,-1.0223296628235203,"0.05934126984126984,0.12448484848484849,0.2294731182795699,0.1,0.21,0.1411966860877753","0,0,0"
16.85,141,AV,1,0,0,30,2361.523720441912,0.4,-4.019361079742042,"0.09889682539682539,0.16131060606060604,0.25545698924731186,0.4,0.3,0.1166805166572675","0,0,0"
23.516666666666666,248,AV,1,0,0,42,5434.023139443809,0.1,-3.227023000738727,"0.1733456790123457,0.22409411764705883,0.30182142857142863,0.1,0.42,0.26848962894143685","0,0,0"
39.233333333333334,256,AV,2,0,0,56,5844.130995646287,0.2,-11.580037343225051,"0.31907291666666665,0.3324278846153846,0.3848583333333333,0.2,0.56,0.28875264647231946","0,0,0"
11.966666666666667,277,AV,0,0,0,30,8011.326014866212,0.1,-2.920931009542904,"0.09889682539682539,0.16131060606060604,0.25545698924731186,0.1,0.3,0.395831577058847","0,0,0"
38.36666666666667,40,AV,1,0,0,64,950.4213588862824,0.3,-2.762462081005331,"0.37537719298245614,0.3846816666666667,0.4362063492063492,0.3,0.64,0.04695936536102284","0,0,0"
27.6,15,AV,1,0,0,49,727.2326469992182,0.6,-3.0411547056330943,"0.23301388888888883,0.26872456140350875,0.3425952380952381,0.6,0.49,0.03593183513143892","0,0,0"
14.85,250,AV,1,0,0,27,5611.673516276995,0.1,-2.1043775686038733,"0.0921111111111111,0.1442968253968254,0.23652941176470588,0.1,0.27,0.27726715574492605","0,0,0"
