travel_time,id,kind,action,origin,destination,start_time,income,urgency,reward,observation,cost_table
12.016666666666667,147,AV,2,0,0,23,2496.2043409386315,0.4,-0.048066666666666674,"0.06966666666666667,0.07997619047619046,0.116243961352657,0.4,0.23,0.12333495093088893","0,0,0"
29.366666666666667,101,AV,1,0,0,67,1628.9397076974285,0.1,-0.02936666666666667,"0.7715133333333333,0.29079385964912274,0.32636821705426367,0.1,0.67,0.0804842759157665","0,0,0"
26.066666666666666,2,AV,2,0,0,53,437.5592869272848,0.4,-0.10426666666666667,"0.515615,0.21704285714285718,0.2505105263157894,0.4,0.53,0.021619365168734063","0,0,0"
48.583333333333336,222,AV,0,0,0,48,4416.224882412617,0.3,-0.14914656616213923,"0.41914695340501795,0.18346261682242992,0.2207583333333333,0.3,0.48,0.21820123867235977","0,0,0"
22.533333333333335,22,AV,2,0,0,46,632.5893922142865,0.1,-0.022533333333333336,"0.3752928348909657,0.1702978723404255,0.20522222222222222,0.1,0.46,0.031255606910295004","0,0,0"
10.233333333333333,89,AV,0,0,0,25,1526.0895405694364,0.4,-0.05076237651935962,"0.07751818181818183,0.08182765151515153,0.11820114942528738,0.4,0.25,0.07540255239340664","0,0,0"
21.783333333333335,84,AV,2,0,0,49,1460.106853854364,0.4,-0.08713333333333334,"0.4355724637681158,0.18646969696969698,0.22268537414965986,0.4,0.49,0.07214241407266661","0,0,0"
74.88333333333334,254,AV,0,0,0,64,5654.280440205098,0.2,-0.15241952411840212,"0.727340501792115,0.2721009174311927,0.3056428571428571,0.2,0.64,0.2793723210896882","0,0,0"
15.6,190,AV,2,0,0,39,3476.696831582168,0.5,-0.078,"0.21835909090909092,0.1274919871794872,0.16129651162790698,0.5,0.39,0.1717801007282623","0,0,0"
24.9,208,AV,1,0,0,57,4061.843573313689,0.1,-0.024900000000000002,"0.6057083333333333,0.2449115646258504,0.2793088235294118,0.1,0.57,0.20069161389857007","0,0,0"
15.6,63,AV,2,0,0,29,1074.3823512953045,0.9,-0.1404,"0.10875577557755774,0.09393954248366013,0.1253487972508591,0.9,0.29,0.05308415357061393","0,0,0"
34.68333333333333,207,AV,0,0,0,42,4021.28082322038,0.3,-0.10778015480873267,"0.29785125448028676,0.14803166666666667,0.18405763239875392,0.3,0.42,0.19868744913115402","0,0,0"
32.583333333333336,133,AV,1,0,0,79,2222.040577514192,0.3,-0.09775,"0.8544719471947194,0.3172361111111111,0.3421294498381877,0.3,0.79,0.1097887945708426","0,0,0"
23.083333333333332,109,AV,1,0,0,53,1782.711710770346,0.1,-0.023083333333333334,"0.515615,0.21704285714285718,0.2505105263157894,0.1,0.53,0.08808199623958074","0,0,0"
23.533333333333335,41,AV,1,0,0,54,827.3783452591958,0.4,-0.09413333333333335,"0.5366072607260726,0.22470833333333332,0.2575038314176245,0.4,0.54,0.040879933561629736","0,0,0"
25.283333333333335,266,AV,1,0,0,57,6446.254396158338,0.2,-0.050566666666666676,"0.6057083333333333,0.2449115646258504,0.2793088235294118,0.2,0.57,0.31850295931272143","0,0,0"
13.616666666666667,29,AV,2,0,0,29,742.4887258523852,0.2,-0.02723333333333333,"0.10875577557755774,0.09393954248366013,0.1253487972508591,0.2,0.29,0.0366856226743472","0,0,0"
88.65,298,AV,0,0,0,85,17322.90883950548,0.1,-0.08951590538222957,"0.8693014184397164,0.3214922118380062,0.347063973063973,0.1,0.85,0.8559075379611304","0,0,0"
4.85,141,AV,0,0,0,12,2382.718205806423,0.1,-0.011145331090116593,"0.052312500000000005,0.07393333333333334,0.106375,0.1,0.12,0.1177277149052501","0,0,0"
11.466666666666667,268,AV,1,0,0,35,6709.13861087917,0.3,-0.0344,"0.16804874213836477,0.11439513108614234,0.14802063492063494,0.3,0.35,0.3314918044931234","0,0,0"
18.533333333333335,46,AV,2,0,0,41,905.8209551718018,0.3,-0.055600000000000004,"0.25945412844036697,0.13620957095709568,0.1718759259259259,0.3,0.41,0.044755704180963","0,0,0"
26.616666666666667,49,AV,1,0,0,61,938.3100494872764,0.1,-0.026616666666666667,"0.650422514619883,0.2544255319148936,0.2880217391304348,0.1,0.61,0.04636095772029518","0,0,0"
43.46666666666667,137,AV,0,0,0,46,2276.662146114732,0.1,-0.05005525954400618,"0.3752928348909657,0.1702978723404255,0.20522222222222222,0.1,0.46,0.1124875914492194","0,0,0"
18.716666666666665,98,AV,1,0,0,48,1592.2311391495805,0.1,-0.018716666666666666,"0.41914695340501795,0.18346261682242992,0.2207583333333333,0.1,0.48,0.07867054238989274","0,0,0"
41.666666666666664,95,AV,0,0,0,45,1572.8756307612184,0.2,-0.09287000597714593,"0.35562,0.16522105263157896,0.19988730158730156,0.2,0.45,0.07771420614843609","0,0,0"
8.133333333333333,251,AV,1,0,0,20,5480.041794665195,0.9,-0.0732,"0.06124074074074075,0.0766276595744681,0.11318627450980392,0.9,0.2,0.27076336450488875","0,0,0"
14.35,228,AV,2,0,0,29,4549.115907877681,0.4,-0.0574,"0.10875577557755774,0.09393954248366013,0.1253487972508591,0.4,0.29,0.22476725085176577","0,0,0"
9.183333333333334,110,AV,1,0,0,25,1804.2001824470888,0.1,-0.009183333333333333,"0.07751818181818183,0.08182765151515153,0.11820114942528738,0.1,0.25,0.08914372005616313","0,0,0"
68.03333333333333,239,AV,0,0,0,62,4843.3187157075145,0.1,-0.07113038328615867,"0.6665704022988506,0.2585033333333333,0.29244444444444445,0.1,0.62,0.23930351628177382","0,0,0"
9.5,131,AV,1,0,0,25,2212.8825544422834,0.4,-0.038000000000000006,"0.07751818181818183,0.08182765151515153,0.11820114942528738,0.4,0.25,0.10933630584318776","0,0,0"
13.95,247,AV,1,0,0,39,5304.212874057136,0.2,-0.027899999999999998,"0.21835909090909092,0.1274919871794872,0.16129651162790698,0.2,0.39,0.2620758340252039","0,0,0"
18.483333333333334,235,AV,2,0,0,41,4747.153558918807,0.2,-0.03696666666666667,"0.25945412844036697,0.13620957095709568,0.1718759259259259,0.2,0.41,0.23455209241022626","0,0,0"
71.35,111,AV,0,0,0,63,1805.1606101798543,0.1,-0.07965950992139446,"0.709265,0.266480122324159,0.301507326007326,0.1,0.63,0.08919117382641367","0,0,0"
9.783333333333333,135,AV,1,0,0,27,2250.3510049999354,0.1,-0.009783333333333333,"0.09880158730158732,0.0898843537414966,0.12352920962199314,0.1,0.27,0.11118758437643748","0,0,0"
17.2,206,AV,1,0,0,45,3987.5502105766736,0.5,-0.086,"0.35562,0.16522105263157896,0.19988730158730156,0.5,0.45,0.19702085341739287","0,0,0"
78.21666666666667,280,AV,0,0,0,66,8987.033628468456,0.4,-0.31453573797763673,"0.7532932692307692,0.28468939393939396,0.3176201550387598,0.4,0.66,0.4440403108844108","0,0,0"
18.6,73,AV,1,0,0,47,1234.5997004771,0.1,-0.018600000000000002,"0.3947268041237113,0.17623611111111115,0.20988596491228073,0.1,0.47,0.06100033197617807","0,0,0"
16.65,117,AV,2,0,0,41,1945.516475481125,0.1,-0.016649999999999998,"0.25945412844036697,0.13620957095709568,0.1718759259259259,0.1,0.41,0.09612601624932422","0,0,0"
31.433333333333334,28,AV,1,0,0,67,682.056612603955,0.1,-0.031433333333333334,"0.7715133333333333,0.29079385964912274,0.32636821705426367,0.1,0.67,0.033699732617228556","0,0,0"
15.116666666666667,112,AV,1,0,0,39,1836.592480640456,0.1,-0.015116666666666667,"0.21835909090909092,0.1274919871794872,0.16129651162790698,0.1,0.39,0.09074419099626069","0,0,0"
26.083333333333332,114,AV,1,0,0,60,1900.764377468582,0.4,-0.10433333333333333,"0.6442227138643069,0.25353298611111114,0.2873369963369964,0.4,0.6,0.09391486000625965","0,0,0"
87.06666666666666,45,AV,0,0,0,80,902.2448599555772,0.4,-0.36489186528596224,"0.8577464539007091,0.31845261437908495,0.3446057692307692,0.4,0.8,0.04457901290582028","0,0,0"
27.033333333333335,234,AV,2,0,0,55,4689.4303597647895,0.6,-0.1622,"0.5597532679738563,0.23064920634920644,0.2648763440860215,0.6,0.55,0.2317000470794511","0,0,0"
53.916666666666664,1,AV,0,0,0,52,424.9057127261393,0.4,-0.2509686161362607,"0.49707142857142855,0.20718384879725082,0.24088265306122453,0.4,0.52,0.02099416476842877","0,0,0"
27.683333333333334,143,AV,0,0,0,41,2398.572127464108,0.2,-0.061620387298307114,"0.25945412844036697,0.13620957095709568,0.1718759259259259,0.2,0.41,0.11851104126104732","0,0,0"
20.85,240,AV,0,0,0,36,4864.205776554158,0.3,-0.06563375111766472,"0.18691194968553457,0.11817013888888887,0.1506938775510204,0.3,0.36,0.24033552499290464","0,0,0"
14.433333333333334,274,AV,2,0,0,33,7612.519032757181,0.1,-0.014433333333333334,"0.15443499999999996,0.10944833333333331,0.14524666666666666,0.1,0.33,0.3761269243737155","0,0,0"
25.05,209,AV,2,0,0,51,4113.319853961603,0.1,-0.025050000000000003,"0.47384935897435904,0.197754295532646,0.232530303030303,0.1,0.51,0.20323500525627752","0,0,0"
29.416666666666668,216,AV,0,0,0,41,4227.85786318916,0.1,-0.03296456266634089,"0.25945412844036697,0.13620957095709568,0.1718759259259259,0.1,0.41,0.2088942133251532","0,0,0"
23.3,277,AV,2,0,0,47,8326.33528790118,0.2,-0.0466,"0.3947268041237113,0.17623611111111115,0.20988596491228073,0.2,0.47,0.41139586905023645","0,0,0"
18.883333333333333,174,AV,1,0,0,48,3017.17067826153,0.2,-0.03776666666666667,"0.41914695340501795,0.18346261682242992,0.2207583333333333,0.2,0.48,0.14907537474018487","0,0,0"
19.2,270,AV,0,0,0,32,7177.938863287724,0.2,-0.04048973638333965,"0.139946735395189,0.10325396825396826,0.13753911564625854,0.2,0.32,0.35465475440829575","0,0,0"
50.483333333333334,288,AV,0,0,0,50,11185.875164713363,0.9,-0.45569097688192683,"0.4497323717948718,0.19084615384615386,0.22634239130434786,0.9,0.5,0.5526828641120808","0,0,0"
35.03333333333333,97,AV,2,0,0,80,1587.6148581174584,0.1,-0.03503333333333333,"0.8577464539007091,0.31845261437908495,0.3446057692307692,0.1,0.8,0.07844245657766878","0,0,0"
29.316666666666666,93,AV,2,0,0,62,1530.6528609905624,0.1,-0.02931666666666667,"0.6665704022988506,0.2585033333333333,0.29244444444444445,0.1,0.62,0.07562802147500029","0,0,0"
26.766666666666666,269,AV,1,0,0,62,6947.27484286379,0.1,-0.026766666666666668,"0.6665704022988506,0.2585033333333333,0.29244444444444445,0.1,0.62,0.3432578766872154","0,0,0"
28.916666666666668,156,AV,1,0,0,65,2756.9260540590044,0.4,-0.11566666666666668,"0.7342544802867385,0.27566666666666667,0.30793402777777784,0.4,0.65,0.1362169490778143","0,0,0"
64.43333333333334,281,AV,0,0,0,59,8987.822610831106,0.1,-0.06610225812741236,"0.6319598765432098,0.25045698924731186,0.285483164983165,0.1,0.59,0.4440792937110115","0,0,0"
31.55,292,AV,2,0,0,65,13079.31179296209,0.1,-0.03155,"0.7342544802867385,0.27566666666666667,0.30793402777777784,0.1,0.65,0.6462356673845856","0,0,0"
43.35,182,AV,0,0,0,45,3245.380745418587,0.3,-0.13467195384044695,"0.35562,0.16522105263157896,0.19988730158730156,0.3,0.45,0.16035100509349434","0,0,0"
55.666666666666664,295,AV,0,0,0,53,13748.957190518822,0.4,-0.22375765849914864,"0.515615,0.21704285714285718,0.2505105263157894,0.4,0.53,0.6793221743240372","0,0,0"
62.5,195,AV,0,0,0,57,3654.013033637752,0.1,-0.06660507566938445,"0.6057083333333333,0.2449115646258504,0.2793088235294118,0.1,0.57,0.18054111629141673","0,0,0"
22.383333333333333,53,AV,1,0,0,52,979.573716991658,0.9,-0.20145,"0.49707142857142855,0.20718384879725082,0.24088265306122453,0.9,0.52,0.048399754113449336","0,0,0"
13.666666666666666,255,AV,2,0,0,29,5825.994272151124,0.7,-0.09566666666666665,"0.10875577557755774,0.09393954248366013,0.1253487972508591,0.7,0.29,0.28785652916908544","0,0,0"
90.4,257,AV,0,0,0,89,5862.8833826120845,0.1,-0.09295846808150517,"0.8839208754208754,0.3243528528528528,0.351624074074074,0.1,0.89,0.28967918308966784","0,0,0"
9.183333333333334,152,AV,1,0,0,26,2648.588416164911,0.2,-0.018366666666666667,"0.08543030303030302,0.08424175824175827,0.12019696969696973,0.2,0.26,0.13086409513292768","0,0,0"
20.266666666666666,74,AV,1,0,0,50,1261.43865123121,0.2,-0.04053333333333334,"0.4497323717948718,0.19084615384615386,0.22634239130434786,0.2,0.5,0.06232641759345169","0,0,0"
23.5,122,AV,1,0,0,53,2033.019749384408,0.1,-0.0235,"0.515615,0.21704285714285718,0.2505105263157894,0.1,0.53,0.10044946518183244","0,0,0"
78.48333333333333,129,AV,0,0,0,66,2158.6935677652164,0.1,-0.0854319805262412,"0.7532932692307692,0.28468939393939396,0.3176201550387598,0.1,0.66,0.10665888240344744","0,0,0"
16.3,154,AV,2,0,0,34,2744.255474143275,0.2,-0.032600000000000004,"0.15751428571428572,0.11085964912280699,0.14639,0.2,0.34,0.13559090844222083","0,0,0"
35.833333333333336,168,AV,2,0,0,87,2909.5116230827134,0.4,-0.14333333333333334,"0.8803591065292095,0.32408939393939384,0.35107885304659503,0.4,0.87,0.14375604888613547","0,0,0"
52.05,32,AV,0,0,0,50,761.8437659652793,0.1,-0.07173907625173587,"0.4497323717948718,0.19084615384615386,0.22634239130434786,0.1,0.5,0.03764193577878302","0,0,0"
6.916666666666667,140,AV,0,0,0,18,2347.541384251396,0.4,-0.0340563303806392,"0.05892063492063492,0.07490952380952379,0.11279166666666667,0.4,0.18,0.11598966346080683","0,0,0"
41.6,199,AV,0,0,0,44,3783.636689084741,0.2,-0.08716443983199362,"0.3385868055555556,0.16029513888888888,0.19491512345679016,0.2,0.44,0.18694569099783895","0,0,0"
21.333333333333332,173,AV,1,0,0,52,2996.640782499388,0.1,-0.021333333333333333,"0.49707142857142855,0.20718384879725082,0.24088265306122453,0.1,0.52,0.14806101319737625","0,0,0"
32.25,244,AV,2,0,0,68,4950.268578812107,0.3,-0.09675,"0.780822807017544,0.29490313390313383,0.3299393939393939,0.3,0.68,0.24458780166728444","0,0,0"
24.3,26,AV,1,0,0,55,658.4091024775607,0.3,-0.07289999999999999,"0.5597532679738563,0.23064920634920644,0.2648763440860215,0.3,0.55,0.032531332877974904","0,0,0"
34.483333333333334,78,AV,2,0,0,72,1323.5149786113286,0.2,-0.06896666666666666,"0.8168092592592592,0.30686666666666673,0.3369583333333333,0.2,0.72,0.06539354662044386","0,0,0"
48.5,17,AV,0,0,0,49,600.3305173079323,0.4,-0.21898623602755468,"0.4355724637681158,0.18646969696969698,0.22268537414965986,0.4,0.49,0.029661728280885674","0,0,0"
12.416666666666666,35,AV,1,0,0,38,777.0630287344238,0.2,-0.024833333333333332,"0.20401014492753625,0.12369175627240145,0.15757789855072463,0.2,0.38,0.03839390427593374","0,0,0"
24.466666666666665,249,AV,1,0,0,55,5341.061461458292,0.3,-0.07339999999999999,"0.5597532679738563,0.23064920634920644,0.2648763440860215,0.3,0.55,0.26389648574207625","0,0,0"
14.016666666666667,19,AV,0,0,0,27,616.3739675020589,0.2,-0.05236920861500621,"0.09880158730158732,0.0898843537414966,0.12352920962199314,0.2,0.27,0.030454419051430016","0,0,0"
20.9,90,AV,1,0,0,51,1527.6889462703334,0.1,-0.020900000000000002,"0.47384935897435904,0.197754295532646,0.232530303030303,0.1,0.51,0.07548157742369105","0,0,0"
23.65,82,AV,2,0,0,47,1447.5744631551047,0.6,-0.1419,"0.3947268041237113,0.17623611111111115,0.20988596491228073,0.6,0.47,0.07152320122755207","0,0,0"
14.783333333333333,96,AV,2,0,0,35,1573.7150367511856,0.5,-0.07391666666666667,"0.16804874213836477,0.11439513108614234,0.14802063492063494,0.5,0.35,0.07775568035585004","0,0,0"
66.11666666666666,256,AV,0,0,0,60,5849.7981009167725,0.3,-0.20091419106116654,"0.6442227138643069,0.25353298611111114,0.2873369963369964,0.3,0.6,0.28903265245540044","0,0,0"
14.333333333333334,246,AV,1,0,0,39,5064.807770076448,0.3,-0.043000000000000003,"0.21835909090909092,0.1274919871794872,0.16129651162790698,0.3,0.39,0.25024706813941117","0,0,0"
46.95,123,AV,0,0,0,47,2078.9202215407213,0.3,-0.1480652840905474,"0.3947268041237113,0.17623611111111115,0.20988596491228073,0.3,0.47,0.10271736143866485","0,0,0"
16.933333333333334,273,AV,1,0,0,44,7511.51421120444,0.3,-0.0508,"0.3385868055555556,0.16029513888888888,0.19491512345679016,0.3,0.44,0.3711363775239707","0,0,0"
19.1,102,AV,2,0,0,41,1635.9686818612918,0.1,-0.019100000000000002,"0.25945412844036697,0.13620957095709568,0.1718759259259259,0.1,0.41,0.08083157047389894","0,0,0"
29.7,191,AV,2,0,0,56,3523.1638559153366,0.3,-0.0891,"0.5826542553191488,0.238262996941896,0.27361168384879725,0.3,0.56,0.1740759897594787","0,0,0"
24.033333333333335,136,AV,0,0,0,38,2255.9253983027734,0.1,-0.030682489378690656,"0.20401014492753625,0.12369175627240145,0.15757789855072463,0.1,0.38,0.11146300955425625","0,0,0"
18.416666666666668,47,AV,2,0,0,37,913.5589076746268,0.9,-0.16575,"0.1988376811594203,0.12243333333333334,0.15702777777777777,0.9,0.37,0.04513802864718944","0,0,0"
68.0,128,AV,0,0,0,62,2139.4702648744856,0.1,-0.07501108131590696,"0.6665704022988506,0.2585033333333333,0.29244444444444445,0.1,0.62,0.10570907830292801","0,0,0"
25.383333333333333,287,AV,2,0,0,53,11049.706566164488,0.2,-0.050766666666666675,"0.515615,0.21704285714285718,0.2505105263157894,0.2,0.53,0.5459549103364543","0,0,0"
9.6,210,AV,1,0,0,26,4116.183110063293,0.1,-0.009600000000000001,"0.08543030303030302,0.08424175824175827,0.12019696969696973,0.1,0.26,0.2033764758662804","0,0,0"
33.03333333333333,232,AV,1,0,0,77,4660.29795945294,0.1,-0.03303333333333333,"0.845953405017921,0.3159224422442244,0.34171226415094336,0.1,0.77,0.23026064442157015","0,0,0"
16.233333333333334,299,AV,1,0,0,43,20239.22920549412,0.2,-0.032466666666666665,"0.3142045454545455,0.15444736842105264,0.18792450142450143,0.2,0.43,1.0","0,0,0"
31.983333333333334,43,AV,2,0,0,65,857.6590975250949,0.9,-0.28785000000000005,"0.7342544802867385,0.27566666666666667,0.30793402777777784,0.9,0.65,0.04237607513690668","0,0,0"
57.35,263,AV,0,0,0,54,6130.868263041086,0.1,-0.05979663551008346,"0.5366072607260726,0.22470833333333332,0.2575038314176245,0.1,0.54,0.3029200470429381","0,0,0"
25.466666666666665,23,AV,1,0,0,59,636.6552097563458,0.4,-0.10186666666666666,"0.6319598765432098,0.25045698924731186,0.285483164983165,0.4,0.59,0.03145649487400044","0,0,0"
33.46666666666667,5,AV,1,0,0,93,491.0984231068265,0.3,-0.1004,"0.8877750809061488,0.32468939393939394,0.35219157088122593,0.3,0.93,0.024264680147676444","0,0,0"
12.133333333333333,291,AV,1,0,0,36,12051.378145129962,0.1,-0.012133333333333335,"0.18691194968553457,0.11817013888888887,0.1506938775510204,0.1,0.36,0.5954464976293913","0,0,0"
13.1,172,AV,2,0,0,31,2991.769966736588,0.1,-0.0131,"0.13458333333333333,0.10170192307692305,0.1368244680851064,0.1,0.31,0.14782035107959768","0,0,0"
23.983333333333334,243,AV,0,0,0,37,4925.450001742355,0.2,-0.051012073684237415,"0.1988376811594203,0.12243333333333334,0.15702777777777777,0.2,0.37,0.24336154068581314","0,0,0"
21.95,44,AV,1,0,0,52,898.3728471886773,0.1,-0.02195,"0.49707142857142855,0.20718384879725082,0.24088265306122453,0.1,0.52,0.044387700641524724","0,0,0"
33.95,160,AV,2,0,0,77,2780.081336731352,0.1,-0.03395,"0.845953405017921,0.3159224422442244,0.34171226415094336,0.1,0.77,0.1373610283526348","0,0,0"
80.11666666666666,233,AV,0,0,0,66,4687.914961676448,0.9,-0.7242497167445707,"0.7532932692307692,0.28468939393939396,0.3176201550387598,0.9,0.66,0.23162517278098077","0,0,0"
34.016666666666666,237,AV,2,0,0,70,4756.448820673547,0.4,-0.13606666666666667,"0.7850549645390071,0.29982262996941894,0.3343264604810996,0.4,0.7,0.23501136196344702","0,0,0"
28.1,8,AV,1,0,0,65,508.6019702527906,0.2,-0.05620000000000001,"0.7342544802867385,0.27566666666666667,0.30793402777777784,0.2,0.65,0.025129512843044734","0,0,0"
11.7,62,AV,2,0,0,3,1059.8377785859489,0.7,-0.08189999999999999,"0.051476190476190474,0.0694,0.10288888888888889,0.7,0.03,0.052365520832099985","0,0,0"
32.28333333333333,229,AV,1,0,0,72,4609.601315671212,0.8,-0.25826666666666664,"0.8168092592592592,0.30686666666666673,0.3369583333333333,0.8,0.72,0.2277557741388637","0,0,0"
21.283333333333335,55,AV,1,0,0,51,1011.0784796502788,0.3,-0.06385,"0.47384935897435904,0.197754295532646,0.232530303030303,0.3,0.51,0.04995637281363524","0,0,0"
22.966666666666665,165,AV,2,0,0,47,2853.537244729806,0.1,-0.022966666666666666,"0.3947268041237113,0.17623611111111115,0.20988596491228073,0.1,0.47,0.14099041103577145","0,0,0"
59.4,92,AV,0,0,0,55,1530.0661682302475,0.4,-0.247403497594715,"0.5597532679738563,0.23064920634920644,0.2648763440860215,0.4,0.55,0.07559903357460358","0,0,0"
15.55,189,AV,2,0,0,32,3465.4556083993225,0.1,-0.015550000000000001,"0.139946735395189,0.10325396825396826,0.13753911564625854,0.1,0.32,0.17122468317412964","0,0,0"
31.65,186,AV,1,0,0,65,3386.12741774329,0.2,-0.06330000000000001,"0.7342544802867385,0.27566666666666667,0.30793402777777784,0.2,0.65,0.16730515689916173","0,0,0"
38.166666666666664,24,AV,0,0,0,43,640.5426603936758,0.4,-0.17608431068553818,"0.3142045454545455,0.15444736842105264,0.18792450142450143,0.4,0.43,0.03164856990797825","0,0,0"
33.483333333333334,68,AV,2,0,0,70,1129.1321270070612,0.3,-0.10045,"0.7850549645390071,0.29982262996941894,0.3343264604810996,0.3,0.7,0.05578928503366858","0,0,0"
33.45,33,AV,2,0,0,64,767.6170681366935,0.9,-0.30105000000000004,"0.727340501792115,0.2721009174311927,0.3056428571428571,0.9,0.64,0.03792718884414417","0,0,0"
36.18333333333333,148,AV,2,0,0,100,2520.757475212996,0.2,-0.07236666666666666,"0.8919692556634304,0.325611620795107,0.3531477272727272,0.2,1.0,0.12454809665027725","0,0,0"
62.916666666666664,278,AV,0,0,0,57,8493.635575370567,0.5,-0.3163493615396171,"0.6057083333333333,0.2449115646258504,0.2793088235294118,0.5,0.57,0.41966200832712014","0,0,0"
13.9,283,AV,1,0,0,39,9667.367812467324,0.1,-0.013900000000000003,"0.21835909090909092,0.1274919871794872,0.16129651162790698,0.1,0.39,0.4776549400331427","0,0,0"
20.816666666666666,115,AV,2,0,0,42,1927.298426803608,0.2,-0.041633333333333335,"0.29785125448028676,0.14803166666666667,0.18405763239875392,0.2,0.42,0.09522588075045987","0,0,0"
22.45,65,AV,2,0,0,50,1089.3140785512585,0.7,-0.15714999999999998,"0.4497323717948718,0.19084615384615386,0.22634239130434786,0.7,0.5,0.05382191522667051","0,0,0"
80.16666666666667,276,AV,0,0,0,66,8029.700924090037,0.1,-0.08203473126107744,"0.7532932692307692,0.28468939393939396,0.3176201550387598,0.1,0.66,0.39673946287985623","0,0,0"
74.9,20,AV,0,0,0,65,626.2908344343901,0.4,-0.32355053412133467,"0.7342544802867385,0.27566666666666667,0.30793402777777784,0.4,0.65,0.030944401492541913","0,0,0"
32.1,192,AV,1,0,0,72,3558.5090095449787,0.3,-0.0963,"0.8168092592592592,0.30686666666666673,0.3369583333333333,0.3,0.72,0.17582235832276605","0,0,0"
13.15,221,AV,1,0,0,36,4376.119511966378,0.3,-0.03945,"0.18691194968553457,0.11817013888888887,0.1506938775510204,0.3,0.36,0.2162196725742125","0,0,0"
13.266666666666667,14,AV,1,0,0,39,583.3206434887895,0.9,-0.11940000000000002,"0.21835909090909092,0.1274919871794872,0.16129651162790698,0.9,0.39,0.028821287489073047","0,0,0"
17.3,296,AV,1,0,0,45,15387.119225735782,0.1,-0.017300000000000003,"0.35562,0.16522105263157896,0.19988730158730156,0.1,0.45,0.7602621161856702","0,0,0"
26.5,21,AV,2,0,0,53,627.4062491148882,0.3,-0.0795,"0.515615,0.21704285714285718,0.2505105263157894,0.3,0.53,0.0309995130123124","0,0,0"
22.6,12,AV,1,0,0,52,567.9518330451218,0.3,-0.0678,"0.49707142857142855,0.20718384879725082,0.24088265306122453,0.3,0.52,0.028061929991431995","0,0,0"
15.5,196,AV,0,0,0,30,3724.6301341612702,0.3,-0.0505272455142389,"0.12589719626168225,0.09819666666666667,0.1331899641577061,0.3,0.3,0.1840302363466582","0,0,0"
33.3,231,AV,1,0,0,83,4645.51881630073,0.3,-0.09989999999999999,"0.8681739926739929,0.3206462264150943,0.34630582524271847,0.3,0.83,0.2295304217929239","0,0,0"
16.95,183,AV,1,0,0,43,3323.1633986738134,0.3,-0.05084999999999999,"0.3142045454545455,0.15444736842105264,0.18792450142450143,0.3,0.43,0.16419416791681526","0,0,0"
24.116666666666667,250,AV,1,0,0,54,5354.15698790508,0.1,-0.024116666666666668,"0.5366072607260726,0.22470833333333332,0.2575038314176245,0.1,0.54,0.26454352255923097","0,0,0"
10.283333333333333,242,AV,2,0,0,0,4924.983441788647,0.2,-0.020566666666666667,"0.0,0.0,0.0,0.2,0.0,0.24333848842680805","0,0,0"
18.433333333333334,145,AV,1,0,0,45,2472.005569054355,0.2,-0.03686666666666667,"0.35562,0.16522105263157896,0.19988730158730156,0.2,0.45,0.12213931390150505","0,0,0"
8.433333333333334,285,AV,0,0,0,21,10751.672106064549,0.4,-0.035128465165110374,"0.06442380952380951,0.07813218390804598,0.11466987179487179,0.4,0.21,0.5312293268137855","0,0,0"
25.6,267,AV,1,0,0,57,6563.608435155774,0.2,-0.0512,"0.6057083333333333,0.2449115646258504,0.2793088235294118,0.2,0.57,0.3243013045859485","0,0,0"
22.3,166,AV,1,0,0,52,2857.8751728516777,0.9,-0.20070000000000002,"0.49707142857142855,0.20718384879725082,0.24088265306122453,0.9,0.52,0.14120474371009553","0,0,0"
13.366666666666667,134,AV,1,0,0,38,2239.194506681481,0.1,-0.013366666666666669,"0.20401014492753625,0.12369175627240145,0.15757789855072463,0.1,0.38,0.11063635299281217","0,0,0"
57.31666666666667,286,AV,0,0,0,54,10783.100237376317,0.4,-0.230657732285069,"0.5366072607260726,0.22470833333333332,0.2575038314176245,0.4,0.54,0.5327821592360418","0,0,0"
22.45,64,AV,0,0,0,36,1083.524948441525,0.3,-0.0811937052340835,"0.18691194968553457,0.11817013888888887,0.1506938775510204,0.3,0.36,0.053535880118764236","0,0,0"
30.233333333333334,214,AV,2,0,0,61,4200.245935785981,0.1,-0.030233333333333334,"0.650422514619883,0.2544255319148936,0.2880217391304348,0.1,0.61,0.2075299357075212","0,0,0"
27.166666666666668,159,AV,2,0,0,52,2767.495209174315,0.1,-0.02716666666666667,"0.49707142857142855,0.20718384879725082,0.24088265306122453,0.1,0.52,0.1367391604233156","0,0,0"
25.116666666666667,170,AV,1,0,0,56,2946.490055333797,0.1,-0.025116666666666666,"0.5826542553191488,0.238262996941896,0.27361168384879725,0.1,0.56,0.1455831161067115","0,0,0"
19.683333333333334,36,AV,2,0,0,44,779.0639592631991,0.2,-0.03936666666666667,"0.3385868055555556,0.16029513888888888,0.19491512345679016,0.2,0.44,0.0384927682449347","0,0,0"
29.4,124,AV,0,0,0,41,2105.159940183184,0.2,-0.06592534934457034,"0.25945412844036697,0.13620957095709568,0.1718759259259259,0.2,0.41,0.10401383959877876","0,0,0"
16.983333333333334,144,AV,2,0,0,41,2421.0391237858234,0.4,-0.06793333333333333,"0.25945412844036697,0.13620957095709568,0.1718759259259259,0.4,0.41,0.1196211129981477","0,0,0"
66.16666666666667,175,AV,0,0,0,59,3031.4508351358254,0.3,-0.20344812577071794,"0.6319598765432098,0.25045698924731186,0.285483164983165,0.3,0.59,0.14978094295769478","0,0,0"
38.15,289,AV,0,0,0,43,11515.391842589095,0.1,-0.03945260439288946,"0.3142045454545455,0.15444736842105264,0.18792450142450143,0.1,0.43,0.5689639524149042","0,0,0"
33.1,54,AV,1,0,0,79,985.0802174553831,0.7,-0.2317,"0.8544719471947194,0.3172361111111111,0.3421294498381877,0.7,0.79,0.04867182477423469","0,0,0"
29.55,121,AV,2,0,0,54,2030.86588445069,0.3,-0.08864999999999999,"0.5366072607260726,0.22470833333333332,0.2575038314176245,0.3,0.54,0.10034304487739054","0,0,0"
46.95,188,AV,0,0,0,47,3458.1247672483346,0.3,-0.14518761099138586,"0.3947268041237113,0.17623611111111115,0.20988596491228073,0.3,0.47,0.17086247367116114","0,0,0"
54.25,161,AV,0,0,0,52,2797.307504072895,0.7,-0.3851122992746274,"0.49707142857142855,0.20718384879725082,0.24088265306122453,0.7,0.52,0.13821215599028547","0,0,0"
85.2,230,AV,0,0,0,71,4635.813442599864,0.8,-0.6848356780931175,"0.8025203703703703,0.30457704402515723,0.3354519230769232,0.8,0.71,0.22905088902009327","0,0,0"
27.25,217,AV,2,0,0,56,4237.057085974603,0.9,-0.24525000000000002,"0.5826542553191488,0.238262996941896,0.27361168384879725,0.9,0.56,0.20934873768929974","0,0,0"
27.85,204,AV,2,0,0,56,3919.41152379869,0.1,-0.027850000000000003,"0.5826542553191488,0.238262996941896,0.27361168384879725,0.1,0.56,0.1936541892976206","0,0,0"
33.68333333333333,80,AV,2,0,0,76,1386.7650627050614,0.1,-0.033683333333333336,"0.8350204081632653,0.31420446735395186,0.34115238095238093,0.1,0.76,0.0685186697885022","0,0,0"
60.96666666666667,142,AV,0,0,0,56,2392.7441380289174,0.2,-0.12820228610667778,"0.5826542553191488,0.238262996941896,0.27361168384879725,0.2,0.56,0.1182230861528751","0,0,0"
14.383333333333333,59,AV,2,0,0,32,1025.7249596144625,0.2,-0.02876666666666667,"0.139946735395189,0.10325396825396826,0.13753911564625854,0.2,0.32,0.050680040687321244","0,0,0"
13.733333333333333,76,AV,0,0,0,28,1297.4303329633815,0.5,-0.08022798107322861,"0.10504692556634306,0.09286224489795919,0.12500673400673398,0.5,0.28,0.06410473046133508","0,0,0"
55.833333333333336,86,AV,0,0,0,53,1503.4428459110418,0.2,-0.12164376692079071,"0.515615,0.21704285714285718,0.2505105263157894,0.2,0.53,0.07428360194186243","0,0,0"
7.6,0,AV,1,0,0,18,388.2787303527966,0.3,-0.022799999999999997,"0.05892063492063492,0.07490952380952379,0.11279166666666667,0.3,0.18,0.01918446233354553","0,0,0"
18.866666666666667,245,AV,2,0,0,42,4959.361066312568,0.1,-0.01886666666666667,"0.29785125448028676,0.14803166666666667,0.18405763239875392,0.1,0.42,0.24503705234813514","0,0,0"
83.7,198,AV,0,0,0,68,3778.090807703549,0.4,-0.33877025925618703,"0.780822807017544,0.29490313390313383,0.3299393939393939,0.4,0.68,0.18667167456544997","0,0,0"
34.85,238,AV,2,0,0,73,4818.617258984985,0.1,-0.034850000000000006,"0.8294946236559139,0.31230882352941175,0.3390873015873016,0.1,0.73,0.2380830420990997","0,0,0"
15.5,150,AV,0,0,0,30,2538.843693606908,0.2,-0.036908201453193706,"0.12589719626168225,0.09819666666666667,0.1331899641577061,0.2,0.3,0.12544171854715278","0,0,0"
11.533333333333333,83,AV,2,0,0,20,1454.957177165027,0.4,-0.04613333333333333,"0.06124074074074075,0.0766276595744681,0.11318627450980392,0.4,0.2,0.07188797371641335","0,0,0"
8.316666666666666,178,AV,1,0,0,20,3097.4575811220984,0.1,-0.008316666666666667,"0.06124074074074075,0.0766276595744681,0.11318627450980392,0.1,0.2,0.15304227002287546","0,0,0"
18.083333333333332,104,AV,1,0,0,45,1649.648602545546,0.1,-0.018083333333333333,"0.35562,0.16522105263157896,0.19988730158730156,0.1,0.45,0.08150748162374356","0,0,0"
31.033333333333335,197,AV,0,0,0,41,3759.463069718096,0.8,-0.25225659813342927,"0.25945412844036697,0.13620957095709568,0.1718759259259259,0.8,0.41,0.18575129672910448","0,0,0"
13.033333333333333,181,AV,1,0,0,38,3197.7177395395383,0.1,-0.013033333333333334,"0.20401014492753625,0.12369175627240145,0.15757789855072463,0.1,0.38,0.15799602381455757","0,0,0"
33.516666666666666,194,AV,1,0,0,85,3608.770587345788,0.1,-0.03351666666666667,"0.8693014184397164,0.3214922118380062,0.347063973063973,0.1,0.85,0.17830573243205106","0,0,0"
23.016666666666666,37,AV,1,0,0,53,779.2240782816187,0.3,-0.06905,"0.515615,0.21704285714285718,0.2505105263157894,0.3,0.53,0.038500679564916006","0,0,0"
30.033333333333335,11,AV,2,0,0,58,566.7055292848979,0.1,-0.030033333333333335,"0.6292767584097859,0.2497964912280702,0.28422743055555555,0.1,0.58,0.02800035137361163","0,0,0"
11.216666666666667,13,AV,1,0,0,34,572.7967315704935,0.4,-0.044866666666666666,"0.15751428571428572,0.11085964912280699,0.14639,0.4,0.34,0.02830131156452355","0,0,0"
15.283333333333333,226,AV,1,0,0,41,4547.885280126284,0.1,-0.015283333333333333,"0.25945412844036697,0.13620957095709568,0.1718759259259259,0.1,0.41,0.2247064467698068","0,0,0"
5.066666666666666,176,AV,0,0,0,16,3032.1279287666234,0.4,-0.025213687489136234,"0.054679487179487174,0.07207936507936508,0.10589743589743589,0.4,0.16,0.14981439747436257","0,0,0"
25.95,52,AV,0,0,0,40,978.4447105201264,0.1,-0.041280452338003065,"0.24604320987654318,0.13266835016835019,0.16758422939068102,0.1,0.4,0.04834397103692658","0,0,0"
23.433333333333334,171,AV,1,0,0,54,2969.8754393798326,0.2,-0.04686666666666667,"0.5366072607260726,0.22470833333333332,0.2575038314176245,0.2,0.54,0.1467385644594426","0,0,0"
22.466666666666665,163,AV,0,0,0,36,2818.3733061874163,0.2,-0.05025555234778015,"0.18691194968553457,0.11817013888888887,0.1506938775510204,0.2,0.36,0.13925299612805134","0,0,0"
27.283333333333335,169,AV,2,0,0,56,2909.8477340427667,0.2,-0.05456666666666668,"0.5826542553191488,0.238262996941896,0.27361168384879725,0.2,0.56,0.1437726557913017","0,0,0"
27.85,50,AV,1,0,0,63,943.1907669438916,0.8,-0.22280000000000003,"0.709265,0.266480122324159,0.301507326007326,0.8,0.63,0.046602109070826375","0,0,0"
50.46666666666667,16,AV,0,0,0,49,595.9176043698985,0.9,-0.4793712651044442,"0.4355724637681158,0.18646969696969698,0.22268537414965986,0.9,0.49,0.029443690682060725","0,0,0"
12.1,187,AV,0,0,0,26,3393.6426315430986,0.9,-0.11332002933973617,"0.08543030303030302,0.08424175824175827,0.12019696969696973,0.9,0.26,0.16767647606964517","0,0,0"
59.13333333333333,91,AV,0,0,0,55,1528.3774584247917,0.3,-0.18721432951481737,"0.5597532679738563,0.23064920634920644,0.2648763440860215,0.3,0.55,0.07551559611815158","0,0,0"
31.683333333333334,113,AV,1,0,0,69,1848.7234685638712,0.3,-0.09505000000000001,"0.7839616666666668,0.2972863636363637,0.3304185185185185,0.3,0.69,0.09134357093312716","0,0,0"
45.28333333333333,153,AV,0,0,0,46,2675.3892374750885,0.2,-0.09617332748068576,"0.3752928348909657,0.1702978723404255,0.20522222222222222,0.2,0.46,0.13218829681264888","0,0,0"
9.65,264,AV,1,0,0,26,6230.691172258436,0.2,-0.0193,"0.08543030303030302,0.08424175824175827,0.12019696969696973,0.2,0.26,0.3078521967905309","0,0,0"
32.083333333333336,118,AV,1,0,0,70,1950.0200213032829,0.2,-0.06416666666666668,"0.7850549645390071,0.29982262996941894,0.3343264604810996,0.2,0.7,0.09634853192798135","0,0,0"
17.45,100,AV,1,0,0,45,1594.6992934726818,0.2,-0.0349,"0.35562,0.16522105263157896,0.19988730158730156,0.2,0.45,0.07879249141759738","0,0,0"
82.16666666666667,79,AV,0,0,0,67,1348.5865378412918,0.2,-0.17545609007092527,"0.7715133333333333,0.29079385964912274,0.32636821705426367,0.2,0.67,0.0666323071965214","0,0,0"
36.53333333333333,27,AV,0,0,0,42,676.2529471816457,0.1,-0.05871438269143824,"0.29785125448028676,0.14803166666666667,0.18405763239875392,0.1,0.42,0.033412979334117666","0,0,0"
30.666666666666668,69,AV,2,0,0,63,1141.0395517097602,0.8,-0.24533333333333338,"0.709265,0.266480122324159,0.301507326007326,0.8,0.63,0.056377618936200136","0,0,0"
18.4,241,AV,1,0,0,46,4889.272753955773,0.3,-0.0552,"0.3752928348909657,0.1702978723404255,0.20522222222222222,0.3,0.46,0.24157405918544247","0,0,0"
64.35,126,AV,0,0,0,57,2108.868816674547,0.1,-0.07146281796259539,"0.6057083333333333,0.2449115646258504,0.2793088235294118,0.1,0.57,0.10419709146344741","0,0,0"
25.383333333333333,25,AV,2,0,0,50,650.412147456106,0.1,-0.025383333333333338,"0.4497323717948718,0.19084615384615386,0.22634239130434786,0.1,0.5,0.03213621135727569","0,0,0"
22.55,252,AV,2,0,0,48,5502.789496653042,0.4,-0.0902,"0.41914695340501795,0.18346261682242992,0.2207583333333333,0.4,0.48,0.27188730562719554","0,0,0"
14.383333333333333,31,AV,1,0,0,39,743.7818724069466,0.4,-0.05753333333333334,"0.21835909090909092,0.1274919871794872,0.16129651162790698,0.4,0.39,0.03674951574761752","0,0,0"
25.9,290,AV,2,0,0,54,11940.25564443948,0.6,-0.1554,"0.5366072607260726,0.22470833333333332,0.2575038314176245,0.6,0.54,0.5899560464090298","0,0,0"
26.233333333333334,218,AV,1,0,0,61,4266.216809230351,0.8,-0.2098666666666667,"0.650422514619883,0.2544255319148936,0.2880217391304348,0.8,0.61,0.2107894903464134","0,0,0"
15.0,88,AV,1,0,0,41,1517.942512651984,0.3,-0.045,"0.25945412844036697,0.13620957095709568,0.1718759259259259,0.3,0.41,0.07500001592155126","0,0,0"
19.133333333333333,177,AV,0,0,0,32,3064.640983136323,0.2,-0.043161204096186116,"0.139946735395189,0.10325396825396826,0.13753911564625854,0.2,0.32,0.1514208348559242","0,0,0"
22.883333333333333,215,AV,1,0,0,52,4223.122456076251,0.1,-0.022883333333333335,"0.49707142857142855,0.20718384879725082,0.24088265306122453,0.1,0.52,0.20866024161284988","0,0,0"
20.9,279,AV,0,0,0,32,8981.750106371177,0.7,-0.14797005314358053,"0.139946735395189,0.10325396825396826,0.13753911564625854,0.7,0.32,0.4437792573608979","0,0,0"
10.366666666666667,87,AV,0,0,0,22,1507.5005543882637,0.3,-0.04105024509698235,"0.06577777777777778,0.07838333333333333,0.11517500000000001,0.3,0.22,0.07448408924481369","0,0,0"
39.983333333333334,227,AV,0,0,0,43,4549.070920567666,0.1,-0.04328070993218579,"0.3142045454545455,0.15444736842105264,0.18792450142450143,0.1,0.43,0.22476502807393375","0,0,0"
30.333333333333332,261,AV,2,0,0,63,6007.794801579103,0.4,-0.12133333333333335,"0.709265,0.266480122324159,0.301507326007326,0.4,0.63,0.29683911084658465","0,0,0"
30.6,106,AV,2,0,0,62,1664.0464513081895,0.2,-0.061200000000000004,"0.6665704022988506,0.2585033333333333,0.29244444444444445,0.2,0.62,0.08221886487932402","0,0,0"
29.7,225,AV,2,0,0,62,4504.939201911708,0.4,-0.1188,"0.6665704022988506,0.2585033333333333,0.29244444444444445,0.4,0.62,0.2225845241521748","0,0,0"
83.63333333333334,297,AV,0,0,0,70,16390.717038727882,0.4,-0.3354484854871139,"0.7850549645390071,0.29982262996941894,0.3343264604810996,0.4,0.7,0.8098488767684134","0,0,0"
11.933333333333334,119,AV,1,0,0,34,1986.5043233563797,0.2,-0.023866666666666668,"0.15751428571428572,0.11085964912280699,0.14639,0.2,0.34,0.09815118467145603","0,0,0"
16.15,15,AV,2,0,0,35,591.6693204447811,0.6,-0.09689999999999999,"0.16804874213836477,0.11439513108614234,0.14802063492063494,0.6,0.35,0.02923378723751827","0,0,0"
10.0,213,AV,1,0,0,26,4164.701887555128,0.7,-0.06999999999999999,"0.08543030303030302,0.08424175824175827,0.12019696969696973,0.7,0.26,0.20577373996162773","0,0,0"
27.283333333333335,185,AV,1,0,0,62,3368.9508766880413,0.6,-0.1637,"0.6665704022988506,0.2585033333333333,0.29244444444444445,0.6,0.62,0.16645648124650464","0,0,0"
19.883333333333333,146,AV,2,0,0,43,2486.38103050259,0.2,-0.03976666666666667,"0.3142045454545455,0.15444736842105264,0.18792450142450143,0.2,0.43,0.12284959102235175","0,0,0"
32.18333333333333,205,AV,2,0,0,66,3942.222625638348,0.2,-0.06436666666666667,"0.7532932692307692,0.28468939393939396,0.3176201550387598,0.2,0.66,0.19478126294296802","0,0,0"
10.116666666666667,282,AV,1,0,0,29,9095.945853089892,0.2,-0.020233333333333336,"0.10875577557755774,0.09393954248366013,0.1253487972508591,0.2,0.29,0.44942155458275634","0,0,0"
26.8,30,AV,1,0,0,61,743.7553910389753,0.2,-0.05360000000000001,"0.650422514619883,0.2544255319148936,0.2880217391304348,0.2,0.61,0.036748207329806624","0,0,0"
33.11666666666667,162,AV,1,0,0,80,2815.231094880572,0.3,-0.09935,"0.8577464539007091,0.31845261437908495,0.3446057692307692,0.3,0.8,0.1390977426213619","0,0,0"
25.95,149,AV,0,0,0,38,2533.2754137277425,0.2,-0.05782118800771344,"0.20401014492753625,0.12369175627240145,0.15757789855072463,0.2,0.38,0.12516659542746134","0,0,0"
76.55,224,AV,0,0,0,65,4434.023444374438,0.3,-0.23303293204539338,"0.7342544802867385,0.27566666666666667,0.30793402777777784,0.3,0.65,0.21908064775365965","0,0,0"
26.05,248,AV,1,0,0,59,5307.329693361759,0.5,-0.13025,"0.6319598765432098,0.25045698924731186,0.285483164983165,0.5,0.59,0.2622298329385507","0,0,0"
19.8,125,AV,1,0,0,49,2105.6010448069283,0.4,-0.0792,"0.4355724637681158,0.18646969696969698,0.22268537414965986,0.4,0.49,0.104035634135481","0,0,0"
23.45,272,AV,2,0,0,51,7336.658338656486,0.1,-0.02345,"0.47384935897435904,0.197754295532646,0.232530303030303,0.1,0.51,0.3624969243722426","0,0,0"
12.1,258,AV,1,0,0,35,5882.279762541917,0.8,-0.0968,"0.16804874213836477,0.11439513108614234,0.14802063492063494,0.8,0.35,0.29063753875296394","0,0,0"
39.983333333333334,3,AV,0,0,0,43,437.8567856598078,0.2,-0.11422444339015961,"0.3142045454545455,0.15444736842105264,0.18792450142450143,0.2,0.43,0.021634064282494894","0,0,0"
21.466666666666665,180,AV,2,0,0,46,3158.0604616132755,0.1,-0.021466666666666665,"0.3752928348909657,0.1702978723404255,0.20522222222222222,0.1,0.46,0.1560365975180513","0,0,0"
21.25,108,AV,2,0,0,41,1684.196745492046,0.1,-0.02125,"0.25945412844036697,0.13620957095709568,0.1718759259259259,0.1,0.41,0.08321447068917306","0,0,0"
32.86666666666667,260,AV,0,0,0,41,5960.007005011629,0.1,-0.035383442232095844,"0.25945412844036697,0.13620957095709568,0.1718759259259259,0.1,0.41,0.29447796378499097","0,0,0"
24.4,75,AV,2,0,0,50,1279.3396024785957,0.6,-0.1464,"0.4497323717948718,0.19084615384615386,0.22634239130434786,0.6,0.5,0.06321088562657848","0,0,0"
11.516666666666667,105,AV,2,0,0,23,1659.6531244520008,0.9,-0.10365000000000002,"0.06966666666666667,0.07997619047619046,0.116243961352657,0.9,0.23,0.08200179500914358","0,0,0"
73.06666666666666,203,AV,0,0,0,63,3866.930621896856,0.1,-0.07694571221122883,"0.709265,0.266480122324159,0.301507326007326,0.1,0.63,0.19106116061214143","0,0,0"
18.683333333333334,253,AV,1,0,0,47,5557.427333357366,0.1,-0.018683333333333333,"0.3947268041237113,0.17623611111111115,0.20988596491228073,0.1,0.47,0.27458690629625127","0,0,0"
23.383333333333333,70,AV,2,0,0,49,1148.9174546898266,0.3,-0.07015,"0.4355724637681158,0.18646969696969698,0.22268537414965986,0.3,0.49,0.05676685821503235","0,0,0"
11.266666666666667,184,AV,1,0,0,34,3352.9358316496982,0.1,-0.011266666666666668,"0.15751428571428572,0.11085964912280699,0.14639,0.1,0.34,0.16566519394619603","0,0,0"
31.2,61,AV,1,0,0,66,1047.1205397958274,0.9,-0.2808,"0.7532932692307692,0.28468939393939396,0.3176201550387598,0.9,0.66,0.051737174828356464","0,0,0"
34.61666666666667,34,AV,0,0,0,42,776.0711537761008,0.5,-0.19241145798661424,"0.29785125448028676,0.14803166666666667,0.18405763239875392,0.5,0.42,0.03834489672983343","0,0,0"
27.983333333333334,81,AV,1,0,0,64,1446.9812594843625,0.4,-0.11193333333333333,"0.727340501792115,0.2721009174311927,0.3056428571428571,0.4,0.64,0.07149389162960644","0,0,0"
27.766666666666666,39,AV,1,0,0,63,816.2772675203604,0.3,-0.0833,"0.709265,0.266480122324159,0.301507326007326,0.3,0.63,0.04033144045321521","0,0,0"
35.71666666666667,18,AV,2,0,0,76,601.3137559373858,0.3,-0.10715000000000001,"0.8350204081632653,0.31420446735395186,0.34115238095238093,0.3,0.76,0.029710309114645228","0,0,0"
36.43333333333333,40,AV,0,0,0,42,825.4433072334436,0.1,-0.05460538690570284,"0.29785125448028676,0.14803166666666667,0.18405763239875392,0.1,0.42,0.040784325275063815","0,0,0"
82.23333333333333,294,AV,0,0,0,66,13460.811009378149,0.4,-0.33004767926609696,"0.7532932692307692,0.28468939393939396,0.3176201550387598,0.4,0.66,0.6650851607394264","0,0,0"
20.45,72,AV,2,0,0,44,1200.7903182940884,0.1,-0.02045,"0.3385868055555556,0.16029513888888888,0.19491512345679016,0.1,0.44,0.05932984433854443","0,0,0"
69.61666666666666,138,AV,0,0,0,62,2318.1098695731453,0.1,-0.07608745573360683,"0.6665704022988506,0.2585033333333333,0.29244444444444445,0.1,0.62,0.11453548186231685","0,0,0"
22.35,71,AV,1,0,0,51,1150.4391077840953,0.1,-0.022350000000000002,"0.47384935897435904,0.197754295532646,0.232530303030303,0.1,0.51,0.056842041567067104","0,0,0"
32.4,58,AV,1,0,0,73,1022.032321197676,0.2,-0.06480000000000001,"0.8294946236559139,0.31230882352941175,0.3390873015873016,0.2,0.73,0.05049759112961852","0,0,0"
12.25,200,AV,0,0,0,24,3803.247088152212,0.9,-0.1141939982868133,"0.07371333333333334,0.08131395348837209,0.11711507936507937,0.9,0.24,0.18791462113190488","0,0,0"
14.533333333333333,262,AV,1,0,0,40,6081.635477498837,0.6,-0.0872,"0.24604320987654318,0.13266835016835019,0.16758422939068102,0.6,0.4,0.3004875045265025","0,0,0"
28.183333333333334,60,AV,2,0,0,57,1040.734547163155,0.4,-0.11273333333333334,"0.6057083333333333,0.2449115646258504,0.2793088235294118,0.4,0.57,0.05142164934229008","0,0,0"
6.883333333333334,4,AV,0,0,0,17,449.0833195935783,0.1,-0.04028470752281568,"0.05539898989898989,0.07309333333333333,0.10828431372549022,0.1,0.17,0.022188756055575014","0,0,0"
29.6,201,AV,1,0,0,65,3824.993837156676,0.7,-0.20720000000000002,"0.7342544802867385,0.27566666666666667,0.30793402777777784,0.7,0.65,0.18898910617200515","0,0,0"
14.916666666666666,219,AV,1,0,0,40,4281.8327360815,0.4,-0.05966666666666667,"0.24604320987654318,0.13266835016835019,0.16758422939068102,0.4,0.4,0.21156105761770602","0,0,0"
54.11666666666667,116,AV,0,0,0,52,1942.5668635563816,0.4,-0.22418840859555894,"0.49707142857142855,0.20718384879725082,0.24088265306122453,0.4,0.52,0.09598027888478354","0,0,0"
76.6,275,AV,0,0,0,65,7658.5640246764915,0.1,-0.07855859170879408,"0.7342544802867385,0.27566666666666667,0.30793402777777784,0.1,0.65,0.37840196120697644","0,0,0"
88.66666666666667,66,AV,0,0,0,86,1100.389953660579,0.3,-0.27963153121318557,"0.8744340277777779,0.3226336477987421,0.3486224489795919,0.3,0.86,0.05436916309845774","0,0,0"
73.16666666666667,139,AV,0,0,0,63,2326.172138461347,0.1,-0.07961502865673065,"0.709265,0.266480122324159,0.301507326007326,0.1,0.63,0.11493383047561351","0,0,0"
11.116666666666667,265,AV,2,0,0,13,6427.339783247283,0.3,-0.033350000000000005,"0.053206349206349215,0.0712156862745098,0.10223809523809525,0.3,0.13,0.3175684072742515","0,0,0"
16.133333333333333,85,AV,1,0,0,42,1474.807688008607,0.1,-0.016133333333333333,"0.29785125448028676,0.14803166666666667,0.18405763239875392,0.1,0.42,0.07286876753232566","0,0,0"
24.566666666666666,293,AV,1,0,0,55,13351.937436366714,0.4,-0.09826666666666667,"0.5597532679738563,0.23064920634920644,0.2648763440860215,0.4,0.55,0.6597058267783346","0,0,0"
32.083333333333336,51,AV,1,0,0,71,954.0002559944874,0.2,-0.06416666666666668,"0.8025203703703703,0.30457704402515723,0.3354519230769232,0.2,0.71,0.04713619507483592","0,0,0"
29.666666666666668,77,AV,2,0,0,61,1310.9401185904849,0.3,-0.08900000000000001,"0.650422514619883,0.2544255319148936,0.2880217391304348,0.3,0.61,0.06477223540877823","0,0,0"
19.866666666666667,157,AV,1,0,0,47,2758.442965787371,0.2,-0.039733333333333336,"0.3947268041237113,0.17623611111111115,0.20988596491228073,0.2,0.47,0.13629189816371895","0,0,0"
24.35,6,AV,2,0,0,51,497.26542980048754,0.9,-0.21915,"0.47384935897435904,0.197754295532646,0.232530303030303,0.9,0.51,0.024569385758302514","0,0,0"
69.76666666666667,167,AV,0,0,0,62,2891.134206742707,0.5,-0.35402160856629106,"0.6665704022988506,0.2585033333333333,0.29244444444444445,0.5,0.62,0.14284803919103217","0,0,0"
31.016666666666666,271,AV,0,0,0,41,7332.887514065835,0.2,-0.06407891223676355,"0.25945412844036697,0.13620957095709568,0.1718759259259259,0.2,0.41,0.3623106117141683","0,0,0"
31.466666666666665,56,AV,1,0,0,70,1014.5614647146556,0.4,-0.12586666666666665,"0.7850549645390071,0.29982262996941894,0.3343264604810996,0.4,0.7,0.05012846360963409","0,0,0"
45.21666666666667,130,AV,0,0,0,46,2198.5025098873134,0.4,-0.18768949262776546,"0.3752928348909657,0.1702978723404255,0.20522222222222222,0.4,0.46,0.10862580227563756","0,0,0"
27.066666666666666,9,AV,2,0,0,51,541.9839687696077,0.3,-0.0812,"0.47384935897435904,0.197754295532646,0.232530303030303,0.3,0.51,0.02677888388271631","0,0,0"
21.216666666666665,193,AV,1,0,0,51,3583.4963710051925,0.3,-0.06364999999999998,"0.47384935897435904,0.197754295532646,0.232530303030303,0.3,0.51,0.17705695877155342","0,0,0"
17.266666666666666,236,AV,0,0,0,31,4754.245589533712,0.1,-0.020421741371478282,"0.13458333333333333,0.10170192307692305,0.1368244680851064,0.1,0.31,0.234902502524312","0,0,0"
27.766666666666666,155,AV,0,0,0,40,2747.619709803412,0.4,-0.1165259374480199,"0.24604320987654318,0.13266835016835019,0.16758422939068102,0.4,0.4,0.13575713194935043","0,0,0"
90.55,202,AV,0,0,0,86,3849.958431883558,0.6,-0.5471961459624543,"0.8744340277777779,0.3226336477987421,0.3486224489795919,0.6,0.86,0.19022258173935064","0,0,0"
23.983333333333334,48,AV,1,0,0,54,932.0432837729122,0.1,-0.023983333333333336,"0.5366072607260726,0.22470833333333332,0.2575038314176245,0.1,0.54,0.04605132311658888","0,0,0"
33.516666666666666,7,AV,2,0,0,69,506.5869000089976,0.1,-0.03351666666666667,"0.7839616666666668,0.2972863636363637,0.3304185185185185,0.1,0.69,0.025029950244917432","0,0,0"
71.5,212,AV,0,0,0,62,4159.866430607663,0.4,-0.28960588500862244,"0.6665704022988506,0.2585033333333333,0.29244444444444445,0.4,0.62,0.20553482488742356","0,0,0"
52.31666666666667,120,AV,0,0,0,50,2011.9739719035176,0.2,-0.11208869816879818,"0.4497323717948718,0.19084615384615386,0.22634239130434786,0.2,0.5,0.09940961444111464","0,0,0"
85.28333333333333,220,AV,0,0,0,70,4343.557359248321,0.4,-0.3445867238976508,"0.7850549645390071,0.29982262996941894,0.3343264604810996,0.4,0.7,0.21461080929254078","0,0,0"
33.833333333333336,94,AV,2,0,0,71,1564.4426034616197,0.5,-0.1691666666666667,"0.8025203703703703,0.30457704402515723,0.3354519230769232,0.5,0.71,0.07729753873417955","0,0,0"
7.483333333333333,259,AV,1,0,0,17,5913.041300376779,0.1,-0.007483333333333334,"0.05539898989898989,0.07309333333333333,0.10828431372549022,0.1,0.17,0.2921574354606168","0,0,0"
31.75,57,AV,1,0,0,69,1020.5842314575186,0.4,-0.127,"0.7839616666666668,0.2972863636363637,0.3304185185185185,0.4,0.69,0.050426042469071494","0,0,0"
25.2,99,AV,1,0,0,56,1592.6375082496468,0.1,-0.0252,"0.5826542553191488,0.238262996941896,0.27361168384879725,0.1,0.56,0.0786906206792357","0,0,0"
13.716666666666667,132,AV,2,0,0,29,2218.0502812558643,0.4,-0.05486666666666667,"0.10875577557755774,0.09393954248366013,0.1253487972508591,0.4,0.29,0.10959163803796217","0,0,0"
20.9,179,AV,1,0,0,50,3132.463358685509,0.3,-0.06269999999999999,"0.4497323717948718,0.19084615384615386,0.22634239130434786,0.3,0.5,0.15477187035537765","0,0,0"
23.3,284,AV,2,0,0,50,10426.353459350525,0.3,-0.0699,"0.4497323717948718,0.19084615384615386,0.22634239130434786,0.3,0.5,0.5151556590169055","0,0,0"
17.3,223,AV,0,0,0,30,4429.527615460413,0.2,-0.037986365613264364,"0.12589719626168225,0.09819666666666667,0.1331899641577061,0.2,0.3,0.2188585133596875","0,0,0"
32.983333333333334,103,AV,0,0,0,41,1639.6236094811811,0.4,-0.1410817744226553,"0.25945412844036697,0.13620957095709568,0.1718759259259259,0.4,0.41,0.08101215677897904","0,0,0"
9.1,211,AV,1,0,0,23,4135.471393234625,0.3,-0.027299999999999998,"0.06966666666666667,0.07997619047619046,0.116243961352657,0.3,0.23,0.20432949057724065","0,0,0"
61.016666666666666,107,AV,0,0,0,55,1682.490559712908,0.9,-0.5580653546291277,"0.5597532679738563,0.23064920634920644,0.2648763440860215,0.9,0.55,0.08313016976240285","0,0,0"
12.616666666666667,10,AV,1,0,0,35,546.8646928603165,0.4,-0.050466666666666674,"0.16804874213836477,0.11439513108614234,0.14802063492063494,0.4,0.35,0.027020035561031403","0,0,0"
8.433333333333334,127,AV,0,0,0,22,2131.3254046090938,0.3,-0.032337874163917806,"0.06577777777777778,0.07838333333333333,0.11517500000000001,0.3,0.22,0.10530664893258515","0,0,0"
26.2,42,AV,1,0,0,57,832.3173438658397,0.8,-0.2096,"0.6057083333333333,0.2449115646258504,0.2793088235294118,0.8,0.57,0.04112396452528438","0,0,0"
21.816666666666666,67,AV,2,0,0,43,1104.4445206976068,0.2,-0.043633333333333336,"0.3142045454545455,0.15444736842105264,0.18792450142450143,0.2,0.43,0.05456949518600221","0,0,0"
32.63333333333333,164,AV,1,0,0,74,2850.5966631146844,0.1,-0.032633333333333334,"0.8327916666666667,0.31293097643097634,0.3393031746031746,0.1,0.74,0.14084511984976505","0,0,0"
86.9,158,AV,0,0,0,77,2761.3662775036096,0.1,-0.09233209356983989,"0.845953405017921,0.3159224422442244,0.34171226415094336,0.1,0.77,0.13643633606135613","0,0,0"
19.95,38,AV,2,0,0,43,807.7368269013535,0.3,-0.059849999999999993,"0.3142045454545455,0.15444736842105264,0.18792450142450143,0.3,0.43,0.039909465854662395","0,0,0"
45.266666666666666,151,AV,0,0,0,46,2619.168197182975,0.4,-0.18679367572860212,"0.3752928348909657,0.1702978723404255,0.20522222222222222,0.4,0.46,0.1294104716434546","0,0,0"
