travel_time,id,kind,action,origin,destination,start_time,income,urgency,reward,observation,cost_table
26.883333333333333,146,AV,1,0,0,43,2280.385817754286,0.1,-2.1500041637195553,"0.21980303030303028,0.2512008928571428,0.3169308943089431,0.1,0.43,0.1126715743273096","0,0,0"
30.383333333333333,7,AV,1,0,0,58,546.8646928603165,0.1,-1.0214991178637867,"0.23330555555555552,0.2618692528735632,0.3565958333333334,0.1,0.58,0.027020035561031403","0,0,0"
20.433333333333334,111,AV,2,0,0,2,1661.9571573900298,0.5,-5.378507467912829,"0.2584393939393939,0.29834453781512604,0.37621768707482994,0.5,0.02,0.08211563496394797","0,0,0"
33.166666666666664,198,AV,2,0,0,50,3465.4556083993225,0.2,-6.8956438090864065,"0.24767307692307688,0.28123387096774194,0.36452083333333335,0.2,0.5,0.17122468317412964","0,0,0"
31.616666666666667,288,AV,1,0,0,61,11185.875164713363,1.0,-89.91001660083018,"0.3257651515151516,0.29781066666666667,0.3704767441860466,1.0,0.61,0.5526828641120808","0,0,0"
21.333333333333332,61,AV,1,0,0,27,1022.032321197676,0.4,-2.804273170661659,"0.21402,0.233172131147541,0.33038034188034177,0.4,0.27,0.05049759112961852","0,0,0"
19.066666666666666,108,AV,0,0,0,29,1645.9523587482854,0.1,-1.6142801401380633,"0.26485714285714285,0.24971544715447155,0.3376616161616161,0.1,0.29,0.0813248539278105","0,0,0"
15.716666666666667,47,AV,1,0,0,6,912.6272274022258,0.1,-0.9641224934344692,"0.23384666666666667,0.2721106321839081,0.3490736434108526,0.1,0.06,0.04509199526010037","0,0,0"
34.416666666666664,231,AV,2,0,0,51,4639.089550420253,0.2,-9.154451267759109,"0.25345833333333334,0.27109243697478985,0.3403076923076923,0.2,0.51,0.22921275821911885","0,0,0"
29.183333333333334,213,AV,1,0,0,55,3898.759045987068,0.1,-3.4751155970047796,"0.2665486111111111,0.275909604519774,0.37882986111111117,0.1,0.55,0.19263377109878843","0,0,0"
43.416666666666664,255,AV,2,0,0,81,5702.616109653807,0.3,-19.84742477521233,"0.27438383838383834,0.27638115942028985,0.3409429824561404,0.3,0.81,0.28176053800041856","0,0,0"
41.166666666666664,267,AV,2,0,0,86,6783.106781750961,0.1,-8.142175976382523,"0.26794642857142853,0.270693215339233,0.3551452991452992,0.1,0.86,0.33514649757064985","0,0,0"
29.133333333333333,221,AV,1,0,0,53,4164.701887555128,0.2,-6.729774986470004,"0.2171351351351351,0.25345911949685535,0.3220709219858156,0.2,0.53,0.20577373996162773","0,0,0"
44.11666666666667,112,AV,0,0,0,99,1682.490559712908,0.7,-13.942520073855416,"0.24056666666666665,0.2906694214876033,0.3377878787878788,0.7,0.99,0.08313016976240285","0,0,0"
15.133333333333333,72,AV,1,0,0,8,1239.4416864014672,0.4,-2.4965487264184043,"0.23470666666666662,0.26317063492063497,0.35463636363636364,0.4,0.08,0.0612395696405775","0,0,0"
45.583333333333336,45,AV,2,0,0,87,898.3728471886773,1.0,-11.431832381974043,"0.255087962962963,0.2405116959064328,0.31597083333333326,1.0,0.87,0.044387700641524724","0,0,0"
44.1,280,AV,0,0,0,100,8348.421721831439,0.1,-10.118890568403193,"0.28988888888888886,0.2903577586206897,0.35790243902439023,0.1,1.0,0.41248713758156286","0,0,0"
29.3,74,AV,2,0,0,39,1260.6549751070208,0.2,-2.956228645385642,"0.2623947368421053,0.2689226190476191,0.31988518518518516,0.2,0.39,0.0622876969427672","0,0,0"
32.766666666666666,212,AV,0,0,0,61,3822.7735841463273,0.3,-10.311144239837978,"0.3035769230769231,0.296509090909091,0.3643089430894309,0.3,0.61,0.1888794056993337","0,0,0"
22.35,263,AV,0,0,0,39,6230.691172258436,0.5,-18.404606239289908,"0.2897107843137255,0.29817528735632187,0.3810875000000001,0.5,0.39,0.3078521967905309","0,0,0"
22.35,283,AV,0,0,0,42,8987.822610831106,0.2,-10.96712977980178,"0.24230208333333336,0.26505396825396826,0.3330157232704402,0.2,0.42,0.4440792937110115","0,0,0"
25.833333333333332,279,AV,1,0,0,42,8333.728817076937,0.2,-11.475044992381525,"0.1674345238095238,0.21528151260504205,0.3078449612403101,0.2,0.42,0.4117611759055859","0,0,0"
38.05,294,AV,1,0,0,92,16390.717038727882,1.0,-158.093525910403,"0.2377797619047619,0.27135735735735733,0.33242857142857146,1.0,0.92,0.8098488767684134","0,0,0"
12.633333333333333,30,AV,1,0,0,1,753.5670156580491,0.2,-1.0827252376673409,"0.22887499999999997,0.24493333333333336,0.32539639639639634,0.2,0.01,0.03723298985385701","0,0,0"
29.216666666666665,249,AV,1,0,0,53,5370.167679594476,0.5,-20.412317879042753,"0.2505178571428571,0.24295277777777777,0.3199166666666666,0.5,0.53,0.26533459476493776","0,0,0"
28.316666666666666,137,AV,1,0,0,53,2142.030696222753,0.2,-3.6653063445811935,"0.22954022988505748,0.27119242424242423,0.33290740740740743,0.2,0.53,0.10583558664582342","0,0,0"
35.766666666666666,51,AV,1,0,0,89,932.1411738504048,1.0,-9.02100048812697,"0.21632291666666667,0.2515731707317073,0.3117647058823529,1.0,0.89,0.046056159767061025","0,0,0"
16.833333333333332,210,AV,1,0,0,14,3778.090807703549,0.1,-2.207920574385768,"0.209,0.24790517241379312,0.3611291666666666,0.1,0.14,0.18667167456544997","0,0,0"
38.5,177,AV,1,0,0,95,2968.817229463249,0.1,-3.4882640442003816,"0.23376190476190475,0.26421363636363643,0.34183333333333343,0.1,0.95,0.1466862793696381","0,0,0"
23.133333333333333,37,AV,2,0,0,4,827.3783452591958,0.4,-3.02404921794573,"0.19761904761904758,0.2504939393939395,0.320162962962963,0.4,0.04,0.040879933561629736","0,0,0"
30.866666666666667,46,AV,2,0,0,27,905.8209551718018,0.2,-2.502818681362102,"0.27012222222222215,0.2823660714285714,0.3635798611111111,0.2,0.27,0.044755704180963","0,0,0"
29.7,207,AV,2,0,0,29,3630.005597296026,0.6,-17.425739147832115,"0.22916666666666669,0.25894057971014495,0.3484280303030303,0.6,0.29,0.17935493295913799","0,0,0"
42.75,76,AV,0,0,0,97,1275.6237969650936,0.3,-4.953066175171042,"0.20724324324324322,0.23583630952380952,0.3025808080808081,0.3,0.97,0.06302729140588091","0,0,0"
13.65,125,AV,1,0,0,3,1963.0347272178835,0.7,-5.338478813173454,"0.18781481481481477,0.25234188034188043,0.3306524822695035,0.7,0.03,0.09699157548376398","0,0,0"
24.916666666666668,21,AV,1,0,0,45,640.5426603936758,0.1,-1.004949009363866,"0.22321212121212125,0.2584909090909091,0.3514042553191489,0.1,0.45,0.03164856990797825","0,0,0"
13.75,22,AV,0,0,0,23,658.4091024775607,0.1,-1.0503988316935975,"0.24328787878787883,0.273008547008547,0.3310757575757576,0.1,0.23,0.032531332877974904","0,0,0"
28.966666666666665,144,AV,1,0,0,56,2255.9253983027734,0.2,-3.902249264924428,"0.22288405797101443,0.27363151041666667,0.35137606837606833,0.2,0.56,0.11146300955425625","0,0,0"
37.25,79,AV,2,0,0,58,1317.647826688136,0.1,-2.3301680393973,"0.22498684210526318,0.261476811594203,0.32946296296296296,0.1,0.58,0.06510365653304864","0,0,0"
11.666666666666666,16,AV,1,0,0,0,614.9217871931492,0.2,-0.9642416123865356,"0.24534313725490192,0.25351139601139605,0.32513392857142853,0.2,0.0,0.030382668279986823","0,0,0"
42.8,66,AV,2,0,0,72,1117.0806745336297,0.1,-2.2980637799504886,"0.2604354838709677,0.2731048850574712,0.3636434108527132,0.1,0.72,0.055193834863552414","0,0,0"
16.8,81,AV,1,0,0,18,1338.7213376931895,0.3,-2.3057411170640596,"0.20168333333333333,0.23735080645161286,0.3318240740740741,0.3,0.18,0.06614487755935793","0,0,0"
45.833333333333336,156,AV,2,0,0,90,2476.7673195544394,0.1,-3.957342802076898,"0.22445833333333337,0.2650693215339233,0.3404675925925926,0.1,0.9,0.12237458721412664","0,0,0"
17.5,282,AV,0,0,0,28,8981.750106371177,0.5,-20.667823305138334,"0.2728333333333333,0.26419848484848485,0.3447751937984496,0.5,0.28,0.4437792573608979","0,0,0"
10.283333333333333,254,AV,0,0,0,15,5670.319740923212,0.6,-9.656600924014196,"0.2540595238095238,0.2697795698924731,0.3523991228070176,0.6,0.15,0.28016480683878775","0,0,0"
37.3,154,AV,1,0,0,85,2421.832203454489,0.4,-9.726594888166911,"0.2758809523809524,0.30429597701149425,0.35080370370370373,0.4,0.85,0.119660298268526","0,0,0"
12.366666666666667,53,AV,0,0,0,21,946.1123250925148,0.3,-1.7081675716397045,"0.2586095238095238,0.2653634920634921,0.35198449612403104,0.3,0.21,0.04674646032644781","0,0,0"
32.416666666666664,234,AV,1,0,0,66,4679.48341028673,0.4,-15.924464857319341,"0.24310360360360359,0.27197169811320754,0.32088759689922486,0.4,0.66,0.23120857828995","0,0,0"
37.55,262,AV,1,0,0,86,6081.635477498837,0.4,-23.669127311523365,"0.2661666666666667,0.2867762345679013,0.35642929292929293,0.4,0.86,0.3004875045265025","0,0,0"
30.666666666666668,233,AV,1,0,0,61,4669.869929992837,0.3,-11.451106726650023,"0.22292948717948718,0.2664065656565657,0.3153177083333333,0.3,0.61,0.23073358587812023","0,0,0"
15.016666666666667,298,AV,1,0,0,5,19040.472291926453,0.2,-15.042541514735468,"0.23829569892473118,0.22394247787610616,0.3027101449275362,0.2,0.05,0.9407706241479663","0,0,0"
41.0,142,AV,0,0,0,92,2241.037238818388,0.1,-3.142050388069543,"0.22458750000000002,0.2656650326797386,0.3401666666666667,0.1,0.92,0.11072740053806189","0,0,0"
45.916666666666664,236,AV,2,0,0,79,4747.153558918807,0.2,-12.099474948906831,"0.20364583333333333,0.2499661016949153,0.31383809523809525,0.2,0.79,0.23455209241022626","0,0,0"
35.65,58,AV,1,0,0,80,979.573716991658,0.5,-5.011232521963713,"0.23652777777777775,0.2752106666666666,0.3616571428571429,0.5,0.8,0.048399754113449336","0,0,0"
36.13333333333333,278,AV,0,0,0,66,8134.997760071039,0.5,-37.93599993002107,"0.26218965517241377,0.2661030303030303,0.3376127450980392,0.5,0.66,0.40194207385440944","0,0,0"
38.55,41,AV,1,0,0,98,850.3216016091212,0.1,-1.4296891555058489,"0.25923563218390805,0.26956148867313917,0.35738288288288295,0.1,0.98,0.04201353682867991","0,0,0"
15.2,277,AV,1,0,0,2,8029.700924090037,0.2,-6.766128810816594,"0.2642,0.2854074074074074,0.31224031007751935,0.2,0.02,0.39673946287985623","0,0,0"
19.55,272,AV,1,0,0,22,7362.36439851089,0.1,-4.236616586032523,"0.27965,0.2715594315245478,0.345260162601626,0.1,0.22,0.36376703498729634","0,0,0"
31.216666666666665,12,AV,2,0,0,43,591.6693204447811,0.6,-3.889190316548169,"0.2487160493827161,0.24537246376811594,0.314037037037037,0.6,0.43,0.02923378723751827","0,0,0"
40.81666666666667,64,AV,1,0,0,98,1089.3140785512585,0.4,-5.093042206417563,"0.22536363636363638,0.276032212885154,0.3682765151515151,0.4,0.98,0.05382191522667051","0,0,0"
17.366666666666667,34,AV,1,0,0,18,779.2240782816187,0.2,-1.2853748098059317,"0.24102631578947367,0.2549166666666666,0.3469279279279279,0.2,0.18,0.038500679564916006","0,0,0"
10.85,291,AV,1,0,0,0,13430.196447392702,1.0,-37.399295640356264,"0.2538402777777778,0.24837905604719768,0.3479279279279279,1.0,0.0,0.6635725259609666","0,0,0"
38.86666666666667,165,AV,1,0,0,97,2756.9260540590044,0.3,-8.71952956361818,"0.26165999999999995,0.29533764367816084,0.3655731707317074,0.3,0.97,0.1362169490778143","0,0,0"
34.45,116,AV,1,0,0,71,1778.835052690156,0.3,-5.244403927058778,"0.22905050505050503,0.26558576051779936,0.35896747967479675,0.3,0.71,0.08789045445501824","0,0,0"
31.416666666666668,151,AV,1,0,0,58,2382.718205806423,0.5,-10.053563408537684,"0.2661533333333333,0.2841467236467237,0.36895555555555554,0.5,0.58,0.1177277149052501","0,0,0"
24.333333333333332,153,AV,1,0,0,43,2403.836358207942,0.8,-12.418752623244426,"0.2235123456790123,0.26114905149051487,0.35538333333333333,0.8,0.43,0.11877114161815011","0,0,0"
39.93333333333333,106,AV,2,0,0,66,1626.914224999384,0.2,-4.371931538365761,"0.22885632183908045,0.24830973451327434,0.3334047619047618,0.2,0.66,0.0803841988487261","0,0,0"
22.5,261,AV,2,0,0,3,6031.594525491932,0.4,-14.798883336118026,"0.184225,0.26141873278236916,0.3603049645390071,0.4,0.03,0.2980150313162421","0,0,0"
47.416666666666664,230,AV,2,0,0,100,4630.913868273173,0.1,-6.635726567423054,"0.2833697916666667,0.28532614942528733,0.32962698412698416,0.1,1.0,0.2288088059705391","0,0,0"
16.633333333333333,281,AV,1,0,0,8,8436.938288223368,0.5,-18.320904725250255,"0.2528397435897436,0.23456521739130431,0.326576923076923,0.5,0.08,0.4168606522788469","0,0,0"
13.7,14,AV,0,0,0,23,597.1498506777683,0.1,-1.0283742810678138,"0.2369404761904762,0.2808135593220339,0.3770809523809524,0.1,0.23,0.029504574735270385","0,0,0"
15.15,105,AV,1,0,0,10,1614.9493849180149,0.3,-2.4554354131445395,"0.26868965517241383,0.2639632545931759,0.3430294117647059,0.3,0.1,0.0797930281099649","0,0,0"
27.133333333333333,113,AV,1,0,0,52,1697.366940102563,0.3,-4.090946003544157,"0.2588035714285714,0.2731798245614035,0.3680138888888888,0.3,0.52,0.08386519678534977","0,0,0"
38.266666666666666,273,AV,2,0,0,57,7572.106998522375,0.1,-8.407867860929029,"0.17677011494252873,0.23798387096774193,0.30995945945945946,0.1,0.57,0.37413020632558763","0,0,0"
16.5,246,AV,1,0,0,14,5064.807770076448,0.5,-11.153596814325933,"0.2468511904761905,0.2596280864197531,0.3393492063492063,0.5,0.14,0.25024706813941117","0,0,0"
21.116666666666667,130,AV,1,0,0,29,2022.4315636845977,0.8,-9.229593391610726,"0.25089506172839504,0.24498644986449863,0.32397916666666665,0.8,0.29,0.09992631355425287","0,0,0"
27.75,33,AV,2,0,0,31,779.0639592631991,0.1,-1.636648931453378,"0.26728,0.2896680107526881,0.3558577235772357,0.1,0.31,0.0384927682449347","0,0,0"
34.65,269,AV,1,0,0,77,7099.697064525982,0.2,-13.026383822920469,"0.25934375,0.2717175141242938,0.33146249999999994,0.2,0.77,0.3507889056663633","0,0,0"
37.78333333333333,4,AV,0,0,0,73,522.440884226393,0.2,-1.8187319375599602,"0.3017857142857143,0.29347154471544706,0.36749145299145297,0.2,0.73,0.02581327969172718","0,0,0"
46.3,227,AV,0,0,0,100,4505.18942297478,0.1,-6.0892156277710185,"0.24891666666666665,0.2441016949152543,0.3293000000000001,0.1,1.0,0.22259688732374286","0,0,0"
39.78333333333333,251,AV,2,0,0,71,5394.467136051333,0.3,-17.349038522821374,"0.26750980392156865,0.2813678678678678,0.37853418803418803,0.3,0.71,0.2665352065179911","0,0,0"
19.75,152,AV,1,0,0,25,2392.7441380289174,0.4,-5.375317669704154,"0.2248541666666667,0.2714400584795321,0.35559615384615384,0.4,0.25,0.1182230861528751","0,0,0"
18.233333333333334,67,AV,1,0,0,21,1141.5133047894662,0.3,-2.1787012774743384,"0.27974691358024695,0.2693918918918919,0.35813782051282045,0.3,0.21,0.0564010266003407","0,0,0"
23.216666666666665,24,AV,2,0,0,14,676.2529471816457,0.1,-1.4871871735623032,"0.24838172043010762,0.29619808743169407,0.36884234234234226,0.1,0.14,0.033412979334117666","0,0,0"
35.78333333333333,215,AV,1,0,0,75,3942.222625638348,0.2,-7.726452661385129,"0.23048924731182802,0.27847400611620793,0.34937152777777775,0.2,0.75,0.19478126294296802","0,0,0"
32.083333333333336,182,AV,1,0,0,66,3024.224513765153,0.5,-12.852823448631986,"0.23626111111111112,0.24049719887955184,0.34267261904761903,0.5,0.66,0.14942389767216036","0,0,0"
25.233333333333334,270,AV,1,0,0,42,7332.887514065835,0.2,-9.947024815467739,"0.294235632183908,0.28253561253561255,0.33951801801801806,0.2,0.42,0.3623106117141683","0,0,0"
38.483333333333334,159,AV,1,0,0,94,2530.9644311939346,0.2,-5.52110324588114,"0.194268115942029,0.22871975308641979,0.32381249999999995,0.2,0.94,0.12505241210010515","0,0,0"
20.533333333333335,193,AV,1,0,0,28,3278.222126324269,0.2,-4.001551720632576,"0.25257971014492747,0.26418308080808084,0.3275,0.2,0.28,0.16197366475964245","0,0,0"
26.716666666666665,48,AV,1,0,0,50,914.1934345695068,0.1,-1.2186867190971884,"0.27426086956521734,0.28047112860892387,0.37089166666666673,0.1,0.5,0.04516937998416169","0,0,0"
29.683333333333334,77,AV,2,0,0,32,1294.2551843223837,0.5,-5.941447300231829,"0.21813793103448273,0.25376521739130437,0.3249094202898551,0.5,0.32,0.06394784955402583","0,0,0"
36.06666666666667,118,AV,1,0,0,84,1824.367004680513,0.3,-5.586674311172514,"0.2027126436781609,0.26365395480225995,0.32132558139534895,0.3,0.84,0.09014014250035135","0,0,0"
41.166666666666664,217,AV,0,0,0,86,4021.28082322038,0.2,-9.182528359119813,"0.2382307692307692,0.27604782608695655,0.3567380952380953,0.2,0.86,0.19868744913115402","0,0,0"
15.416666666666666,266,AV,1,0,0,5,6778.2755320215965,0.1,-3.2407628097979697,"0.2660428571428571,0.27220058997050145,0.34488095238095234,0.1,0.05,0.3349077903708691","0,0,0"
43.06666666666667,224,AV,2,0,0,67,4429.527615460413,0.6,-29.994500218458853,"0.18149275362318842,0.22973224043715845,0.30713257575757574,0.6,0.67,0.2188585133596875","0,0,0"
12.983333333333333,237,AV,1,0,0,3,4754.245589533712,0.8,-13.071803906958792,"0.27154487179487186,0.29707010582010585,0.38409649122807027,0.8,0.03,0.234902502524312","0,0,0"
15.416666666666666,160,AV,1,0,0,11,2563.744074524839,0.2,-2.5980951628076396,"0.24840229885057472,0.2811381766381766,0.34035606060606055,0.2,0.11,0.12667202137465233","0,0,0"
20.933333333333334,222,AV,0,0,0,33,4237.057085974603,0.3,-7.5411579185657835,"0.3046159420289855,0.32209861111111115,0.375,0.3,0.33,0.20934873768929974","0,0,0"
17.333333333333332,73,AV,1,0,0,16,1244.4027248274256,0.8,-4.95941845097819,"0.20268518518518516,0.24737500000000004,0.32354022988505754,0.8,0.16,0.06148468956958209","0,0,0"
21.116666666666667,285,AV,1,0,0,34,9280.176126726552,0.1,-5.550560067980869,"0.220141975308642,0.2412458333333333,0.3284573643410853,0.1,0.34,0.4585241874827607","0,0,0"
12.4,284,AV,1,0,0,0,9095.945853089892,0.8,-23.387717713194885,"0.26346929824561405,0.29846438746438747,0.36289047619047615,0.8,0.0,0.44942155458275634","0,0,0"
11.716666666666667,247,AV,1,0,0,1,5168.6614957092925,1.0,-15.894712914055692,"0.2537797619047619,0.28683038348082596,0.3537291666666667,1.0,0.01,0.255378376480178","0,0,0"
16.466666666666665,62,AV,1,0,0,13,1025.7249596144625,0.9,-4.44061191492079,"0.23901754385964913,0.2517456140350877,0.32605102040816325,0.9,0.13,0.050680040687321244","0,0,0"
29.766666666666666,131,AV,1,0,0,54,2033.019749384408,0.2,-3.6582887684179735,"0.25426,0.28654843304843314,0.34893750000000007,0.2,0.54,0.10044946518183244","0,0,0"
31.65,15,AV,1,0,0,63,601.3137559373858,0.5,-3.004891280128568,"0.23675238095238096,0.2687833333333334,0.34106862745098043,0.5,0.63,0.029710309114645228","0,0,0"
25.266666666666666,256,AV,2,0,0,8,5844.130995646287,0.4,-16.00603818457874,"0.2689558823529412,0.27702868852459017,0.36708333333333326,0.4,0.08,0.28875264647231946","0,0,0"
26.616666666666667,203,AV,1,0,0,50,3580.4564780460023,0.3,-7.82159703504983,"0.24468589743589741,0.2635968660968661,0.33092857142857146,0.3,0.5,0.17690676071171996","0,0,0"
35.95,209,AV,1,0,0,85,3759.463069718096,0.2,-7.427807765877049,"0.23317171717171714,0.24505218855218858,0.32170238095238096,0.2,0.85,0.18575129672910448","0,0,0"
23.95,57,AV,1,0,0,42,961.7772661313056,0.1,-1.1835949075718375,"0.24387499999999998,0.2652641242937854,0.35576960784313727,0.1,0.42,0.04752044933955402","0,0,0"
17.25,245,AV,0,0,0,28,5009.92015912814,0.3,-7.368839313406091,"0.21936666666666668,0.25588844086021506,0.33897619047619043,0.3,0.28,0.24753512637567007","0,0,0"
26.466666666666665,119,AV,1,0,0,49,1848.7234685638712,0.2,-3.073103242895141,"0.24504761904761907,0.2846857923497268,0.3375294117647059,0.2,0.49,0.09134357093312716","0,0,0"
32.083333333333336,289,AV,1,0,0,63,11515.391842589095,1.0,-93.89791268468018,"0.20990322580645163,0.24291810344827588,0.3278178294573644,1.0,0.63,0.5689639524149042","0,0,0"
34.4,135,AV,0,0,0,63,2108.868816674547,0.2,-4.485677857656789,"0.1907741935483871,0.22007977207977206,0.3077625,0.2,0.63,0.10419709146344741","0,0,0"
29.383333333333333,293,AV,1,0,0,58,14754.343640924068,0.4,-44.3930045979615,"0.21442592592592594,0.22519973544973546,0.33697222222222223,0.4,0.58,0.7289973096860264","0,0,0"
29.5,229,AV,1,0,0,60,4609.601315671212,0.5,-17.771514820138986,"0.22047979797979803,0.25596846846846844,0.3413731884057971,0.5,0.6,0.2277557741388637","0,0,0"
33.18333333333333,101,AV,1,0,0,69,1587.6148581174584,0.2,-3.2626388611042594,"0.24589855072463768,0.28450956284153,0.35016666666666674,0.2,0.69,0.07844245657766878","0,0,0"
21.516666666666666,26,AV,1,0,0,36,720.4688823460104,0.8,-3.7336490681100987,"0.21830555555555556,0.2613347457627119,0.34176422764227643,0.8,0.36,0.035597644309025005","0,0,0"
30.116666666666667,253,AV,2,0,0,34,5654.280440205098,0.1,-5.390917981654299,"0.1971733333333333,0.2580482456140351,0.32339795918367353,0.1,0.34,0.2793723210896882","0,0,0"
19.85,211,AV,1,0,0,27,3783.636689084741,0.6,-11.98148794156547,"0.20329569892473118,0.2381050420168067,0.30907870370370366,0.6,0.27,0.18694569099783895","0,0,0"
29.283333333333335,96,AV,1,0,0,54,1541.4014724042315,0.1,-1.7417466144672704,"0.21013020833333332,0.25664634146341464,0.3316476190476191,0.1,0.54,0.07615909957607497","0,0,0"
36.15,158,AV,1,0,0,81,2528.765907819195,0.2,-5.218827473518379,"0.21854597701149425,0.27424327956989253,0.3503288288288288,0.2,0.81,0.12494378526691811","0,0,0"
31.6,192,AV,1,0,0,64,3274.575105225111,0.1,-3.2149587409372105,"0.24116049382716048,0.26911019283746557,0.3530989583333334,0.1,0.64,0.16179346910781556","0,0,0"
43.68333333333333,19,AV,2,0,0,92,617.4453946714843,0.5,-4.496278731536112,"0.22775925925925922,0.25435546875,0.3626904761904762,0.5,0.92,0.03050735719243069","0,0,0"
25.6,242,AV,2,0,0,13,4968.170350229253,0.1,-4.302460449037093,"0.21020707070707073,0.23509946236559137,0.32236021505376333,0.1,0.13,0.24547231022417584","0,0,0"
14.016666666666667,2,AV,1,0,0,5,506.5869000089976,0.3,-1.139842726297433,"0.2395263157894737,0.2662579710144928,0.32881159420289857,0.3,0.05,0.025029950244917432","0,0,0"
32.96666666666667,8,AV,1,0,0,68,548.7192496267361,0.3,-1.9723264293960656,"0.18817948717948718,0.26300399999999996,0.34276190476190477,0.3,0.68,0.02711166734935643","0,0,0"
21.65,290,AV,1,0,0,30,12197.400506638176,0.3,-20.607498881872463,"0.20812962962962964,0.2688434782608696,0.3356666666666667,0.3,0.3,0.6026613159421645","0,0,0"
32.15,190,AV,1,0,0,62,3252.767976975094,0.7,-19.087657223086993,"0.18961111111111112,0.2463148148148148,0.3494666666666667,0.7,0.62,0.1607160007897979","0,0,0"
19.7,248,AV,1,0,0,25,5341.061461458292,0.1,-3.2589571617860695,"0.2452466666666667,0.274839233038348,0.3561744186046512,0.1,0.25,0.26389648574207625","0,0,0"
21.533333333333335,275,AV,1,0,0,26,7958.958807233507,0.1,-4.929765297940107,"0.2877962962962963,0.28513733333333335,0.3520530303030302,0.1,0.26,0.3932441658930853","0,0,0"
37.18333333333333,200,AV,1,0,0,87,3520.054626539052,0.1,-3.9071504380339332,"0.22671739130434784,0.26624707602339176,0.3412790697674419,0.1,0.87,0.17392236585687273","0,0,0"
27.583333333333332,220,AV,1,0,0,53,4090.160813256426,1.0,-29.091880904189335,"0.2438238095238095,0.26475595238095234,0.3574186046511628,1.0,0.53,0.20209074030082702","0,0,0"
32.21666666666667,149,AV,2,0,0,41,2314.8193170712048,0.3,-6.740392924518483,"0.23134027777777777,0.253664,0.35776851851851843,0.3,0.41,0.11437289896607457","0,0,0"
39.65,225,AV,0,0,0,76,4459.768546990965,0.3,-14.217983263650888,"0.23382666666666668,0.2612622950819672,0.3159961240310077,0.3,0.76,0.22035268743240086","0,0,0"
29.85,98,AV,1,0,0,52,1564.4426034616197,0.6,-7.677461189292325,"0.22942307692307698,0.25929201101928373,0.35461627906976745,0.6,0.52,0.07729753873417955","0,0,0"
27.05,168,AV,1,0,0,50,2813.5576138103806,0.2,-4.44568837684701,"0.24993939393939396,0.267916,0.3607020202020202,0.2,0.5,0.1390150576014335","0,0,0"
26.9,36,AV,1,0,0,52,813.126641713825,0.1,-1.1542651383359064,"0.24572916666666664,0.2753994252873564,0.3526435185185185,0.1,0.52,0.040175771194542055","0,0,0"
30.866666666666667,206,AV,1,0,0,61,3623.60917519969,1.0,-28.846544399687822,"0.2513390804597701,0.2806029810298103,0.3463947368421052,1.0,0.61,0.17903889216374055","0,0,0"
41.3,195,AV,2,0,0,84,3368.9508766880413,1.0,-36.22648951737781,"0.24827272727272726,0.2680464743589744,0.36481884057971015,1.0,0.84,0.16645648124650464","0,0,0"
29.066666666666666,134,AV,0,0,0,53,2078.9202215407213,0.4,-6.925550328294644,"0.259735632183908,0.2411383928571429,0.3433598484848484,0.4,0.53,0.10271736143866485","0,0,0"
8.8,258,AV,0,0,0,3,5912.288420941998,0.3,-4.763310173961332,"0.24850724637681157,0.2598397435897436,0.3253541666666667,0.3,0.03,0.2921202364434439","0,0,0"
30.05,91,AV,1,0,0,55,1485.5718097438446,0.5,-6.238458515909411,"0.27825,0.30676072607260724,0.3713968253968254,0.5,0.55,0.07340061198282061","0,0,0"
24.583333333333332,219,AV,2,0,0,1,4061.843573313689,0.1,-3.61227089208657,"0.20430392156862742,0.2710578512396694,0.3439473684210526,0.1,0.01,0.20069161389857007","0,0,0"
38.1,186,AV,2,0,0,60,3151.1733449572957,0.6,-19.281578269526207,"0.2665773809523809,0.2706567796610169,0.3360871212121212,0.6,0.6,0.1556963119969945","0,0,0"
32.38333333333333,44,AV,2,0,0,26,870.7377108213431,0.2,-2.514824542597533,"0.24278571428571427,0.2699347826086957,0.3501126126126126,0.2,0.26,0.04302227629226974","0,0,0"
35.21666666666667,175,AV,2,0,0,53,2964.6777926145683,0.3,-9.000264687013361,"0.28160952380952375,0.2608979591836735,0.34178654970760225,0.3,0.53,0.14648175394988758","0,0,0"
15.133333333333333,40,AV,1,0,0,5,849.0657401736111,0.2,-1.2508631957555885,"0.2744197530864198,0.26802358490566036,0.35098226950354605,0.2,0.05,0.04195148597571712","0,0,0"
31.716666666666665,54,AV,1,0,0,62,946.2003450753726,0.3,-2.8754231224727698,"0.1595392156862745,0.2413979885057471,0.34436274509803916,0.3,0.62,0.04675080930545112","0,0,0"
28.05,292,AV,1,0,0,52,14505.369879802229,0.5,-51.97509895096622,"0.2559388888888888,0.2907679127725857,0.3758584905660377,0.5,0.52,0.7166957660553899","0,0,0"
18.633333333333333,265,AV,1,0,0,16,6709.13861087917,0.7,-22.700280445160093,"0.24008024691358026,0.2648398950131234,0.34184722222222225,0.7,0.16,0.3314918044931234","0,0,0"
24.716666666666665,89,AV,2,0,0,3,1467.6871321740252,0.5,-5.671059113649157,"0.25285,0.2759212121212121,0.35228048780487803,0.5,0.03,0.07251694801576773","0,0,0"
31.0,189,AV,0,0,0,55,3245.380745418587,0.8,-21.146391248480043,"0.21413218390804598,0.24285470085470096,0.32689393939393946,0.8,0.55,0.16035100509349434","0,0,0"
26.416666666666668,179,AV,2,0,0,21,2996.640782499388,0.5,-11.085822630584028,"0.2634086021505377,0.28903703703703704,0.3617723577235772,0.5,0.21,0.14806101319737625","0,0,0"
19.75,75,AV,1,0,0,24,1265.4739572733297,0.2,-1.864192275967084,"0.25252976190476195,0.2606949152542374,0.3587083333333333,0.2,0.24,0.06252579801457091","0,0,0"
31.4,139,AV,1,0,0,61,2187.907521251699,0.1,-2.3367699238207917,"0.25575238095238095,0.2796823361823362,0.36379385964912275,0.1,0.61,0.10810231452182832","0,0,0"
34.483333333333334,70,AV,1,0,0,76,1167.011530479414,0.3,-3.6505842334367524,"0.24044230769230768,0.2496412213740458,0.31788333333333335,0.3,0.76,0.05766086833794136","0,0,0"
16.1,136,AV,1,0,0,13,2123.4400354784907,0.8,-7.508456297616911,"0.25604166666666667,0.23494666666666666,0.3313333333333333,0.8,0.13,0.10491704075874904","0,0,0"
46.583333333333336,140,AV,2,0,0,93,2218.0502812558643,0.4,-11.527499374326839,"0.28963440860215056,0.29479283489096575,0.35899206349206353,0.4,0.93,0.10959163803796217","0,0,0"
25.716666666666665,174,AV,2,0,0,3,2949.689674384749,0.6,-12.58407549428199,"0.13868055555555556,0.20371159420289855,0.2934065040650407,0.6,0.03,0.14574120607241453","0,0,0"
38.43333333333333,90,AV,1,0,0,90,1475.2077210572677,0.3,-4.8971526023712855,"0.2305483870967742,0.24511111111111114,0.3319871794871795,0.3,0.9,0.07288853276372843","0,0,0"
28.35,208,AV,2,0,0,21,3758.845856207275,0.2,-6.472697799569508,"0.29101282051282057,0.27381039755351677,0.35757142857142843,0.2,0.21,0.18572080082906037","0,0,0"
43.983333333333334,180,AV,2,0,0,86,3001.8426729260827,0.1,-4.424831305897278,"0.26884782608695657,0.2825957711442786,0.3502575757575758,0.1,0.86,0.14831803338198302","0,0,0"
24.116666666666667,169,AV,0,0,0,43,2850.5966631146844,0.3,-6.029882251321904,"0.24358333333333335,0.28137212643678156,0.37585585585585585,0.3,0.43,0.14084511984976505","0,0,0"
22.866666666666667,132,AV,1,0,0,37,2035.9911412414244,0.1,-1.7775788782589372,"0.2755777777777778,0.2722279202279203,0.3511046511627907,0.1,0.37,0.10059627867096521","0,0,0"
32.46666666666667,104,AV,1,0,0,65,1597.8734280578535,0.3,-4.532036987596841,"0.19434408602150538,0.2541209439528024,0.32136111111111115,0.3,0.65,0.07894932222142612","0,0,0"
13.6,121,AV,1,0,0,0,1885.557658153182,0.5,-3.8397402416771813,"0.22226666666666672,0.274016975308642,0.36221428571428577,0.5,0.0,0.09316351126856799","0,0,0"
33.75,171,AV,1,0,0,72,2909.5116230827134,1.0,-25.398888020364037,"0.24654166666666666,0.2757286501377411,0.3419429824561403,1.0,0.72,0.14375604888613547","0,0,0"
24.0,59,AV,1,0,0,42,985.8695826897422,0.3,-2.394404110344986,"0.2878055555555556,0.27295218579234976,0.33891666666666664,0.3,0.42,0.04871082651814225","0,0,0"
22.333333333333332,1,AV,1,0,0,38,491.8679742725259,0.3,-1.434114825562102,"0.22556349206349208,0.2675392953929539,0.361108695652174,0.3,0.38,0.024302702898339818","0,0,0"
17.433333333333334,148,AV,1,0,0,18,2302.618320259251,0.1,-1.615608725568677,"0.2592028985507247,0.2869813333333333,0.3699007936507936,0.1,0.18,0.11377005996029654","0,0,0"
22.383333333333333,276,AV,1,0,0,30,8028.27043643778,0.9,-41.44269879384825,"0.19321568627450983,0.22521198830409364,0.30726587301587294,0.9,0.3,0.39666878392080435","0,0,0"
34.31666666666667,78,AV,1,0,0,75,1310.9401185904849,0.3,-4.010027222850768,"0.27558333333333335,0.2945971014492754,0.3622730496453901,0.3,0.75,0.06477223540877823","0,0,0"
40.516666666666666,183,AV,2,0,0,72,3065.2253709468137,1.0,-32.452510579409534,"0.24228431372549017,0.25353081232493,0.33064864864864857,1.0,0.72,0.15144970887106365","0,0,0"
37.56666666666667,271,AV,0,0,0,78,7336.658338656486,0.2,-14.741673360784278,"0.27715277777777786,0.25989861111111107,0.33946590909090907,0.2,0.78,0.3624969243722426","0,0,0"
18.7,260,AV,1,0,0,22,5985.732437913218,0.1,-3.42850983345902,"0.2788214285714286,0.2544085545722714,0.3462482993197279,0.1,0.22,0.2957490316028605","0,0,0"
33.483333333333334,56,AV,2,0,0,22,959.5289757906356,0.5,-5.147308472549215,"0.23928666666666668,0.26268260869565213,0.33765333333333336,0.5,0.22,0.04740936357053375","0,0,0"
10.416666666666666,161,AV,0,0,0,7,2612.3907844155665,0.1,-1.5089664793012327,"0.2767380952380952,0.2737608142493638,0.3677361111111111,0.1,0.07,0.12907560648141725","0,0,0"
23.75,239,AV,2,0,0,11,4925.450001742355,0.5,-15.860844962699614,"0.27452564102564103,0.2513224932249322,0.33523809523809517,0.5,0.11,0.24336154068581314","0,0,0"
38.5,199,AV,1,0,0,91,3487.44186130441,0.2,-7.383050912536354,"0.22031034482758624,0.24504532163742693,0.3298703703703704,0.2,0.91,0.17231100186155868","0,0,0"
15.966666666666667,150,AV,1,0,0,15,2318.1098695731453,0.1,-1.536572737378398,"0.2237179487179487,0.25734281842818435,0.3442479674796748,0.1,0.15,0.11453548186231685","0,0,0"
23.416666666666668,100,AV,1,0,0,41,1573.7150367511856,0.1,-1.5324988196950404,"0.2519753086419753,0.2531698412698413,0.3512361111111111,0.1,0.41,0.07775568035585004","0,0,0"
30.5,216,AV,1,0,0,60,3958.913906791885,0.9,-28.04438535935284,"0.25127083333333333,0.2652380952380952,0.3381239316239316,0.9,0.6,0.19560596239095915","0,0,0"
40.8,164,AV,1,0,0,96,2744.8905386527767,0.3,-9.086121079472218,"0.25532758620689655,0.2667015151515151,0.33586054421768713,0.3,0.96,0.1356222863421919","0,0,0"
30.516666666666666,86,AV,1,0,0,60,1405.7852601227096,0.2,-2.7685745755594966,"0.21906547619047617,0.2698590785907859,0.3162606837606837,0.2,0.6,0.0694584386514629","0,0,0"
15.366666666666667,63,AV,0,0,0,26,1052.4070316009115,0.2,-1.6385516333468353,"0.21600574712643675,0.2355560224089636,0.3232587719298246,0.2,0.26,0.05199837508215116","0,0,0"
40.1,170,AV,1,0,0,99,2891.134206742707,0.5,-15.240106092624059,"0.2754166666666667,0.2787486979166667,0.34213157894736845,0.5,0.99,0.14284803919103217","0,0,0"
14.316666666666666,95,AV,1,0,0,4,1526.0895405694364,0.2,-1.7053743264555101,"0.23299999999999998,0.26918405797101447,0.34226736111111117,0.2,0.04,0.07540255239340664","0,0,0"
25.416666666666668,87,AV,1,0,0,46,1421.705549214182,0.3,-3.339415175342964,"0.23548989898989897,0.2670094339622642,0.3550772357723578,0.3,0.46,0.07024504415554754","0,0,0"
23.1,257,AV,2,0,0,11,5882.279762541917,0.1,-4.522043821482785,"0.2095448717948718,0.26393859649122803,0.37020370370370365,0.1,0.11,0.29063753875296394","0,0,0"
24.05,127,AV,0,0,0,43,1997.7276787447236,1.0,-12.954448871568331,"0.22084375000000006,0.26658400000000004,0.3575909090909091,1.0,0.43,0.09870571939579707","0,0,0"
36.35,197,AV,0,0,0,69,3393.6426315430986,0.3,-10.167156503681182,"0.2045493827160494,0.26780144927536226,0.33692063492063495,0.3,0.69,0.16767647606964517","0,0,0"
37.2,184,AV,2,0,0,58,3101.095365071405,0.3,-9.830164534292143,"0.25219298245614036,0.28646590909090913,0.35302564102564105,0.3,0.58,0.15322200927639995","0,0,0"
38.56666666666667,196,AV,1,0,0,89,3387.2787239910285,0.4,-13.797474511035759,"0.25988020833333336,0.24101785714285714,0.3413148148148148,0.4,0.89,0.16736204178524355","0,0,0"
31.0,20,AV,2,0,0,33,626.2908344343901,0.1,-1.580992138471366,"0.19645238095238093,0.24713084112149533,0.33904081632653066,0.1,0.33,0.030944401492541913","0,0,0"
35.61666666666667,39,AV,1,0,0,84,835.7777612710734,0.1,-1.3536214835001195,"0.17348076923076924,0.24328997289972903,0.3405,0.1,0.84,0.04129494027589717","0,0,0"
31.45,84,AV,1,0,0,61,1365.417472605012,0.6,-7.1083350983981255,"0.24984210526315784,0.2846076923076923,0.34520370370370373,0.6,0.61,0.06746390678921493","0,0,0"
17.5,27,AV,1,0,0,21,727.2326469992182,1.0,-3.8156945969914946,"0.281175,0.29025,0.3716359649122807,1.0,0.21,0.03593183513143892","0,0,0"
17.05,94,AV,1,0,0,14,1509.578116022191,1.0,-7.101486403984433,"0.2215370370370371,0.24956533333333333,0.33514814814814814,1.0,0.14,0.07458673947980204","0,0,0"
40.03333333333333,68,AV,1,0,0,98,1148.2139867956057,0.2,-2.923471195928489,"0.2738525641025641,0.26014373088685017,0.3433333333333334,0.2,0.98,0.05673210057248192","0,0,0"
6.983333333333333,166,AV,0,0,0,3,2761.3662775036096,0.2,-1.7957007807693708,"0.2556333333333333,0.2820862068965517,0.36295833333333327,0.2,0.03,0.13643633606135613","0,0,0"
20.7,23,AV,0,0,0,37,670.158540600369,1.0,-4.324886022229201,"0.30881666666666663,0.2976157024793389,0.3582222222222223,1.0,0.37,0.033111860822172434","0,0,0"
26.883333333333333,250,AV,1,0,0,46,5386.149373461946,1.0,-37.16697683623787,"0.2602395833333333,0.2682093023255814,0.34993253968253973,1.0,0.46,0.2661242342173697","0,0,0"
34.61666666666667,274,AV,2,0,0,36,7592.14370769901,0.2,-14.36418406175997,"0.2154375,0.25715178571428576,0.3708787878787878,0.2,0.36,0.37512020001424035","0,0,0"
20.5,243,AV,1,0,0,29,4999.976398121604,0.1,-3.190285580239719,"0.24332777777777778,0.2876451149425287,0.3570946969696969,0.1,0.29,0.24704381512534654","0,0,0"
25.783333333333335,99,AV,2,0,0,11,1567.0706205360798,0.3,-4.1516460937996404,"0.25888888888888895,0.28419418960244647,0.36789930555555567,0.3,0.11,0.07742738641996724","0,0,0"
17.966666666666665,172,AV,1,0,0,21,2909.8477340427667,0.1,-1.922122654149033,"0.29504487179487177,0.3041089743589743,0.3933416666666666,0.1,0.21,0.1437726557913017","0,0,0"
32.56666666666667,42,AV,1,0,0,68,854.5785374972068,0.5,-4.115900623025131,"0.2782291666666667,0.2704930555555556,0.35016666666666674,0.5,0.68,0.04222386775802824","0,0,0"
24.25,129,AV,2,0,0,5,2015.5588757501516,0.2,-3.559264603279858,"0.2592412280701754,0.2925212418300654,0.3757777777777777,0.2,0.05,0.09958674094184428","0,0,0"
34.55,25,AV,0,0,0,65,679.8949342204361,0.5,-3.787740365216675,"0.27629365079365076,0.2881278735632184,0.3877553191489362,0.5,0.65,0.033592926258074716","0,0,0"
26.683333333333334,10,AV,2,0,0,9,583.3206434887895,0.1,-1.4837679794551986,"0.21101515151515152,0.2507138364779874,0.33977131782945735,0.1,0.09,0.028821287489073047","0,0,0"
38.46666666666667,9,AV,1,0,0,90,572.7967315704935,0.2,-1.7147210782362787,"0.24609139784946232,0.27349425287356316,0.3658217054263566,0.2,0.9,0.02830131156452355","0,0,0"
30.766666666666666,244,AV,0,0,0,54,5004.1281918097375,0.4,-16.37333446249289,"0.20614367816091952,0.2296988304093567,0.32496739130434776,0.4,0.54,0.2472489510841313","0,0,0"
29.116666666666667,117,AV,0,0,0,54,1823.811293294481,0.2,-3.5037696857453353,"0.26936559139784944,0.27598497267759564,0.34577927927927926,0.2,0.54,0.09011268535856054","0,0,0"
40.03333333333333,110,AV,1,0,0,97,1653.1781197118603,0.3,-5.61571931801501,"0.24188636363636362,0.2589722222222222,0.3463766666666666,0.3,0.97,0.08168187152419273","0,0,0"
38.31666666666667,60,AV,2,0,0,62,1020.7360413649084,0.1,-2.0783705926169715,"0.28061333333333327,0.2694413580246914,0.3486788617886179,0.1,0.62,0.05043354324421705","0,0,0"
33.983333333333334,11,AV,1,0,0,71,586.8516376274475,0.2,-1.6091450114498027,"0.27235784313725486,0.27357817109144544,0.3454883720930233,0.2,0.71,0.028995750365243225","0,0,0"
16.666666666666668,218,AV,1,0,0,10,4034.238052294327,0.2,-3.9977372363420267,"0.2046984126984127,0.25225141242937854,0.3350436507936509,0.2,0.1,0.1993276528139321","0,0,0"
23.416666666666668,80,AV,1,0,0,39,1323.5149786113286,0.1,-1.3845480277394433,"0.25717741935483873,0.29008408408408404,0.36324418604651165,0.1,0.39,0.06539354662044386","0,0,0"
34.15,141,AV,1,0,0,69,2225.3307045190536,0.2,-4.440047473097256,"0.2538333333333333,0.2900806010928962,0.3684126984126984,0.2,0.69,0.1099513564437013","0,0,0"
21.833333333333332,297,AV,1,0,0,28,18628.94525544202,0.3,-31.41494209715788,"0.208953125,0.26701851851851854,0.34479738562091505,0.3,0.28,0.9204374863438488","0,0,0"
34.2,13,AV,1,0,0,75,595.9176043698985,0.3,-2.145882298594737,"0.29301785714285716,0.26569965277777774,0.35610144927536225,0.3,0.75,0.029443690682060725","0,0,0"
22.316666666666666,115,AV,1,0,0,36,1717.0377309640771,0.8,-8.343036928891916,"0.30439333333333335,0.28778840579710147,0.35571666666666674,0.8,0.36,0.0848371108173414","0,0,0"
19.7,6,AV,1,0,0,22,541.9839687696077,0.3,-1.410783973997066,"0.23176984126984124,0.2652603305785124,0.33991919191919195,0.3,0.22,0.02677888388271631","0,0,0"
34.65,122,AV,1,0,0,72,1899.102970895097,0.5,-8.91048945766605,"0.26168888888888886,0.2842211538461539,0.3813533333333332,0.5,0.72,0.0938327715750938","0,0,0"
19.383333333333333,194,AV,1,0,0,25,3362.377553451843,0.1,-2.2477241850271437,"0.23222222222222222,0.2685333333333334,0.36241851851851853,0.1,0.25,0.1661316999433504","0,0,0"
38.766666666666666,235,AV,2,0,0,60,4689.4303597647895,0.3,-14.86295514284457,"0.27342500000000003,0.29226335877862597,0.3699786324786325,0.3,0.6,0.2317000470794511","0,0,0"
22.3,28,AV,1,0,0,35,742.4887258523852,0.1,-1.0200326111744493,"0.2402692307692308,0.24969027777777777,0.332405303030303,0.1,0.35,0.0366856226743472","0,0,0"
19.3,32,AV,1,0,0,21,767.6170681366935,0.3,-1.7242631581089531,"0.23858333333333334,0.26409327217125383,0.3503488372093023,0.3,0.21,0.03792718884414417","0,0,0"
26.5,82,AV,1,0,0,48,1342.087988935639,0.5,-5.092486145201317,"0.21443678160919535,0.2725133928571429,0.3672551020408163,0.5,0.48,0.06631122041798494","0,0,0"
42.6,18,AV,0,0,0,95,616.3739675020589,0.1,-1.4848535250400938,"0.3001851851851852,0.26609745762711867,0.34963414634146345,0.1,0.95,0.030454419051430016","0,0,0"
37.7,299,AV,1,0,0,89,20239.22920549412,1.0,-193.28346472947686,"0.23894202898550726,0.2800642076502732,0.3580814814814815,1.0,0.89,1.0","0,0,0"
26.75,85,AV,2,0,0,14,1391.0507319816634,0.1,-2.030375754962361,"0.18613793103448276,0.23853221288515403,0.3088989898989899,0.1,0.14,0.06873042040573611","0,0,0"
25.216666666666665,102,AV,1,0,0,40,1588.8002265047048,0.2,-2.6253607131158407,"0.2670192307692308,0.28225000000000006,0.3562386363636364,0.2,0.4,0.07850102443987396","0,0,0"
27.666666666666668,5,AV,0,0,0,49,539.5213747330826,1.0,-4.591167901990391,"0.23117241379310344,0.26313025210084034,0.3481000000000001,1.0,0.49,0.026657209583190285","0,0,0"
23.416666666666668,204,AV,1,0,0,38,3583.4963710051925,0.1,-2.7209427484100575,"0.26051960784313727,0.28056363636363635,0.35222222222222216,0.1,0.38,0.17705695877155342","0,0,0"
5.316666666666666,157,AV,0,0,0,0,2486.38103050259,0.3,-1.823243586174654,"0.2662058823529411,0.26565797101449273,0.3393596491228071,0.3,0.0,0.12284959102235175","0,0,0"
38.55,71,AV,1,0,0,95,1174.3503864217532,0.3,-4.03155088398171,"0.24283333333333335,0.2596158192090396,0.33584146341463417,0.3,0.95,0.05802347384370573","0,0,0"
18.55,138,AV,1,0,0,18,2187.718469250836,0.2,-2.6515188895254043,"0.24495454545454545,0.27622557471264364,0.33418888888888887,0.2,0.18,0.10809297365222585","0,0,0"
27.333333333333332,29,AV,0,0,0,50,742.6585956180782,0.1,-1.3343940283559126,"0.22128205128205125,0.2674476584022038,0.3146923076923077,0.1,0.5,0.03669401576896401","0,0,0"
44.9,295,AV,2,0,0,73,17322.90883950548,0.5,-99.29760876982273,"0.235735632183908,0.2636616541353384,0.3500952380952381,0.5,0.73,0.8559075379611304","0,0,0"
8.866666666666667,286,AV,0,0,0,3,10450.70686878338,0.2,-5.501730733562928,"0.2530833333333333,0.2747459677419355,0.3465,0.2,0.03,0.5163589365323479","0,0,0"
23.883333333333333,55,AV,1,0,0,41,950.4213588862824,0.5,-3.4679783692677666,"0.26871111111111107,0.28222839506172837,0.34306666666666674,0.5,0.41,0.04695936536102284","0,0,0"
15.566666666666666,31,AV,1,0,0,12,763.1985099142711,0.3,-1.5019485663887995,"0.22545833333333326,0.2778601190476191,0.3640980392156862,0.3,0.12,0.03770887231748401","0,0,0"
36.9,49,AV,1,0,0,89,921.9548251796884,0.1,-1.4610082289174369,"0.198,0.2288962264150943,0.33148888888888883,0.1,0.89,0.04555286250374671","0,0,0"
42.15,109,AV,2,0,0,85,1649.648602545546,0.7,-13.381845782754125,"0.22657407407407404,0.2743257575757576,0.3313999999999999,0.7,0.85,0.08150748162374356","0,0,0"
40.583333333333336,120,AV,2,0,0,79,1862.7228332236152,0.4,-8.726623217406573,"0.30158695652173917,0.275368,0.3463080808080809,0.4,0.79,0.09203526548916015","0,0,0"
41.43333333333333,69,AV,2,0,0,86,1148.9174546898266,0.5,-7.101254347960667,"0.22613580246913578,0.28116811594202895,0.33214930555555555,0.5,0.86,0.05676685821503235","0,0,0"
13.633333333333333,181,AV,1,0,0,1,3022.892107624705,1.0,-11.009008842310642,"0.29526068376068376,0.27241025641025635,0.3559362745098039,1.0,0.01,0.14935806482215805","0,0,0"
34.11666666666667,52,AV,1,0,0,71,938.3100494872764,0.3,-3.0270663227530994,"0.28990196078431374,0.2849041666666666,0.3277777777777777,0.3,0.71,0.04636095772029518","0,0,0"
27.7,128,AV,1,0,0,52,2010.868248891871,0.3,-4.82169051259885,"0.1920238095238095,0.26156956521739133,0.33398015873015874,0.3,0.52,0.09935498177697413","0,0,0"
23.983333333333334,223,AV,1,0,0,40,4412.688598555705,0.1,-3.274413494226288,"0.21713963963963961,0.23572418879056045,0.3267458333333333,0.1,0.4,0.21802651443652019","0,0,0"
42.1,228,AV,1,0,0,98,4549.115907877681,0.1,-5.438221528728545,"0.24445370370370367,0.2624710144927537,0.34473232323232317,0.1,0.98,0.22476725085176577","0,0,0"
43.666666666666664,201,AV,2,0,0,76,3523.1638559153366,0.2,-8.860654450318334,"0.1796736111111111,0.2331829268292683,0.3378178294573644,0.2,0.76,0.1740759897594787","0,0,0"
25.1,167,AV,1,0,0,41,2793.3389947689566,1.0,-18.307168699570912,"0.2625381944444445,0.2641590909090909,0.341375,1.0,0.41,0.13801607592895285","0,0,0"
35.666666666666664,65,AV,1,0,0,78,1111.987968807459,0.1,-1.6034519453737213,"0.30073076923076925,0.31548790322580644,0.4007208333333333,0.1,0.78,0.05494220938540485","0,0,0"
25.8,114,AV,1,0,0,48,1703.2333497257905,0.2,-2.821278627824515,"0.24365686274509804,0.2522816091954023,0.3506666666666666,0.2,0.48,0.08415505019644881","0,0,0"
30.883333333333333,50,AV,1,0,0,60,931.9887487728153,0.1,-1.3287553537188663,"0.21711805555555558,0.27470555555555554,0.35509722222222223,0.1,0.6,0.046048628596973375","0,0,0"
6.983333333333333,38,AV,0,0,0,1,832.4581618945489,0.3,-1.262188562315424,"0.19553968253968254,0.23931981981981984,0.32557364341085276,0.3,0.01,0.041130922202737376","0,0,0"
33.2,103,AV,2,0,0,57,1594.6992934726818,0.5,-7.775564533648112,"0.2075123456790124,0.2605158045977012,0.3359858156028369,0.5,0.57,0.07879249141759738","0,0,0"
18.916666666666668,17,AV,0,0,0,28,615.3970356119416,0.6,-2.5856119221705907,"0.25553888888888887,0.26320110192837465,0.32680341880341884,0.6,0.28,0.030406149827330708","0,0,0"
18.933333333333334,191,AV,1,0,0,17,3257.3450634265246,0.1,-2.1592977950389445,"0.2459679487179487,0.25455555555555553,0.3368170731707317,0.1,0.17,0.1609421500371313","0,0,0"
22.483333333333334,187,AV,1,0,0,28,3159.4556453821087,0.1,-2.3957294758335292,"0.2397777777777777,0.27397831978319787,0.3441576576576576,0.1,0.28,0.15610553214765938","0,0,0"
39.11666666666667,3,AV,1,0,0,95,513.3463032142733,0.5,-3.137317524065445,"0.25834848484848477,0.29084016393442624,0.36375238095238094,0.5,0.95,0.02536392557256681","0,0,0"
25.766666666666666,83,AV,0,0,0,49,1348.5865378412918,0.4,-4.331742114718245,"0.17036363636363636,0.2412324561403509,0.3265070921985816,0.4,0.49,0.0666323071965214","0,0,0"
27.583333333333332,214,AV,1,0,0,51,3941.04555698938,0.1,-3.347044598391172,"0.2632904761904762,0.2708590909090909,0.3495083333333333,0.1,0.51,0.19472310516250035","0,0,0"
25.766666666666666,188,AV,0,0,0,45,3206.59631480788,0.7,-15.42691306119986,"0.27522988505747126,0.25597619047619047,0.3356666666666666,0.7,0.45,0.15843470530673276","0,0,0"
33.65,232,AV,1,0,0,72,4645.51881630073,0.2,-8.496949726086845,"0.2202857142857143,0.246519174041298,0.34397619047619055,0.2,0.72,0.2295304217929239","0,0,0"
20.383333333333333,133,AV,1,0,0,28,2046.5713793034688,0.2,-2.708779950646585,"0.22896774193548386,0.28556465517241375,0.376578431372549,0.2,0.28,0.10111903761374018","0,0,0"
25.016666666666666,123,AV,1,0,0,45,1929.5758599688188,0.5,-6.696807406576593,"0.26803225806451614,0.3027493112947658,0.3740526315789473,0.5,0.45,0.09533840643718873","0,0,0"
21.466666666666665,35,AV,1,0,0,35,783.6834518391023,0.5,-2.726039140910698,"0.24609722222222227,0.2651355013550135,0.33082258064516123,0.5,0.35,0.038721012736313315","0,0,0"
13.233333333333333,264,AV,1,0,0,4,6254.49597505133,0.1,-2.6920106789355036,"0.21467777777777777,0.27324041297935103,0.34597517730496447,0.1,0.04,0.3090283682025544","0,0,0"
37.15,252,AV,1,0,0,89,5590.116807812239,0.8,-42.556022931762556,"0.2172592592592593,0.24844495412844034,0.3578369565217392,0.8,0.89,0.27620206041714035","0,0,0"
12.883333333333333,126,AV,1,0,0,2,1986.5043233563797,0.2,-1.8944794835307084,"0.298304347826087,0.2793005698005698,0.3579916666666667,0.2,0.02,0.09815118467145603","0,0,0"
29.35,147,AV,1,0,0,57,2294.767722006211,0.1,-2.3027077135576337,"0.19616,0.25149305555555557,0.33075185185185174,0.1,0.57,0.11338216978061968","0,0,0"
24.433333333333334,0,AV,1,0,0,35,437.5592869272848,0.4,-1.6818161731909083,"0.2463405797101449,0.2717167919799499,0.3567696078431373,0.4,0.35,0.021619365168734063","0,0,0"
25.05,155,AV,1,0,0,46,2446.4664131825853,0.1,-2.1494893047026205,"0.2346884057971015,0.2652072829131653,0.3386284722222222,0.1,0.46,0.12087744984470407","0,0,0"
40.06666666666667,202,AV,1,0,0,98,3534.445695738256,0.4,-14.906303610765601,"0.22020833333333328,0.2608790560471976,0.3343720930232558,0.4,0.98,0.1746334141410286","0,0,0"
32.65,268,AV,0,0,0,55,6918.069898529506,0.9,-52.15700778431553,"0.2287654320987654,0.25983333333333336,0.3236111111111111,0.9,0.55,0.34181488970200175","0,0,0"
39.43333333333333,185,AV,0,0,0,79,3131.512437779759,0.1,-3.940117231627487,"0.2500448717948718,0.24353100775193798,0.3308802083333333,0.1,0.79,0.15472488630790748","0,0,0"
29.716666666666665,145,AV,2,0,0,27,2271.53748778668,0.4,-7.909150560544864,"0.2763,0.2772741046831956,0.3451666666666667,0.4,0.27,0.11223438722508516","0,0,0"
16.583333333333332,241,AV,1,0,0,6,4951.479839002994,0.6,-13.043132242343379,"0.22857692307692307,0.26000641025641025,0.3516464646464646,0.6,0.06,0.2446476488175187","0,0,0"
39.15,296,AV,1,0,0,96,17693.100214811147,0.2,-35.58599847564931,"0.1963045977011494,0.2396511299435028,0.3125406504065041,0.2,0.96,0.874198322236906","0,0,0"
38.61666666666667,163,AV,1,0,0,93,2744.255474143275,0.2,-5.954136126321522,"0.27837634408602147,0.2824230769230769,0.357047619047619,0.2,0.93,0.13559090844222083","0,0,0"
19.716666666666665,143,AV,1,0,0,22,2250.3510049999354,1.0,-11.806313113682336,"0.21981250000000002,0.2537083333333334,0.34995121951219516,1.0,0.22,0.11118758437643748","0,0,0"
34.516666666666666,93,AV,0,0,0,61,1496.328062426438,0.2,-3.4302823859976037,"0.21560714285714283,0.25528023598820054,0.3274421768707482,0.2,0.61,0.07393206763132296","0,0,0"
37.2,97,AV,1,0,0,91,1546.5147326922538,0.1,-2.0547005270745418,"0.2611612903225807,0.2555252100840336,0.3263375,0.1,0.91,0.07641174063449208","0,0,0"
41.05,92,AV,2,0,0,79,1490.1599361877834,0.5,-8.814333326225821,"0.2187037037037037,0.24888037634408608,0.3449017094017095,0.5,0.79,0.0736273067051025","0,0,0"
12.183333333333334,162,AV,0,0,0,18,2629.980017260476,0.2,-2.440063510014653,"0.26644444444444443,0.29002932098765427,0.35296666666666665,0.2,0.18,0.1299446728211638","0,0,0"
37.166666666666664,88,AV,1,0,0,91,1460.106853854364,1.0,-14.305778792050639,"0.2326388888888889,0.26605681818181826,0.3435572916666667,1.0,0.91,0.07214241407266661","0,0,0"
34.266666666666666,173,AV,1,0,0,75,2942.323800284961,0.3,-8.24006766377005,"0.1989320987654321,0.23959722222222227,0.3353217054263567,0.3,0.75,0.14537726562660996","0,0,0"
34.06666666666667,178,AV,1,0,0,66,2987.078671303881,0.2,-5.741298475273682,"0.1986904761904762,0.25871680216802173,0.3135595238095238,0.2,0.66,0.14758855888113623","0,0,0"
47.8,240,AV,2,0,0,96,4934.883137056144,0.7,-42.78798410290368,"0.2164038461538462,0.25781231231231233,0.3523490566037736,0.7,0.96,0.2438276224331965","0,0,0"
36.61666666666667,205,AV,2,0,0,56,3608.770587345788,0.5,-17.7752025551151,"0.2542401960784314,0.2632353801169591,0.33223015873015876,0.5,0.56,0.17830573243205106","0,0,0"
43.86666666666667,226,AV,2,0,0,70,4504.939201911708,0.1,-6.081033816663139,"0.2407291666666666,0.26230579710144925,0.3286626016260163,0.1,0.7,0.2225845241521748","0,0,0"
22.85,107,AV,1,0,0,39,1628.9397076974285,1.0,-10.001225152142991,"0.2871507936507936,0.30635598705501615,0.3791746031746031,1.0,0.39,0.0804842759157665","0,0,0"
5.266666666666667,43,AV,0,0,0,0,857.6590975250949,0.1,-0.9358503322297685,"0.28985294117647054,0.280983498349835,0.34377142857142856,0.1,0.0,0.04237607513690668","0,0,0"
22.85,238,AV,1,0,0,41,4864.205776554158,0.7,-20.2491289589858,"0.28064197530864204,0.29395669291338583,0.3853564814814815,0.7,0.41,0.24033552499290464","0,0,0"
26.633333333333333,124,AV,1,0,0,52,1950.0200213032829,1.0,-13.71694760496063,"0.21497083333333336,0.24246105919003116,0.3318643410852713,1.0,0.52,0.09634853192798135","0,0,0"
15.416666666666666,259,AV,0,0,0,26,5984.209260784091,0.3,-7.81091785068849,"0.21964942528735631,0.2541358543417367,0.3315877192982456,0.3,0.26,0.2956737729497932","0,0,0"
26.55,176,AV,1,0,0,50,2966.188350320237,0.9,-18.500164119318704,"0.23716666666666664,0.2723730886850153,0.3545653594771242,0.9,0.5,0.14655638908990856","0,0,0"
35.7,287,AV,1,0,0,82,10751.672106064549,0.7,-68.45148111418008,"0.24916666666666665,0.287077485380117,0.3627657657657658,0.7,0.82,0.5312293268137855","0,0,0"
