travel_time,id,kind,action,origin,destination,start_time,income,urgency,reward,observation,cost_table
28.983333333333334,134,AV,0,0,0,70,2046.5713793034688,,-28.983333333333334,"0,0,0,0","0,0,0"
45.13333333333333,92,AV,2,0,0,79,1475.2077210572677,,-45.13333333333333,"0,0,0,0","0,0,0"
48.233333333333334,213,AV,2,0,0,100,3863.855435177377,,-48.233333333333334,"0,0,0,0","0,0,0"
35.6,4,AV,2,0,0,66,473.5024380788758,,-35.6,"0,0,0,0","0,0,0"
36.81666666666667,209,AV,2,0,0,61,3724.6301341612702,,-36.81666666666667,"0,0,0,0","0,0,0"
29.833333333333332,13,AV,2,0,0,37,566.7055292848979,,-29.833333333333332,"0,0,0,0","0,0,0"
41.3,267,AV,2,0,0,77,6434.117121135291,,-41.3,"0,0,0,0","0,0,0"
21.983333333333334,143,AV,2,0,0,3,2198.5025098873134,,-21.983333333333334,"0,0,0,0","0,0,0"
35.233333333333334,216,AV,2,0,0,53,3942.222625638348,,-35.233333333333334,"0,0,0,0","0,0,0"
26.066666666666666,71,AV,1,0,0,60,1200.7903182940884,,-26.066666666666666,"0,0,0,0","0,0,0"
22.7,70,AV,2,0,0,11,1167.011530479414,,-22.7,"0,0,0,0","0,0,0"
43.36666666666667,154,AV,2,0,0,89,2456.6540037696086,,-43.36666666666667,"0,0,0,0","0,0,0"
25.0,286,AV,2,0,0,20,10450.70686878338,,-25.0,"0,0,0,0","0,0,0"
33.7,261,AV,2,0,0,39,5984.209260784091,,-33.7,"0,0,0,0","0,0,0"
45.333333333333336,144,AV,2,0,0,97,2212.8825544422834,,-45.333333333333336,"0,0,0,0","0,0,0"
31.5,239,AV,2,0,0,48,4704.305573257116,,-31.5,"0,0,0,0","0,0,0"
27.283333333333335,94,AV,2,0,0,28,1496.328062426438,,-27.283333333333335,"0,0,0,0","0,0,0"
8.85,18,AV,0,0,0,8,610.4868582393152,,-8.85,"0,0,0,0","0,0,0"
30.883333333333333,40,AV,2,0,0,31,827.8499544782503,,-30.883333333333333,"0,0,0,0","0,0,0"
30.2,296,AV,2,0,0,46,17322.90883950548,,-30.2,"0,0,0,0","0,0,0"
30.016666666666666,93,AV,2,0,0,33,1490.1599361877834,,-30.016666666666666,"0,0,0,0","0,0,0"
45.05,244,AV,2,0,0,76,4889.272753955773,,-45.05,"0,0,0,0","0,0,0"
23.333333333333332,2,AV,2,0,0,3,437.8567856598078,,-23.333333333333332,"0,0,0,0","0,0,0"
43.333333333333336,225,AV,2,0,0,81,4381.240268036911,,-43.333333333333336,"0,0,0,0","0,0,0"
8.716666666666667,107,AV,0,0,0,10,1659.6531244520008,,-8.716666666666667,"0,0,0,0","0,0,0"
35.43333333333333,89,AV,2,0,0,49,1467.6871321740252,,-35.43333333333333,"0,0,0,0","0,0,0"
44.93333333333333,74,AV,2,0,0,96,1249.5878531833848,,-44.93333333333333,"0,0,0,0","0,0,0"
35.833333333333336,86,AV,2,0,0,63,1454.957177165027,,-35.833333333333336,"0,0,0,0","0,0,0"
30.783333333333335,204,AV,2,0,0,12,3531.3895067900216,,-30.783333333333335,"0,0,0,0","0,0,0"
43.88333333333333,191,AV,2,0,0,62,3245.380745418587,,-43.88333333333333,"0,0,0,0","0,0,0"
28.4,59,AV,2,0,0,22,1014.5614647146556,,-28.4,"0,0,0,0","0,0,0"
41.05,167,AV,2,0,0,72,2753.3979495063454,,-41.05,"0,0,0,0","0,0,0"
43.0,128,AV,2,0,0,67,2010.868248891871,,-43.0,"0,0,0,0","0,0,0"
31.483333333333334,121,AV,2,0,0,46,1888.2149669861096,,-31.483333333333334,"0,0,0,0","0,0,0"
34.05,158,AV,2,0,0,34,2533.2754137277425,,-34.05,"0,0,0,0","0,0,0"
44.21666666666667,256,AV,2,0,0,93,5807.233742044462,,-44.21666666666667,"0,0,0,0","0,0,0"
32.75,108,AV,2,0,0,52,1664.0464513081895,,-32.75,"0,0,0,0","0,0,0"
42.15,165,AV,2,0,0,81,2648.588416164911,,-42.15,"0,0,0,0","0,0,0"
23.066666666666666,179,AV,2,0,0,5,2964.6777926145683,,-23.066666666666666,"0,0,0,0","0,0,0"
35.46666666666667,230,AV,2,0,0,50,4559.760277629775,,-35.46666666666667,"0,0,0,0","0,0,0"
34.5,153,AV,2,0,0,49,2436.431929205765,,-34.5,"0,0,0,0","0,0,0"
24.966666666666665,193,AV,2,0,0,13,3257.3450634265246,,-24.966666666666665,"0,0,0,0","0,0,0"
35.5,9,AV,0,0,0,96,513.3463032142733,,-35.5,"0,0,0,0","0,0,0"
45.45,102,AV,2,0,0,98,1581.438059619256,,-45.45,"0,0,0,0","0,0,0"
24.383333333333333,41,AV,2,0,0,13,845.7864251007381,,-24.383333333333333,"0,0,0,0","0,0,0"
29.333333333333332,116,AV,2,0,0,27,1832.3133019091129,,-29.333333333333332,"0,0,0,0","0,0,0"
47.8,258,AV,2,0,0,90,5825.994272151124,,-47.8,"0,0,0,0","0,0,0"
23.833333333333332,269,AV,2,0,0,1,6918.069898529506,,-23.833333333333332,"0,0,0,0","0,0,0"
30.383333333333333,82,AV,2,0,0,17,1342.087988935639,,-30.383333333333333,"0,0,0,0","0,0,0"
46.666666666666664,81,AV,2,0,0,83,1317.647826688136,,-46.666666666666664,"0,0,0,0","0,0,0"
45.43333333333333,237,AV,2,0,0,77,4660.29795945294,,-45.43333333333333,"0,0,0,0","0,0,0"
35.88333333333333,263,AV,2,0,0,56,6020.57275324985,,-35.88333333333333,"0,0,0,0","0,0,0"
39.43333333333333,284,AV,2,0,0,67,8987.822610831106,,-39.43333333333333,"0,0,0,0","0,0,0"
33.166666666666664,295,AV,2,0,0,28,14754.343640924068,,-33.166666666666664,"0,0,0,0","0,0,0"
43.46666666666667,136,AV,2,0,0,87,2133.445027811215,,-43.46666666666667,"0,0,0,0","0,0,0"
45.233333333333334,220,AV,2,0,0,73,4021.28082322038,,-45.233333333333334,"0,0,0,0","0,0,0"
41.333333333333336,257,AV,2,0,0,51,5825.425317043349,,-41.333333333333336,"0,0,0,0","0,0,0"
25.266666666666666,106,AV,2,0,0,7,1614.9493849180149,,-25.266666666666666,"0,0,0,0","0,0,0"
45.88333333333333,149,AV,2,0,0,96,2344.9936519099742,,-45.88333333333333,"0,0,0,0","0,0,0"
36.416666666666664,118,AV,2,0,0,40,1836.592480640456,,-36.416666666666664,"0,0,0,0","0,0,0"
33.71666666666667,129,AV,2,0,0,45,2011.9739719035176,,-33.71666666666667,"0,0,0,0","0,0,0"
34.0,90,AV,2,0,0,40,1474.5167950508735,,-34.0,"0,0,0,0","0,0,0"
23.9,122,AV,0,0,0,57,1900.764377468582,,-23.9,"0,0,0,0","0,0,0"
25.3,140,AV,2,0,0,12,2164.09247058771,,-25.3,"0,0,0,0","0,0,0"
40.05,96,AV,2,0,0,74,1517.942512651984,,-40.05,"0,0,0,0","0,0,0"
23.483333333333334,46,AV,2,0,0,15,892.1845339920479,,-23.483333333333334,"0,0,0,0","0,0,0"
23.466666666666665,61,AV,2,0,0,3,1068.5648373754009,,-23.466666666666665,"0,0,0,0","0,0,0"
38.86666666666667,285,AV,2,0,0,58,9667.56212442905,,-38.86666666666667,"0,0,0,0","0,0,0"
33.233333333333334,160,AV,2,0,0,40,2553.8725848963804,,-33.233333333333334,"0,0,0,0","0,0,0"
27.966666666666665,114,AV,2,0,0,19,1823.811293294481,,-27.966666666666665,"0,0,0,0","0,0,0"
39.93333333333333,67,AV,2,0,0,79,1141.5133047894662,,-39.93333333333333,"0,0,0,0","0,0,0"
41.78333333333333,66,AV,2,0,0,82,1135.438045570021,,-41.78333333333333,"0,0,0,0","0,0,0"
25.866666666666667,229,AV,2,0,0,18,4547.885280126284,,-25.866666666666667,"0,0,0,0","0,0,0"
47.333333333333336,62,AV,2,0,0,98,1074.3823512953045,,-47.333333333333336,"0,0,0,0","0,0,0"
45.13333333333333,127,AV,2,0,0,91,1997.7276787447236,,-45.13333333333333,"0,0,0,0","0,0,0"
30.266666666666666,205,AV,2,0,0,34,3539.477986656502,,-30.266666666666666,"0,0,0,0","0,0,0"
5.25,73,AV,0,0,0,0,1239.4416864014672,,-5.25,"0,0,0,0","0,0,0"
26.05,19,AV,2,0,0,5,615.3970356119416,,-26.05,"0,0,0,0","0,0,0"
45.583333333333336,192,AV,2,0,0,97,3256.7228478661937,,-45.583333333333336,"0,0,0,0","0,0,0"
42.766666666666666,277,AV,2,0,0,76,8028.27043643778,,-42.766666666666666,"0,0,0,0","0,0,0"
33.483333333333334,56,AV,2,0,0,39,975.0940381265832,,-33.483333333333334,"0,0,0,0","0,0,0"
37.25,188,AV,0,0,0,100,3169.820795106812,,-37.25,"0,0,0,0","0,0,0"
23.083333333333332,111,AV,2,0,0,1,1797.659883656486,,-23.083333333333332,"0,0,0,0","0,0,0"
29.25,20,AV,2,0,0,19,623.7253316558669,,-29.25,"0,0,0,0","0,0,0"
25.533333333333335,54,AV,2,0,0,20,946.2003450753726,,-25.533333333333335,"0,0,0,0","0,0,0"
32.483333333333334,178,AV,2,0,0,54,2953.761118311176,,-32.483333333333334,"0,0,0,0","0,0,0"
39.56666666666667,156,AV,2,0,0,74,2476.7673195544394,,-39.56666666666667,"0,0,0,0","0,0,0"
27.383333333333333,120,AV,2,0,0,18,1880.1756700095973,,-27.383333333333333,"0,0,0,0","0,0,0"
27.866666666666667,8,AV,2,0,0,15,508.6019702527906,,-27.866666666666667,"0,0,0,0","0,0,0"
44.28333333333333,251,AV,2,0,0,63,5370.167679594476,,-44.28333333333333,"0,0,0,0","0,0,0"
29.083333333333332,176,AV,2,0,0,24,2949.689674384749,,-29.083333333333332,"0,0,0,0","0,0,0"
26.033333333333335,243,AV,2,0,0,17,4864.205776554158,,-26.033333333333335,"0,0,0,0","0,0,0"
36.9,202,AV,2,0,0,73,3476.696831582168,,-36.9,"0,0,0,0","0,0,0"
25.333333333333332,214,AV,2,0,0,8,3933.772930850901,,-25.333333333333332,"0,0,0,0","0,0,0"
33.35,168,AV,1,0,0,75,2756.9260540590044,,-33.35,"0,0,0,0","0,0,0"
35.21666666666667,27,AV,2,0,0,60,742.6585956180782,,-35.21666666666667,"0,0,0,0","0,0,0"
45.35,103,AV,2,0,0,99,1587.6148581174584,,-45.35,"0,0,0,0","0,0,0"
23.666666666666668,49,AV,2,0,0,16,926.7012599248138,,-23.666666666666668,"0,0,0,0","0,0,0"
47.88333333333333,283,AV,2,0,0,95,8975.220492497892,,-47.88333333333333,"0,0,0,0","0,0,0"
36.81666666666667,141,AV,2,0,0,65,2187.718469250836,,-36.81666666666667,"0,0,0,0","0,0,0"
32.25,50,AV,2,0,0,45,931.9887487728153,,-32.25,"0,0,0,0","0,0,0"
28.816666666666666,124,AV,0,0,0,73,1927.298426803608,,-28.816666666666666,"0,0,0,0","0,0,0"
28.85,79,AV,2,0,0,29,1293.252850487379,,-28.85,"0,0,0,0","0,0,0"
36.06666666666667,98,AV,2,0,0,64,1530.6528609905624,,-36.06666666666667,"0,0,0,0","0,0,0"
30.883333333333333,33,AV,2,0,0,28,793.0252767736928,,-30.883333333333333,"0,0,0,0","0,0,0"
36.016666666666666,207,AV,2,0,0,49,3564.273841812899,,-36.016666666666666,"0,0,0,0","0,0,0"
34.93333333333333,299,AV,2,0,0,34,20793.30768626012,,-34.93333333333333,"0,0,0,0","0,0,0"
23.033333333333335,189,AV,2,0,0,1,3225.188153267811,,-23.033333333333335,"0,0,0,0","0,0,0"
43.85,288,AV,2,0,0,92,11861.36896338871,,-43.85,"0,0,0,0","0,0,0"
38.81666666666667,72,AV,2,0,0,68,1205.4292211271013,,-38.81666666666667,"0,0,0,0","0,0,0"
48.166666666666664,95,AV,2,0,0,100,1509.578116022191,,-48.166666666666664,"0,0,0,0","0,0,0"
39.45,146,AV,2,0,0,80,2225.3307045190536,,-39.45,"0,0,0,0","0,0,0"
20.366666666666667,197,AV,0,0,0,46,3278.222126324269,,-20.366666666666667,"0,0,0,0","0,0,0"
13.633333333333333,150,AV,0,0,0,29,2352.9451803313505,,-13.633333333333333,"0,0,0,0","0,0,0"
43.516666666666666,53,AV,2,0,0,62,943.1907669438916,,-43.516666666666666,"0,0,0,0","0,0,0"
32.11666666666667,76,AV,2,0,0,47,1261.43865123121,,-32.11666666666667,"0,0,0,0","0,0,0"
31.466666666666665,206,AV,2,0,0,26,3558.5090095449787,,-31.466666666666665,"0,0,0,0","0,0,0"
42.833333333333336,266,AV,2,0,0,80,6427.339783247283,,-42.833333333333336,"0,0,0,0","0,0,0"
46.733333333333334,148,AV,2,0,0,100,2318.1098695731453,,-46.733333333333334,"0,0,0,0","0,0,0"
47.35,274,AV,2,0,0,100,7572.106998522375,,-47.35,"0,0,0,0","0,0,0"
33.4,145,AV,2,0,0,17,2215.952556227922,,-33.4,"0,0,0,0","0,0,0"
34.61666666666667,282,AV,2,0,0,10,8689.506535985933,,-34.61666666666667,"0,0,0,0","0,0,0"
25.866666666666667,195,AV,2,0,0,15,3269.866339895674,,-25.866666666666667,"0,0,0,0","0,0,0"
43.266666666666666,218,AV,2,0,0,82,3971.0791127863904,,-43.266666666666666,"0,0,0,0","0,0,0"
32.4,171,AV,2,0,0,32,2813.5576138103806,,-32.4,"0,0,0,0","0,0,0"
30.5,45,AV,0,0,0,74,877.2934597877683,,-30.5,"0,0,0,0","0,0,0"
46.75,254,AV,2,0,0,75,5578.433439706214,,-46.75,"0,0,0,0","0,0,0"
18.533333333333335,271,AV,0,0,0,47,7177.938863287724,,-18.533333333333335,"0,0,0,0","0,0,0"
37.583333333333336,289,AV,2,0,0,59,11940.25564443948,,-37.583333333333336,"0,0,0,0","0,0,0"
45.45,42,AV,2,0,0,88,850.3216016091212,,-45.45,"0,0,0,0","0,0,0"
46.68333333333333,232,AV,2,0,0,94,4577.590037133467,,-46.68333333333333,"0,0,0,0","0,0,0"
33.81666666666667,172,AV,2,0,0,57,2815.231094880572,,-33.81666666666667,"0,0,0,0","0,0,0"
28.766666666666666,276,AV,2,0,0,36,7897.119961473183,,-28.766666666666666,"0,0,0,0","0,0,0"
43.31666666666667,298,AV,2,0,0,77,18628.94525544202,,-43.31666666666667,"0,0,0,0","0,0,0"
40.6,132,AV,2,0,0,84,2035.9911412414244,,-40.6,"0,0,0,0","0,0,0"
37.18333333333333,22,AV,2,0,0,74,639.9143284368583,,-37.18333333333333,"0,0,0,0","0,0,0"
23.833333333333332,280,AV,0,0,0,56,8436.938288223368,,-23.833333333333332,"0,0,0,0","0,0,0"
30.95,117,AV,2,0,0,35,1836.3970218708375,,-30.95,"0,0,0,0","0,0,0"
37.166666666666664,84,AV,2,0,0,54,1446.9812594843625,,-37.166666666666664,"0,0,0,0","0,0,0"
19.85,131,AV,2,0,0,3,2034.664800296876,,-19.85,"0,0,0,0","0,0,0"
30.616666666666667,91,AV,2,0,0,7,1474.807688008607,,-30.616666666666667,"0,0,0,0","0,0,0"
39.016666666666666,55,AV,2,0,0,80,950.4213588862824,,-39.016666666666666,"0,0,0,0","0,0,0"
36.88333333333333,228,AV,2,0,0,58,4434.023444374438,,-36.88333333333333,"0,0,0,0","0,0,0"
36.56666666666667,194,AV,2,0,0,67,3257.969850357721,,-36.56666666666667,"0,0,0,0","0,0,0"
39.86666666666667,43,AV,2,0,0,74,857.6590975250949,,-39.86666666666667,"0,0,0,0","0,0,0"
38.71666666666667,29,AV,2,0,0,76,767.6170681366935,,-38.71666666666667,"0,0,0,0","0,0,0"
23.5,294,AV,2,0,0,1,13460.811009378149,,-23.5,"0,0,0,0","0,0,0"
24.166666666666668,105,AV,2,0,0,5,1592.2311391495805,,-24.166666666666668,"0,0,0,0","0,0,0"
44.65,100,AV,2,0,0,91,1567.0706205360798,,-44.65,"0,0,0,0","0,0,0"
24.133333333333333,133,AV,2,0,0,9,2043.1688306873104,,-24.133333333333333,"0,0,0,0","0,0,0"
36.15,11,AV,2,0,0,59,522.440884226393,,-36.15,"0,0,0,0","0,0,0"
46.13333333333333,68,AV,2,0,0,94,1148.2139867956057,,-46.13333333333333,"0,0,0,0","0,0,0"
30.616666666666667,34,AV,2,0,0,31,801.7987355487146,,-30.616666666666667,"0,0,0,0","0,0,0"
38.35,139,AV,2,0,0,61,2147.781038516846,,-38.35,"0,0,0,0","0,0,0"
31.55,264,AV,2,0,0,32,6130.868263041086,,-31.55,"0,0,0,0","0,0,0"
10.416666666666666,217,AV,0,0,0,14,3958.913906791885,,-10.416666666666666,"0,0,0,0","0,0,0"
34.65,52,AV,2,0,0,57,934.0011274976006,,-34.65,"0,0,0,0","0,0,0"
25.9,198,AV,2,0,0,16,3382.383844415393,,-25.9,"0,0,0,0","0,0,0"
38.53333333333333,290,AV,2,0,0,71,12197.400506638176,,-38.53333333333333,"0,0,0,0","0,0,0"
40.43333333333333,75,AV,2,0,0,83,1260.6549751070208,,-40.43333333333333,"0,0,0,0","0,0,0"
39.05,272,AV,2,0,0,80,7334.728577480919,,-39.05,"0,0,0,0","0,0,0"
43.88333333333333,28,AV,2,0,0,78,763.1985099142711,,-43.88333333333333,"0,0,0,0","0,0,0"
25.566666666666666,249,AV,0,0,0,59,5158.4050556257225,,-25.566666666666666,"0,0,0,0","0,0,0"
26.816666666666666,137,AV,2,0,0,25,2141.869626207308,,-26.816666666666666,"0,0,0,0","0,0,0"
45.2,234,AV,2,0,0,96,4617.1597275219765,,-45.2,"0,0,0,0","0,0,0"
43.21666666666667,16,AV,2,0,0,83,591.6693204447811,,-43.21666666666667,"0,0,0,0","0,0,0"
37.416666666666664,47,AV,2,0,0,65,905.8209551718018,,-37.416666666666664,"0,0,0,0","0,0,0"
27.283333333333335,196,AV,2,0,0,11,3274.575105225111,,-27.283333333333335,"0,0,0,0","0,0,0"
27.883333333333333,203,AV,2,0,0,30,3480.90175047103,,-27.883333333333333,"0,0,0,0","0,0,0"
40.35,246,AV,2,0,0,84,4951.479839002994,,-40.35,"0,0,0,0","0,0,0"
5.1,253,AV,0,0,0,0,5568.958209200236,,-5.1,"0,0,0,0","0,0,0"
28.966666666666665,169,AV,2,0,0,21,2780.081336731352,,-28.966666666666665,"0,0,0,0","0,0,0"
45.86666666666667,138,AV,2,0,0,90,2142.030696222753,,-45.86666666666667,"0,0,0,0","0,0,0"
20.55,26,AV,0,0,0,48,670.158540600369,,-20.55,"0,0,0,0","0,0,0"
25.65,24,AV,2,0,0,8,650.412147456106,,-25.65,"0,0,0,0","0,0,0"
35.8,39,AV,2,0,0,52,827.3783452591958,,-35.8,"0,0,0,0","0,0,0"
24.483333333333334,7,AV,2,0,0,3,506.5869000089976,,-24.483333333333334,"0,0,0,0","0,0,0"
24.05,262,AV,2,0,0,6,6007.794801579103,,-24.05,"0,0,0,0","0,0,0"
29.9,31,AV,2,0,0,22,777.0630287344238,,-29.9,"0,0,0,0","0,0,0"
18.783333333333335,130,AV,0,0,0,43,2030.86588445069,,-18.783333333333335,"0,0,0,0","0,0,0"
30.416666666666668,25,AV,2,0,0,22,658.4091024775607,,-30.416666666666668,"0,0,0,0","0,0,0"
29.8,32,AV,2,0,0,18,779.2240782816187,,-29.8,"0,0,0,0","0,0,0"
15.416666666666666,135,AV,0,0,0,32,2078.9202215407213,,-15.416666666666666,"0,0,0,0","0,0,0"
11.9,226,AV,0,0,0,25,4412.688598555705,,-11.9,"0,0,0,0","0,0,0"
37.28333333333333,184,AV,0,0,0,98,3001.8426729260827,,-37.28333333333333,"0,0,0,0","0,0,0"
40.6,63,AV,2,0,0,78,1076.386102050743,,-40.6,"0,0,0,0","0,0,0"
43.6,183,AV,2,0,0,84,2991.769966736588,,-43.6,"0,0,0,0","0,0,0"
30.05,210,AV,2,0,0,25,3759.463069718096,,-30.05,"0,0,0,0","0,0,0"
38.5,211,AV,2,0,0,61,3793.837230001502,,-38.5,"0,0,0,0","0,0,0"
26.283333333333335,259,AV,2,0,0,23,5899.132481879994,,-26.283333333333335,"0,0,0,0","0,0,0"
14.266666666666667,119,AV,0,0,0,27,1869.7531794209297,,-14.266666666666667,"0,0,0,0","0,0,0"
37.61666666666667,0,AV,2,0,0,61,419.7646265090227,,-37.61666666666667,"0,0,0,0","0,0,0"
26.066666666666666,80,AV,2,0,0,21,1301.8927857652438,,-26.066666666666666,"0,0,0,0","0,0,0"
25.45,250,AV,0,0,0,57,5168.6614957092925,,-25.45,"0,0,0,0","0,0,0"
23.083333333333332,51,AV,2,0,0,7,932.0432837729122,,-23.083333333333332,"0,0,0,0","0,0,0"
38.766666666666666,291,AV,2,0,0,68,12726.503958899895,,-38.766666666666666,"0,0,0,0","0,0,0"
39.13333333333333,273,AV,2,0,0,70,7336.658338656486,,-39.13333333333333,"0,0,0,0","0,0,0"
26.683333333333334,10,AV,2,0,0,26,513.7357984527049,,-26.683333333333334,"0,0,0,0","0,0,0"
43.53333333333333,36,AV,2,0,0,91,813.126641713825,,-43.53333333333333,"0,0,0,0","0,0,0"
36.666666666666664,227,AV,2,0,0,58,4429.527615460413,,-36.666666666666664,"0,0,0,0","0,0,0"
33.0,238,AV,2,0,0,32,4662.282088415262,,-33.0,"0,0,0,0","0,0,0"
43.766666666666666,152,AV,2,0,0,88,2417.357356239525,,-43.766666666666666,"0,0,0,0","0,0,0"
34.95,64,AV,2,0,0,48,1100.389953660579,,-34.95,"0,0,0,0","0,0,0"
36.083333333333336,151,AV,2,0,0,56,2382.718205806423,,-36.083333333333336,"0,0,0,0","0,0,0"
34.65,222,AV,2,0,0,59,4061.843573313689,,-34.65,"0,0,0,0","0,0,0"
32.06666666666667,241,AV,0,0,0,84,4756.448820673547,,-32.06666666666667,"0,0,0,0","0,0,0"
31.7,85,AV,2,0,0,44,1447.5744631551047,,-31.7,"0,0,0,0","0,0,0"
33.5,190,AV,2,0,0,49,3236.647802754315,,-33.5,"0,0,0,0","0,0,0"
34.2,97,AV,2,0,0,31,1530.0661682302475,,-34.2,"0,0,0,0","0,0,0"
32.6,164,AV,2,0,0,33,2645.062412614309,,-32.6,"0,0,0,0","0,0,0"
38.71666666666667,83,AV,2,0,0,50,1348.5865378412918,,-38.71666666666667,"0,0,0,0","0,0,0"
39.61666666666667,233,AV,2,0,0,80,4609.601315671212,,-39.61666666666667,"0,0,0,0","0,0,0"
36.45,242,AV,2,0,0,72,4818.617258984985,,-36.45,"0,0,0,0","0,0,0"
34.38333333333333,147,AV,2,0,0,60,2260.56382504795,,-34.38333333333333,"0,0,0,0","0,0,0"
23.6,268,AV,2,0,0,17,6446.254396158338,,-23.6,"0,0,0,0","0,0,0"
22.033333333333335,157,AV,0,0,0,53,2520.757475212996,,-22.033333333333335,"0,0,0,0","0,0,0"
41.55,187,AV,2,0,0,80,3119.7161673652217,,-41.55,"0,0,0,0","0,0,0"
24.233333333333334,77,AV,2,0,0,6,1275.9312017726234,,-24.233333333333334,"0,0,0,0","0,0,0"
30.75,38,AV,2,0,0,29,822.5771428470101,,-30.75,"0,0,0,0","0,0,0"
27.216666666666665,215,AV,2,0,0,10,3941.04555698938,,-27.216666666666665,"0,0,0,0","0,0,0"
42.583333333333336,30,AV,2,0,0,84,776.0711537761008,,-42.583333333333336,"0,0,0,0","0,0,0"
37.75,37,AV,2,0,0,71,816.2772675203604,,-37.75,"0,0,0,0","0,0,0"
22.166666666666668,270,AV,0,0,0,55,7099.697064525982,,-22.166666666666668,"0,0,0,0","0,0,0"
29.366666666666667,248,AV,2,0,0,28,5144.150368411208,,-29.366666666666667,"0,0,0,0","0,0,0"
30.366666666666667,101,AV,0,0,0,84,1573.7150367511856,,-30.366666666666667,"0,0,0,0","0,0,0"
33.25,113,AV,2,0,0,55,1805.1606101798543,,-33.25,"0,0,0,0","0,0,0"
27.05,186,AV,2,0,0,5,3064.640983136323,,-27.05,"0,0,0,0","0,0,0"
29.966666666666665,236,AV,2,0,0,38,4645.51881630073,,-29.966666666666665,"0,0,0,0","0,0,0"
32.483333333333334,58,AV,2,0,0,36,1011.0784796502788,,-32.483333333333334,"0,0,0,0","0,0,0"
39.31666666666667,278,AV,2,0,0,75,8326.33528790118,,-39.31666666666667,"0,0,0,0","0,0,0"
33.68333333333333,260,AV,2,0,0,45,5911.733280178027,,-33.68333333333333,"0,0,0,0","0,0,0"
24.016666666666666,87,AV,2,0,0,7,1457.5875839824732,,-24.016666666666666,"0,0,0,0","0,0,0"
23.95,287,AV,2,0,0,15,10708.821866752483,,-23.95,"0,0,0,0","0,0,0"
44.28333333333333,170,AV,2,0,0,79,2793.3389947689566,,-44.28333333333333,"0,0,0,0","0,0,0"
39.46666666666667,21,AV,2,0,0,68,626.2908344343901,,-39.46666666666667,"0,0,0,0","0,0,0"
6.85,12,AV,0,0,0,5,539.5213747330826,,-6.85,"0,0,0,0","0,0,0"
25.966666666666665,125,AV,2,0,0,19,1950.0200213032829,,-25.966666666666665,"0,0,0,0","0,0,0"
41.05,281,AV,2,0,0,87,8475.089255911002,,-41.05,"0,0,0,0","0,0,0"
33.9,208,AV,0,0,0,91,3608.770587345788,,-33.9,"0,0,0,0","0,0,0"
40.2,5,AV,2,0,0,70,491.0984231068265,,-40.2,"0,0,0,0","0,0,0"
38.016666666666666,126,AV,2,0,0,69,1996.532829496936,,-38.016666666666666,"0,0,0,0","0,0,0"
22.333333333333332,293,AV,2,0,0,5,13351.937436366714,,-22.333333333333332,"0,0,0,0","0,0,0"
42.81666666666667,23,AV,2,0,0,65,640.5426603936758,,-42.81666666666667,"0,0,0,0","0,0,0"
15.3,252,AV,0,0,0,30,5480.041794665195,,-15.3,"0,0,0,0","0,0,0"
37.333333333333336,6,AV,2,0,0,63,497.26542980048754,,-37.333333333333336,"0,0,0,0","0,0,0"
35.45,180,AV,0,0,0,99,2968.817229463249,,-35.45,"0,0,0,0","0,0,0"
46.35,159,AV,2,0,0,91,2538.843693606908,,-46.35,"0,0,0,0","0,0,0"
32.06666666666667,297,AV,0,0,0,90,17693.100214811147,,-32.06666666666667,"0,0,0,0","0,0,0"
43.71666666666667,181,AV,2,0,0,97,2969.8754393798326,,-43.71666666666667,"0,0,0,0","0,0,0"
42.65,57,AV,2,0,0,87,978.4447105201264,,-42.65,"0,0,0,0","0,0,0"
11.916666666666666,182,AV,0,0,0,22,2987.078671303881,,-11.916666666666666,"0,0,0,0","0,0,0"
40.96666666666667,161,AV,2,0,0,86,2561.5826276178027,,-40.96666666666667,"0,0,0,0","0,0,0"
27.183333333333334,110,AV,0,0,0,68,1718.6657268339234,,-27.183333333333334,"0,0,0,0","0,0,0"
44.15,123,AV,2,0,0,79,1922.439846447592,,-44.15,"0,0,0,0","0,0,0"
6.833333333333333,17,AV,0,0,0,7,601.3137559373858,,-6.833333333333333,"0,0,0,0","0,0,0"
34.96666666666667,265,AV,2,0,0,30,6248.181898567973,,-34.96666666666667,"0,0,0,0","0,0,0"
34.483333333333334,201,AV,2,0,0,40,3458.1247672483346,,-34.483333333333334,"0,0,0,0","0,0,0"
17.216666666666665,175,AV,0,0,0,32,2942.323800284961,,-17.216666666666665,"0,0,0,0","0,0,0"
30.15,3,AV,2,0,0,30,457.16351791608827,,-30.15,"0,0,0,0","0,0,0"
44.13333333333333,247,AV,2,0,0,91,5064.807770076448,,-44.13333333333333,"0,0,0,0","0,0,0"
41.93333333333333,224,AV,2,0,0,70,4223.122456076251,,-41.93333333333333,"0,0,0,0","0,0,0"
47.13333333333333,219,AV,2,0,0,92,3987.5502105766736,,-47.13333333333333,"0,0,0,0","0,0,0"
43.5,174,AV,2,0,0,78,2909.5116230827134,,-43.5,"0,0,0,0","0,0,0"
43.766666666666666,88,AV,2,0,0,71,1460.106853854364,,-43.766666666666666,"0,0,0,0","0,0,0"
35.516666666666666,60,AV,2,0,0,55,1017.530975349866,,-35.516666666666666,"0,0,0,0","0,0,0"
37.7,163,AV,2,0,0,70,2580.565825479665,,-37.7,"0,0,0,0","0,0,0"
28.016666666666666,255,AV,2,0,0,29,5654.280440205098,,-28.016666666666666,"0,0,0,0","0,0,0"
26.9,142,AV,2,0,0,26,2193.4249838744518,,-26.9,"0,0,0,0","0,0,0"
25.65,14,AV,2,0,0,23,571.0932451196882,,-25.65,"0,0,0,0","0,0,0"
26.866666666666667,240,AV,2,0,0,19,4705.31956239884,,-26.866666666666667,"0,0,0,0","0,0,0"
27.4,200,AV,0,0,0,59,3456.1529418207683,,-27.4,"0,0,0,0","0,0,0"
38.43333333333333,48,AV,2,0,0,77,923.9636394510808,,-38.43333333333333,"0,0,0,0","0,0,0"
32.016666666666666,212,AV,2,0,0,56,3822.7735841463273,,-32.016666666666666,"0,0,0,0","0,0,0"
21.816666666666666,162,AV,2,0,0,9,2574.4307659940623,,-21.816666666666666,"0,0,0,0","0,0,0"
30.6,275,AV,2,0,0,27,7658.5640246764915,,-30.6,"0,0,0,0","0,0,0"
34.03333333333333,69,AV,2,0,0,48,1150.2916000513435,,-34.03333333333333,"0,0,0,0","0,0,0"
10.366666666666667,185,AV,0,0,0,11,3048.604611013583,,-10.366666666666667,"0,0,0,0","0,0,0"
46.416666666666664,166,AV,2,0,0,87,2675.3892374750885,,-46.416666666666664,"0,0,0,0","0,0,0"
22.716666666666665,223,AV,2,0,0,16,4090.160813256426,,-22.716666666666665,"0,0,0,0","0,0,0"
39.86666666666667,15,AV,2,0,0,71,572.7967315704935,,-39.86666666666667,"0,0,0,0","0,0,0"
34.7,78,AV,2,0,0,30,1291.2118623687816,,-34.7,"0,0,0,0","0,0,0"
39.083333333333336,109,AV,2,0,0,69,1684.196745492046,,-39.083333333333336,"0,0,0,0","0,0,0"
38.7,231,AV,2,0,0,73,4572.8741748457805,,-38.7,"0,0,0,0","0,0,0"
31.35,279,AV,2,0,0,47,8331.964781214912,,-31.35,"0,0,0,0","0,0,0"
24.85,221,AV,2,0,0,10,4034.238052294327,,-24.85,"0,0,0,0","0,0,0"
35.0,155,AV,2,0,0,64,2472.005569054355,,-35.0,"0,0,0,0","0,0,0"
43.68333333333333,44,AV,2,0,0,96,859.2772315809713,,-43.68333333333333,"0,0,0,0","0,0,0"
31.716666666666665,115,AV,2,0,0,36,1830.3424648913517,,-31.716666666666665,"0,0,0,0","0,0,0"
47.3,235,AV,2,0,0,98,4635.813442599864,,-47.3,"0,0,0,0","0,0,0"
43.916666666666664,1,AV,2,0,0,88,437.5592869272848,,-43.916666666666664,"0,0,0,0","0,0,0"
31.6,199,AV,2,0,0,53,3414.9419898187493,,-31.6,"0,0,0,0","0,0,0"
26.3,177,AV,2,0,0,27,2953.464044858564,,-26.3,"0,0,0,0","0,0,0"
33.95,112,AV,0,0,0,91,1799.695682844959,,-33.95,"0,0,0,0","0,0,0"
36.36666666666667,245,AV,2,0,0,66,4950.077303955518,,-36.36666666666667,"0,0,0,0","0,0,0"
35.016666666666666,292,AV,2,0,0,59,13079.31179296209,,-35.016666666666666,"0,0,0,0","0,0,0"
30.25,65,AV,2,0,0,4,1111.987968807459,,-30.25,"0,0,0,0","0,0,0"
23.383333333333333,104,AV,2,0,0,16,1588.8002265047048,,-23.383333333333333,"0,0,0,0","0,0,0"
17.066666666666666,173,AV,0,0,0,40,2857.8751728516777,,-17.066666666666666,"0,0,0,0","0,0,0"
42.266666666666666,35,AV,2,0,0,76,806.3598325453933,,-42.266666666666666,"0,0,0,0","0,0,0"
20.216666666666665,99,AV,2,0,0,4,1552.9853059451273,,-20.216666666666665,"0,0,0,0","0,0,0"
