travel_time,id,kind,action,origin,destination,start_time,income,urgency,reward,observation,cost_table
22.95,101,AV,1,0,0,50,1503.4428459110418,0.2,-0.4295,"0.3378333333333333,0.23262274774774774,0.22318888888888885,0.2,0.5,0.0723041696201366","0,0,0"
21.516666666666666,255,AV,1,0,0,48,5590.116807812239,0.2,-0.4151666666666667,"0.3131271929824561,0.21076684881602914,0.20879059829059832,0.2,0.48,0.26884211459565416","0,0,0"
31.083333333333332,99,AV,1,0,0,68,1485.5718097438446,0.1,-0.4108333333333333,"0.45655882352941185,0.3353044444444444,0.32017328918322296,0.1,0.68,0.07144470866102204","0,0,0"
8.533333333333333,52,AV,1,0,0,19,946.1123250925148,0.2,-0.2853333333333333,"0.06305050505050505,0.08146833333333334,0.112268115942029,0.2,0.19,0.04550080917225548","0,0,0"
29.1,299,AV,0,0,0,54,20793.30768626012,0.1,-0.40542771898182584,"0.3263333333333334,0.2649917355371901,0.25281140350877196,0.1,0.54,1.0","0,0,0"
25.466666666666665,278,AV,1,0,0,54,8029.700924090037,0.3,-0.5546666666666666,"0.3263333333333334,0.2649917355371901,0.25281140350877196,0.3,0.54,0.386167561469594","0,0,0"
22.516666666666666,199,AV,2,0,0,46,3257.3450634265246,0.2,-0.4251666666666667,"0.2737076923076924,0.1984007936507936,0.20303703703703702,0.2,0.46,0.15665353067318508","0,0,0"
25.616666666666667,157,AV,0,0,0,52,2411.397471856681,0.3,-0.680575854078235,"0.3141519607843137,0.2516832061068702,0.2418421052631579,0.3,0.52,0.11596988359144483","0,0,0"
26.9,23,AV,2,0,0,56,646.5589615252754,0.9,-1.169,"0.39520114942528733,0.27962946428571434,0.2663067226890756,0.9,0.56,0.031094570006892704","0,0,0"
25.4,40,AV,2,0,0,54,857.6590975250949,0.5,-0.754,"0.3263333333333334,0.2649917355371901,0.25281140350877196,0.5,0.54,0.041246881470994735","0,0,0"
12.016666666666667,162,AV,2,0,0,23,2476.7673195544394,0.1,-0.22016666666666668,"0.06976530612244898,0.08781636726546907,0.11711827956989244,0.1,0.23,0.11911367623300487","0,0,0"
16.666666666666668,239,AV,1,0,0,42,4577.590037133467,0.2,-0.3666666666666667,"0.18226086956521736,0.16633634538152609,0.17521874999999998,0.2,0.42,0.22014727556589106","0,0,0"
20.216666666666665,106,AV,1,0,0,46,1567.0706205360798,0.1,-0.3021666666666667,"0.2737076923076924,0.1984007936507936,0.20303703703703702,0.1,0.46,0.07536418179256658","0,0,0"
11.666666666666666,251,AV,1,0,0,29,5003.647877951615,0.1,-0.21666666666666667,"0.09445833333333332,0.1101708542713568,0.13463218390804596,0.1,0.29,0.24063741822365012","0,0,0"
28.6,4,AV,2,0,0,59,465.3670128771111,0.4,-0.686,"0.452016129032258,0.29713306451612903,0.27647460317460315,0.4,0.59,0.0223806149506756","0,0,0"
7.95,26,AV,1,0,0,11,676.2529471816457,0.2,-0.2795,"0.050166666666666665,0.06897916666666666,0.10095833333333334,0.2,0.11,0.03252262494189429","0,0,0"
22.066666666666666,229,AV,2,0,0,47,4223.122456076251,0.7,-0.9206666666666666,"0.2769615384615385,0.20772881355932202,0.2100037878787879,0.7,0.47,0.20310008007368746","0,0,0"
5.116666666666666,282,AV,0,0,0,13,8475.089255911002,0.5,-0.5865645239565782,"0.050166666666666665,0.07516666666666666,0.10823809523809524,0.5,0.13,0.40758735376725097","0,0,0"
27.033333333333335,39,AV,2,0,0,56,849.0657401736111,0.3,-0.5703333333333334,"0.39520114942528733,0.27962946428571434,0.2663067226890756,0.3,0.56,0.040833606321069346","0,0,0"
33.18333333333333,258,AV,2,0,0,68,5721.231751015957,0.3,-0.6318333333333332,"0.45655882352941185,0.3353044444444444,0.32017328918322296,0.3,0.68,0.2751477464451918","0,0,0"
34.333333333333336,167,AV,2,0,0,70,2561.5826276178027,0.2,-0.5433333333333334,"0.4722096774193549,0.34546333333333346,0.3277144702842377,0.2,0.7,0.12319264766665551","0,0,0"
13.933333333333334,116,AV,1,0,0,37,1716.9764066453156,0.6,-0.7393333333333333,"0.13043693693693695,0.1395429553264605,0.15774137931034482,0.6,0.37,0.08257351031167907","0,0,0"
30.383333333333333,68,AV,2,0,0,63,1100.389953660579,0.6,-0.9038333333333333,"0.39376190476190476,0.3204539007092199,0.29857125603864737,0.6,0.63,0.052920390072797266","0,0,0"
11.95,179,AV,1,0,0,30,2818.3733061874163,0.5,-0.6194999999999999,"0.10380645161290321,0.11629015544041449,0.1387175925925926,0.5,0.3,0.13554232682517134","0,0,0"
28.6,6,AV,2,0,0,54,491.0984231068265,0.3,-0.5860000000000001,"0.3263333333333334,0.2649917355371901,0.25281140350877196,0.3,0.54,0.023618100136676975","0,0,0"
29.233333333333334,169,AV,0,0,0,54,2645.062412614309,0.3,-0.7057522071448923,"0.3263333333333334,0.2649917355371901,0.25281140350877196,0.3,0.54,0.1272073905952983","0,0,0"
30.183333333333334,264,AV,2,0,0,63,5912.288420941998,0.7,-1.0018333333333334,"0.39376190476190476,0.3204539007092199,0.29857125603864737,0.7,0.63,0.28433611958951305","0,0,0"
22.433333333333334,12,AV,2,0,0,48,571.0932451196882,0.4,-0.6243333333333334,"0.3131271929824561,0.21076684881602914,0.20879059829059832,0.4,0.48,0.027465242843352784","0,0,0"
15.233333333333333,93,AV,1,0,0,40,1434.4967426379471,0.1,-0.2523333333333333,"0.13924747474747476,0.1506638576779026,0.1706496598639456,0.1,0.4,0.06898838627708276","0,0,0"
30.966666666666665,297,AV,0,0,0,59,17693.100214811147,0.1,-0.42662242887666446,"0.452016129032258,0.29713306451612903,0.27647460317460315,0.1,0.59,0.8509035927219247","0,0,0"
31.116666666666667,187,AV,1,0,0,68,2909.8477340427667,0.1,-0.4111666666666667,"0.45655882352941185,0.3353044444444444,0.32017328918322296,0.1,0.68,0.13994155128890565","0,0,0"
35.8,22,AV,2,0,0,80,640.5426603936758,0.3,-0.6579999999999999,"0.4965357142857143,0.3720939716312057,0.35444202898550725,0.3,0.8,0.03080523166677017","0,0,0"
25.983333333333334,166,AV,1,0,0,55,2553.8725848963804,0.1,-0.35983333333333334,"0.35494642857142866,0.27312091503267977,0.26408846153846155,0.1,0.55,0.122821853234247","0,0,0"
32.833333333333336,245,AV,1,0,0,73,4689.4303597647895,0.4,-0.7283333333333334,"0.4603148148148149,0.3593651515151515,0.3400116959064327,0.4,0.73,0.22552594471842924","0,0,0"
23.783333333333335,0,AV,2,0,0,53,417.8295094645922,0.1,-0.3378333333333333,"0.32236666666666663,0.25943715846994536,0.2459567901234568,0.1,0.53,0.02009442248289757","0,0,0"
21.283333333333335,242,AV,1,0,0,47,4635.813442599864,0.8,-1.0128333333333335,"0.2769615384615385,0.20772881355932202,0.2100037878787879,0.8,0.47,0.222947378673338","0,0,0"
15.666666666666666,79,AV,1,0,0,41,1260.3927948639828,0.1,-0.25666666666666665,"0.16888541666666665,0.1596910569105691,0.17471874999999998,0.1,0.41,0.06061531017005197","0,0,0"
26.55,244,AV,1,0,0,55,4687.914961676448,0.4,-0.6655,"0.35494642857142866,0.27312091503267977,0.26408846153846155,0.4,0.55,0.22545306559254863","0,0,0"
35.233333333333334,32,AV,2,0,0,81,806.3598325453933,0.2,-0.5523333333333333,"0.48951333333333336,0.37448255813953485,0.3542997762863535,0.2,0.81,0.03877977687399022","0,0,0"
12.7,215,AV,1,0,0,33,3742.7752140142647,0.2,-0.327,"0.11318452380952382,0.12562774957698816,0.1466285714285714,0.2,0.33,0.17999902999980277","0,0,0"
13.816666666666666,91,AV,1,0,0,33,1405.7852601227096,0.1,-0.23816666666666667,"0.11318452380952382,0.12562774957698816,0.1466285714285714,0.1,0.33,0.06760758227281125","0,0,0"
29.133333333333333,102,AV,1,0,0,62,1509.578116022191,0.3,-0.5913333333333333,"0.39448148148148154,0.31530756013745703,0.2935343137254902,0.3,0.62,0.07259922946360745","0,0,0"
31.416666666666668,214,AV,2,0,0,67,3628.2404526711953,0.9,-1.2141666666666668,"0.43661538461538457,0.3343544600938968,0.3133087934560327,0.9,0.67,0.17449077883210845","0,0,0"
19.283333333333335,226,AV,1,0,0,45,4116.183110063293,0.4,-0.5928333333333333,"0.2507094594594595,0.19034422657952063,0.19287373737373736,0.4,0.45,0.1979571106324368","0,0,0"
16.783333333333335,147,AV,2,0,0,31,2276.662146114732,0.1,-0.26783333333333337,"0.10462643678160917,0.12258291457286434,0.14559895833333333,0.1,0.31,0.1094901388690128","0,0,0"
10.5,89,AV,1,0,0,21,1348.5865378412918,0.2,-0.305,"0.06565416666666667,0.08395963541666668,0.11365432098765432,0.2,0.21,0.06485675863549194","0,0,0"
31.366666666666667,262,AV,1,0,0,69,5899.132481879994,0.8,-1.1136666666666666,"0.46423888888888887,0.3434652014652015,0.3240323741007194,0.8,0.69,0.2837034189504176","0,0,0"
17.966666666666665,217,AV,1,0,0,43,3759.463069718096,0.4,-0.5796666666666667,"0.21002160493827163,0.17608174097664542,0.18512244897959185,0.4,0.43,0.18080158897481655","0,0,0"
8.283333333333333,153,AV,1,0,0,18,2337.3116255789537,0.1,-0.18283333333333335,"0.05303703703703703,0.07649712643678161,0.1079888888888889,0.1,0.18,0.11240691768935884","0,0,0"
21.316666666666666,143,AV,1,0,0,48,2212.8825544422834,0.2,-0.4131666666666667,"0.3131271929824561,0.21076684881602914,0.20879059829059832,0.2,0.48,0.1064228254509272","0,0,0"
35.93333333333333,63,AV,2,0,0,70,1046.6558973464134,0.1,-0.45933333333333326,"0.4722096774193549,0.34546333333333346,0.3277144702842377,0.1,0.7,0.05033619052528265","0,0,0"
36.25,8,AV,0,0,0,67,541.9839687696077,0.1,-1.016021907079741,"0.43661538461538457,0.3343544600938968,0.3133087934560327,0.1,0.67,0.026065307980208553","0,0,0"
29.233333333333334,33,AV,1,0,0,63,807.7368269013535,0.1,-0.3923333333333333,"0.39376190476190476,0.3204539007092199,0.29857125603864737,0.1,0.63,0.0388459998326814","0,0,0"
10.05,100,AV,1,0,0,20,1490.1599361877834,0.3,-0.40049999999999997,"0.06255882352941176,0.0817787878787879,0.11181999999999999,0.3,0.2,0.07166536265764283","0,0,0"
33.666666666666664,56,AV,2,0,0,70,968.7072844723906,0.3,-0.6366666666666667,"0.4722096774193549,0.34546333333333346,0.3277144702842377,0.3,0.7,0.04658745492005087","0,0,0"
26.65,19,AV,2,0,0,56,626.2908344343901,0.1,-0.36649999999999994,"0.39520114942528733,0.27962946428571434,0.2663067226890756,0.1,0.56,0.03011982720037529","0,0,0"
37.016666666666666,81,AV,2,0,0,75,1261.43865123121,0.5,-0.8701666666666666,"0.469652380952381,0.36574329501915703,0.3481618357487923,0.5,0.75,0.060665607909257666","0,0,0"
13.016666666666667,73,AV,2,0,0,22,1135.438045570021,0.1,-0.23016666666666669,"0.06985460992907801,0.08576206896551726,0.11612068965517242,0.1,0.22,0.0546059368091927","0,0,0"
20.45,95,AV,0,0,0,47,1457.5875839824732,0.3,-0.7103195358527472,"0.2769615384615385,0.20772881355932202,0.2100037878787879,0.3,0.47,0.07009888017699192","0,0,0"
20.166666666666668,121,AV,2,0,0,45,1836.3970218708375,0.5,-0.7016666666666667,"0.2507094594594595,0.19034422657952063,0.19287373737373736,0.5,0.45,0.08831673390204767","0,0,0"
22.216666666666665,256,AV,1,0,0,49,5611.673516276995,0.2,-0.4221666666666667,"0.31124774774774777,0.21963683127572012,0.21722404371584697,0.2,0.49,0.26987882836866295","0,0,0"
32.13333333333333,287,AV,1,0,0,72,10751.672106064549,0.3,-0.6213333333333333,"0.4672500000000001,0.35712179487179485,0.3353875,0.3,0.72,0.5170736791034491","0,0,0"
30.583333333333332,193,AV,1,0,0,67,3064.640983136323,0.3,-0.6058333333333333,"0.43661538461538457,0.3343544600938968,0.3133087934560327,0.3,0.67,0.14738592961625765","0,0,0"
17.083333333333332,270,AV,0,0,0,43,6709.13861087917,0.9,-1.1155484625622236,"0.21002160493827163,0.17608174097664542,0.18512244897959185,0.9,0.43,0.32265855495960655","0,0,0"
23.733333333333334,133,AV,2,0,0,53,2044.1603053436156,0.3,-0.5373333333333333,"0.32236666666666663,0.25943715846994536,0.2459567901234568,0.3,0.53,0.09830856813100321","0,0,0"
6.816666666666666,275,AV,0,0,0,20,7336.658338656486,0.2,-0.3090572173986416,"0.06255882352941176,0.0817787878787879,0.11181999999999999,0.2,0.2,0.35283748258601644","0,0,0"
14.933333333333334,172,AV,1,0,0,37,2744.255474143275,0.3,-0.44933333333333336,"0.13043693693693695,0.1395429553264605,0.15774137931034482,0.3,0.37,0.13197782265092123","0,0,0"
29.233333333333334,206,AV,0,0,0,57,3438.9188747307694,0.9,-1.279570052467479,"0.4237612612612613,0.2867654867256637,0.2705984848484848,0.9,0.57,0.16538585041970746","0,0,0"
25.85,97,AV,1,0,0,54,1474.5167950508735,0.1,-0.35850000000000004,"0.3263333333333334,0.2649917355371901,0.25281140350877196,0.1,0.54,0.07091304650992157","0,0,0"
13.416666666666666,3,AV,0,0,0,39,457.16351791608827,0.6,-1.3903870084986336,"0.1357719298245614,0.1471303538175046,0.16962015503875968,0.6,0.39,0.021986089217454062","0,0,0"
20.083333333333332,7,AV,2,0,0,38,508.6019702527906,0.1,-0.3008333333333333,"0.13701219512195126,0.1444063063063063,0.1631862745098039,0.1,0.38,0.024459887668034006","0,0,0"
7.016666666666667,246,AV,1,0,0,13,4818.617258984985,0.3,-0.37016666666666664,"0.050166666666666665,0.07516666666666666,0.10823809523809524,0.3,0.13,0.23173885231203734","0,0,0"
8.766666666666667,66,AV,1,0,0,23,1089.3140785512585,0.1,-0.18766666666666668,"0.06976530612244898,0.08781636726546907,0.11711827956989244,0.1,0.23,0.052387724694280345","0,0,0"
32.96666666666667,254,AV,1,0,0,76,5557.427333357366,0.2,-0.5296666666666667,"0.48578571428571427,0.36700968992248056,0.3504700239808154,0.2,0.76,0.26726999942532587","0,0,0"
31.15,90,AV,2,0,0,62,1365.417472605012,0.4,-0.7115,"0.39448148148148154,0.31530756013745703,0.2935343137254902,0.4,0.62,0.06566619862539994","0,0,0"
13.233333333333333,27,AV,1,0,0,34,720.4688823460104,0.1,-0.23233333333333334,"0.12671904761904762,0.13256020942408375,0.15055882352941177,0.1,0.34,0.034649075232127916","0,0,0"
10.2,189,AV,1,0,0,23,2965.4163440895786,0.2,-0.302,"0.06976530612244898,0.08781636726546907,0.11711827956989244,0.2,0.23,0.14261397892212588","0,0,0"
18.333333333333332,250,AV,1,0,0,44,4967.653125719208,0.9,-1.0833333333333333,"0.23676190476190473,0.1836029723991507,0.1889541666666667,0.9,0.44,0.2389063443235514","0,0,0"
18.75,252,AV,1,0,0,44,5144.150368411208,0.9,-1.0875,"0.23676190476190473,0.1836029723991507,0.1889541666666667,0.9,0.44,0.2473945197189757","0,0,0"
12.6,85,AV,1,0,0,30,1282.6858023855964,0.1,-0.226,"0.10380645161290321,0.11629015544041449,0.1387175925925926,0.1,0.3,0.06168743432932387","0,0,0"
21.683333333333334,51,AV,2,0,0,48,943.1907669438916,0.3,-0.5168333333333333,"0.3131271929824561,0.21076684881602914,0.20879059829059832,0.3,0.48,0.04536030443906415","0,0,0"
30.683333333333334,42,AV,2,0,0,65,870.7377108213431,0.1,-0.4068333333333334,"0.4336858974358973,0.3300174418604652,0.3052364864864865,0.1,0.65,0.04187586332869553","0,0,0"
14.183333333333334,149,AV,1,0,0,39,2294.767722006211,0.1,-0.24183333333333334,"0.1357719298245614,0.1471303538175046,0.16962015503875968,0.1,0.39,0.11036087940556741","0,0,0"
26.416666666666668,141,AV,1,0,0,55,2139.4702648744856,0.3,-0.5641666666666667,"0.35494642857142866,0.27312091503267977,0.26408846153846155,0.3,0.55,0.10289225250527183","0,0,0"
37.35,160,AV,2,0,0,86,2436.431929205765,0.3,-0.6735,"0.46308695652173915,0.3805185185185186,0.3579337606837607,0.3,0.86,0.11717385064309511","0,0,0"
29.066666666666666,291,AV,2,0,0,59,11515.391842589095,0.6,-0.8906666666666667,"0.452016129032258,0.29713306451612903,0.27647460317460315,0.6,0.59,0.5538027915682833","0,0,0"
30.35,113,AV,1,0,0,67,1635.9686818612918,0.2,-0.5035000000000001,"0.43661538461538457,0.3343544600938968,0.3133087934560327,0.2,0.67,0.07867765468320913","0,0,0"
27.583333333333332,120,AV,1,0,0,61,1809.16611953512,0.8,-1.0758333333333334,"0.44593548387096765,0.3065492063492064,0.2828897849462365,0.8,0.61,0.08700713454697676","0,0,0"
25.033333333333335,203,AV,1,0,0,53,3382.383844415393,0.2,-0.45033333333333336,"0.32236666666666663,0.25943715846994536,0.2459567901234568,0.2,0.53,0.16266694531964326","0,0,0"
29.516666666666666,98,AV,1,0,0,63,1474.807688008607,0.3,-0.5951666666666666,"0.39376190476190476,0.3204539007092199,0.29857125603864737,0.3,0.63,0.07092703624941481","0,0,0"
36.9,28,AV,2,0,0,74,736.5379020629116,0.1,-0.469,"0.4763657407407408,0.36495744680851067,0.34535000000000005,0.1,0.74,0.03542187290142414","0,0,0"
33.65,257,AV,1,0,0,77,5702.891177591027,0.1,-0.4365,"0.46728571428571436,0.3675092592592592,0.35122769953051647,0.1,0.77,0.27426570431405706","0,0,0"
24.2,159,AV,0,0,0,50,2421.0391237858234,0.6,-0.9659137348308872,"0.3378333333333333,0.23262274774774774,0.22318888888888885,0.6,0.5,0.11643357373995898","0,0,0"
22.8,112,AV,1,0,0,50,1628.9397076974285,0.1,-0.328,"0.3378333333333333,0.23262274774774774,0.22318888888888885,0.1,0.5,0.07833961446998668","0,0,0"
11.816666666666666,237,AV,0,0,0,31,4559.760277629775,0.3,-0.4839595991310777,"0.10462643678160917,0.12258291457286434,0.14559895833333333,0.3,0.31,0.21928979970044837","0,0,0"
10.733333333333333,86,AV,1,0,0,26,1293.252850487379,0.5,-0.6073333333333333,"0.08550387596899224,0.09991798941798943,0.12414285714285715,0.5,0.26,0.06219562899759039","0,0,0"
27.9,170,AV,1,0,0,61,2667.9339807116767,0.5,-0.7789999999999999,"0.44593548387096765,0.3065492063492064,0.2828897849462365,0.5,0.61,0.12830733911924","0,0,0"
34.4,49,AV,0,0,0,64,932.0432837729122,0.3,-0.965873463628856,"0.3894722222222222,0.3286907630522088,0.304942265795207,0.3,0.64,0.04482419525724574","0,0,0"
11.6,186,AV,1,0,0,27,2909.5116230827134,0.1,-0.216,"0.08763541666666667,0.10272359735973596,0.12747435897435896,0.1,0.27,0.13992538690731113","0,0,0"
24.266666666666666,103,AV,1,0,0,52,1527.6889462703334,0.2,-0.44266666666666665,"0.3141519607843137,0.2516832061068702,0.2418421052631579,0.2,0.52,0.07347022269476662","0,0,0"
16.733333333333334,44,AV,1,0,0,42,877.2934597877683,0.1,-0.2673333333333333,"0.18226086956521736,0.16633634538152609,0.17521874999999998,0.1,0.42,0.04219114500803879","0,0,0"
12.716666666666667,30,AV,1,0,0,29,777.0630287344238,0.6,-0.7271666666666666,"0.09445833333333332,0.1101708542713568,0.13463218390804596,0.6,0.29,0.037370823365822384","0,0,0"
34.85,82,AV,2,0,0,73,1265.4739572733297,0.3,-0.6485000000000001,"0.4603148148148149,0.3593651515151515,0.3400116959064327,0.3,0.73,0.060859675447862215","0,0,0"
30.45,50,AV,2,0,0,63,938.3100494872764,0.9,-1.2045,"0.39376190476190476,0.3204539007092199,0.29857125603864737,0.9,0.63,0.04512557903941836","0,0,0"
39.13333333333333,138,AV,0,0,0,85,2105.159940183184,0.1,-0.6338403202247402,"0.4578174603174604,0.3801533333333333,0.35711178861788617,0.1,0.85,0.10124218676253416","0,0,0"
8.466666666666667,92,AV,1,0,0,18,1434.2863071033526,0.2,-0.2846666666666667,"0.05303703703703703,0.07649712643678161,0.1079888888888889,0.2,0.18,0.06897826592789302","0,0,0"
28.166666666666668,71,AV,2,0,0,58,1117.0806745336297,0.5,-0.7816666666666667,"0.4356535087719298,0.290877581120944,0.2721039755351682,0.5,0.58,0.05372308684066549","0,0,0"
36.2,273,AV,2,0,0,78,7099.697064525982,0.9,-1.262,"0.46931666666666677,0.3680217391304347,0.35104468599033817,0.9,0.78,0.3414414470102487","0,0,0"
17.283333333333335,41,AV,1,0,0,42,861.805442805673,0.3,-0.4728333333333333,"0.18226086956521736,0.16633634538152609,0.17521874999999998,0.3,0.42,0.04144628915269407","0,0,0"
30.65,267,AV,1,0,0,67,6427.339783247283,0.1,-0.4065,"0.43661538461538457,0.3343544600938968,0.3133087934560327,0.1,0.67,0.3091061739780037","0,0,0"
8.566666666666666,148,AV,0,0,0,25,2280.385817754286,0.1,-0.31722335223465475,"0.07581481481481481,0.09463736263736264,0.12052020202020203,0.1,0.25,0.10966921916233309","0,0,0"
28.866666666666667,174,AV,1,0,0,63,2753.3979495063454,0.3,-0.5886666666666667,"0.39376190476190476,0.3204539007092199,0.29857125603864737,0.3,0.63,0.13241750620204337","0,0,0"
10.483333333333333,115,AV,1,0,0,26,1703.2333497257905,0.1,-0.2048333333333333,"0.08550387596899224,0.09991798941798943,0.12414285714285715,0.1,0.26,0.08191257376772525","0,0,0"
11.166666666666666,80,AV,1,0,0,26,1260.6549751070208,0.1,-0.21166666666666667,"0.08550387596899224,0.09991798941798943,0.12414285714285715,0.1,0.26,0.06062791904628244","0,0,0"
8.633333333333333,241,AV,1,0,0,18,4630.913868273173,0.2,-0.28633333333333333,"0.05303703703703703,0.07649712643678161,0.1079888888888889,0.2,0.18,0.22271174640161776","0,0,0"
32.9,216,AV,1,0,0,73,3758.845856207275,0.1,-0.42899999999999994,"0.4603148148148149,0.3593651515151515,0.3400116959064327,0.1,0.73,0.18077190569786353","0,0,0"
26.95,140,AV,1,0,0,56,2137.1188228190404,0.2,-0.46950000000000003,"0.39520114942528733,0.27962946428571434,0.2663067226890756,0.2,0.56,0.10277916602134513","0,0,0"
22.833333333333332,57,AV,2,0,0,50,969.457736312404,0.2,-0.42833333333333334,"0.3378333333333333,0.23262274774774774,0.22318888888888885,0.2,0.5,0.04662354594757456","0,0,0"
25.566666666666666,36,AV,2,0,0,54,818.0604611907775,0.2,-0.45566666666666666,"0.3263333333333334,0.2649917355371901,0.25281140350877196,0.2,0.54,0.03934248814734457","0,0,0"
19.083333333333332,290,AV,1,0,0,45,11185.875164713363,0.3,-0.49083333333333334,"0.2507094594594595,0.19034422657952063,0.19287373737373736,0.3,0.45,0.5379555448075637","0,0,0"
11.733333333333333,150,AV,1,0,0,29,2302.618320259251,0.9,-1.0173333333333334,"0.09445833333333332,0.1101708542713568,0.13463218390804596,0.9,0.29,0.11073843349034766","0,0,0"
14.55,185,AV,1,0,0,39,2891.134206742707,0.2,-0.34550000000000003,"0.1357719298245614,0.1471303538175046,0.16962015503875968,0.2,0.39,0.13904157291209238","0,0,0"
15.683333333333334,207,AV,2,0,0,34,3465.4556083993225,0.1,-0.25683333333333336,"0.12671904761904762,0.13256020942408375,0.15055882352941177,0.1,0.34,0.1666620655399256","0,0,0"
20.816666666666666,298,AV,2,0,0,45,19040.472291926453,0.1,-0.3081666666666667,"0.2507094594594595,0.19034422657952063,0.19287373737373736,0.1,0.45,0.91570194503052","0,0,0"
24.95,191,AV,1,0,0,53,2969.8754393798326,0.3,-0.5495,"0.32236666666666663,0.25943715846994536,0.2459567901234568,0.3,0.53,0.1428284275013291","0,0,0"
25.6,178,AV,2,0,0,53,2815.231094880572,0.9,-1.1560000000000001,"0.32236666666666663,0.25943715846994536,0.2459567901234568,0.9,0.53,0.13539121035278245","0,0,0"
17.583333333333332,183,AV,1,0,0,42,2857.712092786687,0.3,-0.47583333333333333,"0.18226086956521736,0.16633634538152609,0.17521874999999998,0.3,0.42,0.13743422335230565","0,0,0"
12.65,35,AV,1,0,0,30,816.2772675203604,0.1,-0.2265,"0.10380645161290321,0.11629015544041449,0.1387175925925926,0.1,0.3,0.03925673009012141","0,0,0"
34.3,171,AV,2,0,0,72,2675.3892374750885,0.7,-1.043,"0.4672500000000001,0.35712179487179485,0.3353875,0.7,0.72,0.1286658802843062","0,0,0"
11.066666666666666,260,AV,1,0,0,28,5849.7981009167725,0.3,-0.4106666666666666,"0.08873809523809523,0.1059035532994924,0.1306904761904762,0.3,0.28,0.28133081033481866","0,0,0"
26.816666666666666,195,AV,1,0,0,55,3119.7161673652217,0.2,-0.4681666666666667,"0.35494642857142866,0.27312091503267977,0.26408846153846155,0.2,0.55,0.1500346272193471","0,0,0"
21.983333333333334,231,AV,1,0,0,49,4304.4895651906745,0.6,-0.8198333333333333,"0.31124774774774777,0.21963683127572012,0.21722404371584697,0.6,0.49,0.207013219355909","0,0,0"
30.35,83,AV,2,0,0,63,1267.69032506861,0.4,-0.7035,"0.39376190476190476,0.3204539007092199,0.29857125603864737,0.4,0.63,0.0609662658868978","0,0,0"
23.0,127,AV,1,0,0,50,1921.5023446668008,0.2,-0.43000000000000005,"0.3378333333333333,0.23262274774774774,0.22318888888888885,0.2,0.5,0.09240965283924012","0,0,0"
22.25,139,AV,0,0,0,49,2113.1349678504243,0.2,-0.5644691617261786,"0.31124774774774777,0.21963683127572012,0.21722404371584697,0.2,0.49,0.10162572495605159","0,0,0"
19.516666666666666,182,AV,1,0,0,45,2853.537244729806,0.1,-0.2951666666666667,"0.2507094594594595,0.19034422657952063,0.19287373737373736,0.1,0.45,0.13723344490378397","0,0,0"
19.833333333333332,225,AV,1,0,0,46,4113.319853961603,0.7,-0.8983333333333333,"0.2737076923076924,0.1984007936507936,0.20303703703703702,0.7,0.46,0.19781940978440954","0,0,0"
14.75,263,AV,1,0,0,40,5911.733280178027,0.1,-0.2475,"0.13924747474747476,0.1506638576779026,0.1706496598639456,0.1,0.4,0.28430942153971994","0,0,0"
34.0,31,AV,1,0,0,79,802.5586880039084,0.2,-0.54,"0.48553125,0.36907017543859644,0.3517155388471178,0.2,0.79,0.038596970723144074","0,0,0"
22.033333333333335,259,AV,0,0,0,49,5807.233742044462,0.6,-0.8719930414363489,"0.31124774774774777,0.21963683127572012,0.21722404371584697,0.6,0.49,0.27928378830664774","0,0,0"
15.133333333333333,70,AV,1,0,0,39,1111.987968807459,0.2,-0.35133333333333333,"0.1357719298245614,0.1471303538175046,0.16962015503875968,0.2,0.39,0.05347816641708441","0,0,0"
26.916666666666668,29,AV,2,0,0,53,763.1985099142711,0.3,-0.5691666666666666,"0.32236666666666663,0.25943715846994536,0.2459567901234568,0.3,0.53,0.03670404542797105","0,0,0"
18.783333333333335,177,AV,0,0,0,45,2797.307504072895,0.1,-0.3950793188258823,"0.2507094594594595,0.19034422657952063,0.19287373737373736,0.1,0.45,0.13452922191505445","0,0,0"
32.63333333333333,9,AV,2,0,0,66,546.8646928603165,0.9,-1.2263333333333333,"0.4209102564102565,0.33352597402597406,0.3109458598726114,0.9,0.66,0.026300033698903796","0,0,0"
15.416666666666666,168,AV,1,0,0,40,2574.4307659940623,0.1,-0.25416666666666665,"0.13924747474747476,0.1506638576779026,0.1706496598639456,0.1,0.4,0.12381054543309646","0,0,0"
14.0,188,AV,1,0,0,34,2946.490055333797,0.1,-0.24000000000000002,"0.12671904761904762,0.13256020942408375,0.15055882352941177,0.1,0.34,0.14170376833700152","0,0,0"
13.483333333333333,212,AV,1,0,0,34,3539.477986656502,0.9,-1.0348333333333333,"0.12671904761904762,0.13256020942408375,0.15055882352941177,0.9,0.34,0.17022197911279557","0,0,0"
32.166666666666664,292,AV,1,0,0,71,11861.36896338871,0.2,-0.5216666666666667,"0.4537047619047619,0.3530316666666667,0.3326226666666666,0.2,0.71,0.57044166047841","0,0,0"
22.116666666666667,213,AV,2,0,0,48,3608.770587345788,0.1,-0.3211666666666667,"0.3131271929824561,0.21076684881602914,0.20879059829059832,0.1,0.48,0.17355442634701188","0,0,0"
22.483333333333334,269,AV,1,0,0,49,6563.608435155774,0.1,-0.3248333333333333,"0.31124774774774777,0.21963683127572012,0.21722404371584697,0.1,0.49,0.31565966003056356","0,0,0"
19.6,202,AV,1,0,0,45,3361.758609282253,0.6,-0.796,"0.2507094594594595,0.19034422657952063,0.19287373737373736,0.6,0.45,0.16167502833152653","0,0,0"
28.683333333333334,78,AV,2,0,0,51,1251.6500609663929,0.7,-0.9868333333333332,"0.33469918699186996,0.24318995098039217,0.23074497991967868,0.7,0.51,0.0601948511440276","0,0,0"
17.9,59,AV,1,0,0,42,985.0802174553831,0.2,-0.379,"0.18226086956521736,0.16633634538152609,0.17521874999999998,0.2,0.42,0.047374868506673815","0,0,0"
27.566666666666666,119,AV,1,0,0,58,1804.2001824470888,0.2,-0.4756666666666667,"0.4356535087719298,0.290877581120944,0.2721039755351682,0.2,0.58,0.08676831073101827","0,0,0"
38.016666666666666,211,AV,2,0,0,82,3523.1638559153366,0.6,-0.9801666666666666,"0.4843910256410257,0.3737987804878049,0.35421710526315786,0.6,0.82,0.16943739346690792","0,0,0"
23.733333333333334,272,AV,2,0,0,49,7081.334819999852,0.4,-0.6373333333333333,"0.31124774774774777,0.21963683127572012,0.21722404371584697,0.4,0.49,0.34055836266392014","0,0,0"
10.75,58,AV,0,0,0,25,978.4447105201264,0.2,-0.6141090467600612,"0.07581481481481481,0.09463736263736264,0.12052020202020203,0.2,0.25,0.04705575107546101","0,0,0"
11.883333333333333,118,AV,0,0,0,37,1794.439334206041,0.8,-1.0860164719779934,"0.13043693693693695,0.1395429553264605,0.15774137931034482,0.8,0.37,0.08629888814619799","0,0,0"
25.133333333333333,67,AV,1,0,0,53,1097.8259349569896,0.1,-0.3513333333333334,"0.32236666666666663,0.25943715846994536,0.2459567901234568,0.1,0.53,0.05279708026839882","0,0,0"
37.55,221,AV,0,0,0,68,3941.04555698938,0.6,-1.0516219315183897,"0.45655882352941185,0.3353044444444444,0.32017328918322296,0.6,0.68,0.18953432596938674","0,0,0"
21.766666666666666,227,AV,1,0,0,48,4159.866430607663,0.1,-0.31766666666666665,"0.3131271929824561,0.21076684881602914,0.20879059829059832,0.1,0.48,0.20005794620912742","0,0,0"
24.833333333333332,277,AV,1,0,0,52,7958.958807233507,0.2,-0.44833333333333336,"0.3141519607843137,0.2516832061068702,0.2418421052631579,0.2,0.52,0.38276540352897576","0,0,0"
33.11666666666667,289,AV,1,0,0,70,10838.007207066395,0.4,-0.7311666666666667,"0.4722096774193549,0.34546333333333346,0.3277144702842377,0.4,0.7,0.5212257410218565","0,0,0"
23.95,123,AV,0,0,0,49,1869.7531794209297,0.6,-0.9999489850863156,"0.31124774774774777,0.21963683127572012,0.21722404371584697,0.6,0.49,0.0899209114602018","0,0,0"
33.55,228,AV,1,0,0,91,4164.701887555128,0.3,-0.6355,"0.478427536231884,0.3820740740740742,0.35932585470085476,0.3,0.91,0.2002904949224166","0,0,0"
34.233333333333334,43,AV,2,0,0,71,873.8892656114449,0.1,-0.44233333333333336,"0.4537047619047619,0.3530316666666667,0.3326226666666666,0.1,0.71,0.04202742915158692","0,0,0"
29.75,154,AV,2,0,0,61,2344.9936519099742,0.8,-1.0975000000000001,"0.44593548387096765,0.3065492063492064,0.2828897849462365,0.8,0.61,0.11277636474640867","0,0,0"
16.466666666666665,261,AV,1,0,0,41,5882.279762541917,0.4,-0.5646666666666667,"0.16888541666666665,0.1596910569105691,0.17471874999999998,0.4,0.41,0.2828929312881198","0,0,0"
6.6,249,AV,0,0,0,18,4951.479839002994,0.2,-0.3265879473923914,"0.05303703703703703,0.07649712643678161,0.1079888888888889,0.2,0.18,0.23812853220437127","0,0,0"
37.6,2,AV,0,0,0,68,437.8567856598078,0.7,-1.7611555344698586,"0.45655882352941185,0.3353044444444444,0.32017328918322296,0.7,0.68,0.021057582192617507","0,0,0"
6.883333333333334,210,AV,1,0,0,7,3520.054626539052,0.1,-0.16883333333333334,"0.0,0.0,0.0,0.1,0.07,0.16928786317460437","0,0,0"
23.7,117,AV,1,0,0,51,1718.6657268339234,0.1,-0.33699999999999997,"0.33469918699186996,0.24318995098039217,0.23074497991967868,0.1,0.51,0.08265475376818426","0,0,0"
28.016666666666666,164,AV,2,0,0,58,2497.1975937909187,0.4,-0.6801666666666667,"0.4356535087719298,0.290877581120944,0.2721039755351682,0.4,0.58,0.12009621708435674","0,0,0"
12.833333333333334,145,AV,1,0,0,30,2222.040577514192,0.1,-0.22833333333333333,"0.10380645161290321,0.11629015544041449,0.1387175925925926,0.1,0.3,0.10686325672862912","0,0,0"
24.45,253,AV,1,0,0,52,5480.041794665195,0.4,-0.6445000000000001,"0.3141519607843137,0.2516832061068702,0.2418421052631579,0.4,0.52,0.26354834340696637","0,0,0"
10.366666666666667,84,AV,0,0,0,29,1275.6237969650936,0.5,-0.8388457223676864,"0.09445833333333332,0.1101708542713568,0.13463218390804596,0.5,0.29,0.06134780556380672","0,0,0"
16.983333333333334,296,AV,0,0,0,43,14754.343640924068,0.2,-0.39016632863973866,"0.21002160493827163,0.17608174097664542,0.18512244897959185,0.2,0.43,0.7095717460418045","0,0,0"
36.45,55,AV,2,0,0,73,961.7772661313056,0.4,-0.7645000000000001,"0.4603148148148149,0.3593651515151515,0.3400116959064327,0.4,0.73,0.04625417372950396","0,0,0"
25.95,124,AV,1,0,0,54,1888.2149669861096,0.5,-0.7595000000000001,"0.3263333333333334,0.2649917355371901,0.25281140350877196,0.5,0.54,0.09080878306984375","0,0,0"
17.15,218,AV,1,0,0,42,3778.090807703549,0.4,-0.5715,"0.18226086956521736,0.16633634538152609,0.17521874999999998,0.4,0.42,0.18169744153788722","0,0,0"
33.78333333333333,94,AV,2,0,0,79,1444.5182772575097,0.1,-0.4378333333333333,"0.48553125,0.36907017543859644,0.3517155388471178,0.1,0.79,0.06947034589460839","0,0,0"
26.966666666666665,232,AV,2,0,0,55,4343.557359248321,0.4,-0.6696666666666666,"0.35494642857142866,0.27312091503267977,0.26408846153846155,0.4,0.55,0.2088920832022542","0,0,0"
10.65,111,AV,1,0,0,27,1614.9573615816892,0.1,-0.20650000000000002,"0.08763541666666667,0.10272359735973596,0.12747435897435896,0.1,0.27,0.07766716993510497","0,0,0"
27.2,285,AV,1,0,0,56,9280.176126726552,0.9,-1.1720000000000002,"0.39520114942528733,0.27962946428571434,0.2663067226890756,0.9,0.56,0.4463059108608652","0,0,0"
18.883333333333333,284,AV,0,0,0,43,8987.033628468456,0.3,-0.5222147595527349,"0.21002160493827163,0.17608174097664542,0.18512244897959185,0.3,0.43,0.432207985572538","0,0,0"
8.733333333333333,247,AV,1,0,0,21,4925.450001742355,0.3,-0.3873333333333333,"0.06565416666666667,0.08395963541666668,0.11365432098765432,0.3,0.21,0.23687669494724078","0,0,0"
10.516666666666667,77,AV,1,0,0,24,1249.5878531833848,0.2,-0.3051666666666667,"0.07082312925170069,0.09137777777777778,0.11977956989247311,0.2,0.24,0.06009567462944302","0,0,0"
8.933333333333334,280,AV,0,0,0,18,8331.964781214912,0.7,-0.8253392464495738,"0.05303703703703703,0.07649712643678161,0.1079888888888889,0.7,0.18,0.4007041547661289","0,0,0"
23.366666666666667,60,AV,2,0,0,51,985.8695826897422,0.6,-0.8336666666666667,"0.33469918699186996,0.24318995098039217,0.23074497991967868,0.6,0.51,0.04741283097259167","0,0,0"
25.616666666666667,14,AV,1,0,0,53,586.3474640105957,0.2,-0.45616666666666666,"0.32236666666666663,0.25943715846994536,0.2459567901234568,0.2,0.53,0.028198854788170358","0,0,0"
13.383333333333333,114,AV,1,0,0,33,1691.6338586686718,0.1,-0.23383333333333334,"0.11318452380952382,0.12562774957698816,0.1466285714285714,0.1,0.33,0.08135472644337755","0,0,0"
28.683333333333334,24,AV,2,0,0,58,650.412147456106,0.1,-0.38683333333333336,"0.4356535087719298,0.290877581120944,0.2721039755351682,0.1,0.58,0.0312798789528752","0,0,0"
31.5,271,AV,1,0,0,68,6783.106781750961,0.3,-0.615,"0.45655882352941185,0.3353044444444444,0.32017328918322296,0.3,0.68,0.32621586156939947","0,0,0"
11.633333333333333,48,AV,1,0,0,28,931.9887487728153,0.1,-0.21633333333333332,"0.08873809523809523,0.1059035532994924,0.1306904761904762,0.1,0.28,0.04482157253839216","0,0,0"
22.8,87,AV,1,0,0,50,1297.4303329633815,0.4,-0.628,"0.3378333333333333,0.23262274774774774,0.22318888888888885,0.4,0.5,0.06239653414164128","0,0,0"
27.9,276,AV,1,0,0,56,7912.643587116454,0.2,-0.479,"0.39520114942528733,0.27962946428571434,0.2663067226890756,0.2,0.56,0.38053799359420826","0,0,0"
38.2,230,AV,2,0,0,85,4227.85786318916,0.6,-0.982,"0.4578174603174604,0.3801533333333333,0.35711178861788617,0.6,0.85,0.20332781715065273","0,0,0"
29.35,107,AV,2,0,0,58,1572.8756307612184,0.6,-0.8935,"0.4356535087719298,0.290877581120944,0.2721039755351682,0.6,0.58,0.07564335864661634","0,0,0"
32.55,125,AV,0,0,0,60,1899.102970895097,0.9,-1.3834693174081036,"0.43859722222222225,0.3046571428571428,0.2800392156862745,0.9,0.6,0.09133241327208338","0,0,0"
20.733333333333334,209,AV,1,0,0,46,3487.44186130441,0.4,-0.6073333333333334,"0.2737076923076924,0.1984007936507936,0.20303703703703702,0.4,0.46,0.16771943713451876","0,0,0"
18.083333333333332,137,AV,1,0,0,43,2088.64210540395,0.1,-0.2808333333333333,"0.21002160493827163,0.17608174097664542,0.18512244897959185,0.1,0.43,0.10044780450125744","0,0,0"
26.233333333333334,11,AV,1,0,0,54,567.550811201735,0.6,-0.8623333333333334,"0.3263333333333334,0.2649917355371901,0.25281140350877196,0.6,0.54,0.027294878706419726","0,0,0"
16.316666666666666,184,AV,2,0,0,33,2857.8751728516777,0.1,-0.26316666666666666,"0.11318452380952382,0.12562774957698816,0.1466285714285714,0.1,0.33,0.13744206626346972","0,0,0"
29.683333333333334,34,AV,2,0,0,59,813.126641713825,0.1,-0.39683333333333337,"0.452016129032258,0.29713306451612903,0.27647460317460315,0.1,0.59,0.03910520894427614","0,0,0"
25.566666666666666,69,AV,0,0,0,51,1104.4445206976068,0.2,-0.7272964265848101,"0.33469918699186996,0.24318995098039217,0.23074497991967868,0.2,0.51,0.05311538391880796","0,0,0"
21.8,223,AV,1,0,0,48,3971.0791127863904,0.2,-0.41800000000000004,"0.3131271929824561,0.21076684881602914,0.20879059829059832,0.2,0.48,0.19097871164626756","0,0,0"
27.25,155,AV,1,0,0,57,2382.718205806423,0.1,-0.37250000000000005,"0.4237612612612613,0.2867654867256637,0.2705984848484848,0.1,0.57,0.11459062895418437","0,0,0"
15.433333333333334,192,AV,1,0,0,40,3031.4508351358254,0.2,-0.35433333333333333,"0.13924747474747476,0.1506638576779026,0.1706496598639456,0.2,0.4,0.14578973585520302","0,0,0"
14.016666666666667,175,AV,1,0,0,37,2756.9260540590044,0.2,-0.3401666666666667,"0.13043693693693695,0.1395429553264605,0.15774137931034482,0.2,0.37,0.1325871812054576","0,0,0"
31.783333333333335,144,AV,1,0,0,71,2218.7455195521825,0.1,-0.4178333333333334,"0.4537047619047619,0.3530316666666667,0.3326226666666666,0.1,0.71,0.1067047894942801","0,0,0"
35.88333333333333,176,AV,2,0,0,79,2793.3389947689566,0.4,-0.7588333333333334,"0.48553125,0.36907017543859644,0.3517155388471178,0.4,0.79,0.1343383667916745","0,0,0"
7.966666666666667,38,AV,1,0,0,13,837.3801312568858,0.2,-0.2796666666666667,"0.050166666666666665,0.07516666666666666,0.10823809523809524,0.2,0.13,0.04027161738246258","0,0,0"
11.7,10,AV,1,0,0,29,548.7192496267361,0.1,-0.217,"0.09445833333333332,0.1101708542713568,0.13463218390804596,0.1,0.29,0.02638922377844295","0,0,0"
26.583333333333332,128,AV,1,0,0,54,1922.439846447592,0.3,-0.5658333333333333,"0.3263333333333334,0.2649917355371901,0.25281140350877196,0.3,0.54,0.09245473954670083","0,0,0"
28.766666666666666,75,AV,2,0,0,61,1167.011530479414,0.1,-0.3876666666666667,"0.44593548387096765,0.3065492063492064,0.2828897849462365,0.1,0.61,0.0561243813676915","0,0,0"
29.583333333333332,122,AV,1,0,0,65,1848.7234685638712,0.3,-0.5958333333333333,"0.4336858974358973,0.3300174418604652,0.3052364864864865,0.3,0.65,0.08890954226515282","0,0,0"
33.516666666666666,21,AV,2,0,0,67,636.6552097563458,0.9,-1.2351666666666667,"0.43661538461538457,0.3343544600938968,0.3133087934560327,0.9,0.67,0.030618274848933116","0,0,0"
26.85,5,AV,2,0,0,52,473.5024380788758,0.3,-0.5685,"0.3141519607843137,0.2516832061068702,0.2418421052631579,0.3,0.52,0.022771867046038015","0,0,0"
23.35,15,AV,2,0,0,48,595.9176043698985,0.4,-0.6335000000000001,"0.3131271929824561,0.21076684881602914,0.20879059829059832,0.4,0.48,0.028659105773905864","0,0,0"
30.65,61,AV,2,0,0,61,1020.5842314575186,0.9,-1.2065000000000001,"0.44593548387096765,0.3065492063492064,0.2828897849462365,0.9,0.61,0.04908234162917255","0,0,0"
23.75,204,AV,1,0,0,51,3387.2787239910285,0.4,-0.6375,"0.33469918699186996,0.24318995098039217,0.23074497991967868,0.4,0.51,0.16290235180953377","0,0,0"
24.466666666666665,132,AV,1,0,0,51,1993.780724220221,0.2,-0.44466666666666665,"0.33469918699186996,0.24318995098039217,0.23074497991967868,0.2,0.51,0.09588569333476842","0,0,0"
20.266666666666666,105,AV,1,0,0,46,1552.9853059451273,0.5,-0.7026666666666667,"0.2737076923076924,0.1984007936507936,0.20303703703703702,0.5,0.46,0.074686785256937","0,0,0"
28.35,129,AV,1,0,0,59,1929.5758599688188,0.2,-0.48350000000000004,"0.452016129032258,0.29713306451612903,0.27647460317460315,0.2,0.59,0.09279792753915007","0,0,0"
19.05,235,AV,1,0,0,44,4549.070920567666,0.5,-0.6905,"0.23676190476190473,0.1836029723991507,0.1889541666666667,0.5,0.44,0.21877572290115335","0,0,0"
9.933333333333334,109,AV,1,0,0,22,1597.8734280578535,0.1,-0.19933333333333333,"0.06985460992907801,0.08576206896551726,0.11612068965517242,0.1,0.22,0.07684556262848466","0,0,0"
20.483333333333334,190,AV,1,0,0,46,2968.817229463249,0.1,-0.30483333333333335,"0.2737076923076924,0.1984007936507936,0.20303703703703702,0.1,0.46,0.14277753565032827","0,0,0"
27.0,62,AV,2,0,0,56,1020.7360413649084,0.2,-0.47000000000000003,"0.39520114942528733,0.27962946428571434,0.2663067226890756,0.2,0.56,0.04908964253144747","0,0,0"
11.783333333333333,293,AV,0,0,0,33,12051.378145129962,0.3,-0.4427267518608427,"0.11318452380952382,0.12562774957698816,0.1466285714285714,0.3,0.33,0.5795796574055083","0,0,0"
18.55,236,AV,1,0,0,44,4549.115907877681,0.9,-1.0855000000000001,"0.23676190476190473,0.1836029723991507,0.1889541666666667,0.9,0.44,0.21877788644870882","0,0,0"
16.633333333333333,288,AV,1,0,0,42,10783.100237376317,0.1,-0.2663333333333333,"0.18226086956521736,0.16633634538152609,0.17521874999999998,0.1,0.42,0.518585133259083","0,0,0"
27.5,47,AV,0,0,0,52,923.9636394510808,0.2,-0.7996881015558444,"0.3141519607843137,0.2516832061068702,0.2418421052631579,0.2,0.52,0.04443562579808411","0,0,0"
12.95,74,AV,1,0,0,32,1150.2916000513435,0.4,-0.5295000000000001,"0.11062222222222223,0.12434087102177557,0.1460752688172043,0.4,0.32,0.05532027984231857","0,0,0"
7.95,240,AV,1,0,0,17,4609.601315671212,0.2,-0.2795,"0.0515111111111111,0.07585333333333333,0.10832051282051282,0.2,0.17,0.2216867746691962","0,0,0"
34.36666666666667,233,AV,2,0,0,65,4459.768546990965,0.3,-0.6436666666666666,"0.4336858974358973,0.3300174418604652,0.3052364864864865,0.3,0.65,0.21448095773323778","0,0,0"
20.566666666666666,25,AV,0,0,0,45,658.4091024775607,0.3,-0.96131042807749,"0.2507094594594595,0.19034422657952063,0.19287373737373736,0.3,0.45,0.03166447168540803","0,0,0"
29.3,274,AV,1,0,0,64,7130.271245067938,0.1,-0.393,"0.3894722222222222,0.3286907630522088,0.304942265795207,0.1,0.64,0.34291183262677855","0,0,0"
13.433333333333334,283,AV,0,0,0,40,8795.495569618428,0.7,-0.8684417013752963,"0.13924747474747476,0.1506638576779026,0.1706496598639456,0.7,0.4,0.42299646128116253","0,0,0"
32.96666666666667,108,AV,2,0,0,70,1596.1763216794554,0.6,-0.9296666666666666,"0.4722096774193549,0.34546333333333346,0.3277144702842377,0.6,0.7,0.07676394471545202","0,0,0"
35.86666666666667,18,AV,2,0,0,83,617.4453946714843,0.8,-1.1586666666666667,"0.48099305555555555,0.37644246031746037,0.35717872807017537,0.8,0.83,0.02969442880314238","0,0,0"
23.833333333333332,286,AV,1,0,0,51,9667.56212442905,0.3,-0.5383333333333333,"0.33469918699186996,0.24318995098039217,0.23074497991967868,0.3,0.51,0.4649362319020181","0,0,0"
31.216666666666665,200,AV,1,0,0,68,3269.866339895674,0.1,-0.4121666666666667,"0.45655882352941185,0.3353044444444444,0.32017328918322296,0.1,0.68,0.15725570886715387","0,0,0"
32.233333333333334,194,AV,1,0,0,72,3097.4575811220984,0.4,-0.7223333333333334,"0.4672500000000001,0.35712179487179485,0.3353875,0.4,0.72,0.14896415846185204","0,0,0"
21.0,130,AV,1,0,0,46,1942.5668635563816,0.2,-0.41000000000000003,"0.2737076923076924,0.1984007936507936,0.20303703703703702,0.2,0.46,0.09342269603599423","0,0,0"
16.166666666666668,104,AV,2,0,0,34,1530.0661682302475,0.6,-0.7616666666666667,"0.12671904761904762,0.13256020942408375,0.15055882352941177,0.6,0.34,0.07358454899608351","0,0,0"
23.8,76,AV,1,0,0,51,1240.6560786390864,0.4,-0.638,"0.33469918699186996,0.24318995098039217,0.23074497991967868,0.4,0.51,0.05966612418566248","0,0,0"
29.65,46,AV,2,0,0,54,892.1845339920479,0.4,-0.6965,"0.3263333333333334,0.2649917355371901,0.25281140350877196,0.4,0.54,0.042907292454561666","0,0,0"
20.166666666666668,180,AV,1,0,0,45,2835.850686157305,0.2,-0.4016666666666667,"0.2507094594594595,0.19034422657952063,0.19287373737373736,0.2,0.45,0.13638285591431848","0,0,0"
22.466666666666665,220,AV,2,0,0,46,3849.958431883558,0.4,-0.6246666666666667,"0.2737076923076924,0.1984007936507936,0.20303703703703702,0.4,0.46,0.18515372782308936","0,0,0"
32.6,20,AV,0,0,0,61,632.5893922142865,0.1,-0.9002412751340866,"0.44593548387096765,0.3065492063492064,0.2828897849462365,0.1,0.61,0.030422739939172414","0,0,0"
30.283333333333335,181,AV,1,0,0,66,2850.5966631146844,0.2,-0.5028333333333334,"0.4209102564102565,0.33352597402597406,0.3109458598726114,0.2,0.66,0.13709202528649697","0,0,0"
31.266666666666666,16,AV,2,0,0,63,614.9217871931492,0.1,-0.4126666666666666,"0.39376190476190476,0.3204539007092199,0.29857125603864737,0.1,0.63,0.029573062471416202","0,0,0"
29.9,142,AV,1,0,0,65,2141.869626207308,0.1,-0.399,"0.4336858974358973,0.3300174418604652,0.3052364864864865,0.1,0.65,0.10300764354209123","0,0,0"
36.11666666666667,295,AV,0,0,0,66,13430.196447392702,0.4,-0.7835043890652278,"0.4209102564102565,0.33352597402597406,0.3109458598726114,0.4,0.66,0.6458903340456582","0,0,0"
13.066666666666666,265,AV,2,0,0,25,6081.635477498837,0.3,-0.43066666666666664,"0.07581481481481481,0.09463736263736264,0.12052020202020203,0.3,0.25,0.29248042539751784","0,0,0"
15.466666666666667,197,AV,1,0,0,40,3206.59631480788,0.4,-0.5546666666666666,"0.13924747474747476,0.1506638576779026,0.1706496598639456,0.4,0.4,0.15421290172735466","0,0,0"
35.083333333333336,88,AV,2,0,0,73,1310.9401185904849,0.3,-0.6508333333333334,"0.4603148148148149,0.3593651515151515,0.3400116959064327,0.3,0.73,0.06304625211008313","0,0,0"
15.9,163,AV,1,0,0,41,2476.7926805910606,0.9,-1.059,"0.16888541666666665,0.1596910569105691,0.17471874999999998,0.9,0.41,0.1191148959060364","0,0,0"
20.966666666666665,222,AV,1,0,0,46,3958.913906791885,0.4,-0.6096666666666667,"0.2737076923076924,0.1984007936507936,0.20303703703703702,0.4,0.46,0.1903936577347851","0,0,0"
17.9,126,AV,1,0,0,42,1900.764377468582,0.6,-0.7789999999999999,"0.18226086956521736,0.16633634538152609,0.17521874999999998,0.6,0.42,0.09141231429593938","0,0,0"
16.033333333333335,281,AV,1,0,0,40,8348.421721831439,0.1,-0.26033333333333336,"0.13924747474747476,0.1506638576779026,0.1706496598639456,0.1,0.4,0.4014956084811817","0,0,0"
23.583333333333332,146,AV,1,0,0,50,2255.9253983027734,0.6,-0.8358333333333333,"0.3378333333333333,0.23262274774774774,0.22318888888888885,0.6,0.5,0.1084928589689197","0,0,0"
27.316666666666666,224,AV,1,0,0,56,3987.5502105766736,0.1,-0.37316666666666665,"0.39520114942528733,0.27962946428571434,0.2663067226890756,0.1,0.56,0.1917708462137355","0,0,0"
18.416666666666668,266,AV,1,0,0,43,6130.868263041086,0.2,-0.38416666666666666,"0.21002160493827163,0.17608174097664542,0.18512244897959185,0.2,0.43,0.29484814804583803","0,0,0"
25.166666666666668,205,AV,1,0,0,53,3389.778327720714,0.2,-0.4516666666666667,"0.32236666666666663,0.25943715846994536,0.2459567901234568,0.2,0.53,0.16302256374345986","0,0,0"
28.333333333333332,161,AV,1,0,0,62,2446.4664131825853,0.3,-0.5833333333333333,"0.39448148148148154,0.31530756013745703,0.2935343137254902,0.3,0.62,0.11765643302624577","0,0,0"
28.5,152,AV,1,0,0,60,2326.172138461347,0.2,-0.485,"0.43859722222222225,0.3046571428571428,0.2800392156862745,0.2,0.6,0.11187119305691051","0,0,0"
32.81666666666667,208,AV,1,0,0,71,3480.90175047103,0.3,-0.6281666666666668,"0.4537047619047619,0.3530316666666667,0.3326226666666666,0.3,0.71,0.1674049075304721","0,0,0"
35.61666666666667,72,AV,2,0,0,72,1122.7546975855585,0.5,-0.8561666666666667,"0.4672500000000001,0.35712179487179485,0.3353875,0.5,0.72,0.05399596420763093","0,0,0"
22.55,110,AV,1,0,0,49,1614.9493849180149,0.3,-0.5255,"0.31124774774774777,0.21963683127572012,0.21722404371584697,0.3,0.49,0.07766678631823196","0,0,0"
30.933333333333334,294,AV,0,0,0,58,12197.400506638176,0.4,-0.7339287378899626,"0.4356535087719298,0.290877581120944,0.2721039755351682,0.4,0.58,0.5866022227285186","0,0,0"
34.85,198,AV,2,0,0,70,3245.380745418587,0.8,-1.1485,"0.4722096774193549,0.34546333333333346,0.3277144702842377,0.8,0.7,0.156078137946426","0,0,0"
23.566666666666666,165,AV,1,0,0,50,2530.9644311939346,0.9,-1.1356666666666666,"0.3378333333333333,0.23262274774774774,0.22318888888888885,0.9,0.5,0.12172014522087579","0,0,0"
26.916666666666668,13,AV,2,0,0,55,583.3206434887895,0.3,-0.5691666666666666,"0.35494642857142866,0.27312091503267977,0.26408846153846155,0.3,0.55,0.028053287735180215","0,0,0"
25.383333333333333,37,AV,2,0,0,51,832.4581618945489,0.2,-0.45383333333333337,"0.33469918699186996,0.24318995098039217,0.23074497991967868,0.2,0.51,0.040034908079806066","0,0,0"
19.25,173,AV,2,0,0,41,2747.619709803412,0.3,-0.4925,"0.16888541666666665,0.1596910569105691,0.17471874999999998,0.3,0.41,0.13213961680656489","0,0,0"
21.366666666666667,65,AV,1,0,0,46,1083.524948441525,0.4,-0.6136666666666667,"0.2737076923076924,0.1984007936507936,0.20303703703703702,0.4,0.46,0.05210931155303881","0,0,0"
28.866666666666667,158,AV,1,0,0,61,2417.357356239525,0.3,-0.5886666666666667,"0.44593548387096765,0.3065492063492064,0.2828897849462365,0.3,0.61,0.11625650871491097","0,0,0"
34.266666666666666,238,AV,1,0,0,82,4569.840806868062,0.2,-0.5426666666666666,"0.4843910256410257,0.3737987804878049,0.35421710526315786,0.2,0.82,0.21977459651057532","0,0,0"
28.766666666666666,135,AV,1,0,0,62,2052.607856914241,0.3,-0.5876666666666667,"0.39448148148148154,0.31530756013745703,0.2935343137254902,0.3,0.62,0.09871483113148809","0,0,0"
30.916666666666668,156,AV,1,0,0,67,2401.1770329784995,0.3,-0.6091666666666666,"0.43661538461538457,0.3343544600938968,0.3133087934560327,0.3,0.67,0.11547835819142706","0,0,0"
18.85,219,AV,1,0,0,44,3824.993837156676,0.3,-0.4885,"0.23676190476190473,0.1836029723991507,0.1889541666666667,0.3,0.44,0.18395312063237393","0,0,0"
16.516666666666666,96,AV,1,0,0,41,1460.8215047913693,0.5,-0.6651666666666667,"0.16888541666666665,0.1596910569105691,0.17471874999999998,0.5,0.41,0.07025440717912602","0,0,0"
27.416666666666668,234,AV,0,0,0,53,4547.885280126284,0.2,-0.5401313912631652,"0.32236666666666663,0.25943715846994536,0.2459567901234568,0.2,0.53,0.2187187026108142","0,0,0"
18.0,17,AV,2,0,0,37,615.3970356119416,0.3,-0.48,"0.13043693693693695,0.1395429553264605,0.15774137931034482,0.3,0.37,0.029595918306859183","0,0,0"
17.416666666666668,248,AV,1,0,0,42,4950.268578812107,0.4,-0.5741666666666667,"0.18226086956521736,0.16633634538152609,0.17521874999999998,0.4,0.42,0.238070279798878","0,0,0"
33.3,136,AV,1,0,0,75,2078.9202215407213,0.3,-0.633,"0.469652380952381,0.36574329501915703,0.3481618357487923,0.3,0.75,0.09998025580674873","0,0,0"
29.683333333333334,134,AV,1,0,0,63,2046.5713793034688,0.1,-0.39683333333333337,"0.39376190476190476,0.3204539007092199,0.29857125603864737,0.1,0.63,0.09842452245612708","0,0,0"
34.38333333333333,201,AV,0,0,0,61,3274.575105225111,0.1,-0.5354482727864861,"0.44593548387096765,0.3065492063492064,0.2828897849462365,0.1,0.61,0.15748216467690215","0,0,0"
33.4,268,AV,1,0,0,76,6434.117121135291,0.2,-0.534,"0.48578571428571427,0.36700968992248056,0.3504700239808154,0.2,0.76,0.3094321123996473","0,0,0"
30.1,1,AV,1,0,0,65,424.9057127261393,0.4,-0.7010000000000001,"0.4336858974358973,0.3300174418604652,0.3052364864864865,0.4,0.65,0.020434734056617176","0,0,0"
5.016666666666667,151,AV,0,0,0,14,2318.2944376966047,0.1,-0.27957214472926856,"0.05169047619047618,0.07625609756097561,0.10964999999999998,0.1,0.14,0.11149233554738845","0,0,0"
32.55,131,AV,2,0,0,68,1945.516475481125,0.6,-0.9255,"0.45655882352941185,0.3353044444444444,0.32017328918322296,0.6,0.68,0.09356454994251304","0,0,0"
15.266666666666667,279,AV,0,0,0,40,8134.997760071039,0.1,-0.289544365818901,"0.13924747474747476,0.1506638576779026,0.1706496598639456,0.1,0.4,0.39123153866695837","0,0,0"
11.5,54,AV,2,0,0,24,954.0002559944874,0.2,-0.315,"0.07082312925170069,0.09137777777777778,0.11977956989247311,0.2,0.24,0.045880158673594545","0,0,0"
15.25,45,AV,0,0,0,41,877.6907461205365,0.5,-0.9943060419641246,"0.16888541666666665,0.1596910569105691,0.17471874999999998,0.5,0.41,0.04221025145992046","0,0,0"
31.8,243,AV,1,0,0,69,4645.51881630073,0.1,-0.41800000000000004,"0.46423888888888887,0.3434652014652015,0.3240323741007194,0.1,0.69,0.22341413335457028","0,0,0"
14.816666666666666,53,AV,2,0,0,28,946.2003450753726,0.8,-0.9481666666666667,"0.08873809523809523,0.1059035532994924,0.1306904761904762,0.8,0.28,0.04550504226418034","0,0,0"
16.883333333333333,64,AV,2,0,0,38,1052.4070316009115,0.8,-0.9688333333333334,"0.13701219512195126,0.1444063063063063,0.1631862745098039,0.8,0.38,0.05061277635478482","0,0,0"
13.733333333333333,196,AV,1,0,0,35,3197.7177395395383,0.1,-0.23733333333333334,"0.13058333333333333,0.1381614853195164,0.15723563218390801,0.1,0.35,0.15378590976425258","0,0,0"
