travel_time,id,kind,action,origin,destination,start_time,income,urgency,reward,observation,cost_table
42.53333333333333,38,AV,2,0,0,73,912.6272274022258,0.2,-1.9604584884936702,"0.10735416666666665,0.2525270655270655,0.3293555555555555,0.2,0.73,0.055679518183730216","0,0,0"
29.716666666666665,199,AV,1,0,0,49,3480.90175047103,0.1,-2.612141338842528,"0.15923333333333337,0.2795803571428571,0.3451315789473684,0.1,0.49,0.2123703156028121","0,0,0"
43.61666666666667,49,AV,1,0,0,75,1017.530975349866,0.2,-2.2414802714567332,"0.21513333333333332,0.30963213213213214,0.335326388888889,0.2,0.75,0.06207971090865948","0,0,0"
22.683333333333334,271,AV,1,0,0,30,6248.181898567973,0.2,-7.158060239016004,"0.17554166666666668,0.3297932098765432,0.37111805555555555,0.2,0.3,0.38120247477915753","0,0,0"
40.71666666666667,117,AV,2,0,0,72,2105.159940183184,0.1,-2.1645226152641075,"0.16916666666666663,0.35906994047619045,0.3892536231884058,0.1,0.72,0.1284361102207503","0,0,0"
12.966666666666667,16,AV,1,0,0,5,743.7553910389753,0.6,-1.4612163995664713,"0.16945833333333332,0.3375797720797721,0.384078947368421,0.6,0.05,0.04537662319968277","0,0,0"
18.85,178,AV,1,0,0,20,3065.2253709468137,0.6,-8.754469430658704,"0.17613333333333334,0.30122272727272725,0.33535,0.6,0.2,0.18700984000299187","0,0,0"
49.15,93,AV,1,0,0,99,1653.1781197118603,0.1,-2.051861226864594,"0.19947222222222222,0.31871865443425074,0.3594,0.1,0.99,0.10086063445581676","0,0,0"
11.833333333333334,281,AV,0,0,0,31,7897.119961473183,0.2,-10.719659236233973,"0.18038888888888888,0.295934250764526,0.33972435897435893,0.2,0.31,0.4818044227603904","0,0,0"
45.43333333333333,203,AV,1,0,0,88,3580.4564780460023,0.1,-4.1078806225393105,"0.1360952380952381,0.24836544342507647,0.2983627450980392,0.1,0.88,0.2184441638267638","0,0,0"
38.38333333333333,32,AV,1,0,0,66,861.805442805673,0.2,-1.6706548272571253,"0.18474999999999997,0.3069304347826087,0.3574313725490196,0.2,0.66,0.052578873808229655","0,0,0"
41.93333333333333,275,AV,1,0,0,76,6947.27484286379,0.4,-29.426504216574575,"0.13655555555555557,0.26961477987421384,0.34243650793650793,0.4,0.76,0.4238542356901661","0,0,0"
10.083333333333334,138,AV,0,0,0,23,2398.572127464108,0.1,-6.610747532456139,"0.19800000000000004,0.3129036697247707,0.3456944444444444,0.1,0.23,0.14633722989645767","0,0,0"
20.333333333333332,88,AV,1,0,0,22,1579.1767070066765,0.2,-1.6217134533233546,"0.13896666666666666,0.2946192660550459,0.3155625,0.2,0.22,0.09634579764115309","0,0,0"
47.88333333333333,110,AV,1,0,0,93,1950.0200213032829,0.1,-2.3579156234024965,"0.20056862745098042,0.31511326860841427,0.36688333333333334,0.1,0.93,0.11897100149406448","0,0,0"
39.56666666666667,184,AV,2,0,0,87,3169.820795106812,0.3,-9.501457787352994,"0.22633333333333333,0.2784568965517241,0.31708771929824564,0.3,0.87,0.1933912218493663","0,0,0"
35.96666666666667,83,AV,1,0,0,59,1528.3774584247917,1.0,-13.88147540101305,"0.14118181818181819,0.2734906542056074,0.3268787878787879,1.0,0.59,0.09324652819114326","0,0,0"
44.81666666666667,75,AV,1,0,0,82,1421.705549214182,0.2,-3.2179850352162758,"0.19879166666666667,0.3084843304843305,0.3717368421052631,0.2,0.82,0.08673845969367815","0,0,0"
36.8,295,AV,1,0,0,62,11940.25564443948,0.2,-22.191990288655195,"0.19711111111111113,0.3376957928802588,0.37024999999999997,0.2,0.62,0.7284767113133074","0,0,0"
42.083333333333336,86,AV,2,0,0,92,1552.9853059451273,1.0,-16.503736942388244,"0.21923333333333336,0.3445301587301588,0.39188636363636364,1.0,0.92,0.09474785650168589","0,0,0"
48.78333333333333,206,AV,1,0,0,99,3651.018124108644,0.1,-4.49769783218266,"0.2422777777777778,0.30565136054421765,0.3564038461538461,0.1,0.99,0.2227491399846658","0,0,0"
42.78333333333333,262,AV,1,0,0,78,5807.233742044462,0.1,-6.2740610335977,"0.15229166666666666,0.30409116809116815,0.36405263157894735,0.1,0.78,0.3543001644359528","0,0,0"
14.983333333333333,89,AV,1,0,0,5,1592.2311391495805,0.2,-1.204895449575314,"0.19362962962962965,0.3052075757575758,0.3552777777777778,0.2,0.05,0.09714225042061717","0,0,0"
33.7,218,AV,1,0,0,56,3942.222625638348,0.3,-10.064613824546386,"0.19899999999999998,0.270589970501475,0.3440942028985507,0.3,0.56,0.24051556843569988","0,0,0"
47.766666666666666,12,AV,1,0,0,92,646.5589615252754,0.2,-1.5597962826022216,"0.19428333333333334,0.29811711711711714,0.34314035087719297,0.2,0.92,0.0394466550790664","0,0,0"
39.6,25,AV,1,0,0,67,806.3598325453933,0.1,-0.8063598325453932,"0.1617708333333333,0.30441369047619043,0.35745,0.1,0.67,0.049196129165071385","0,0,0"
31.583333333333332,111,AV,1,0,0,51,1996.532829496936,0.1,-1.5923525723470933,"0.17013333333333333,0.31274691358024687,0.35606666666666664,0.1,0.51,0.12180875460051814","0,0,0"
44.266666666666666,241,AV,1,0,0,79,4756.448820673547,0.5,-26.584865462350464,"0.1438,0.2922939393939394,0.34503999999999996,0.5,0.79,0.2901916255057689","0,0,0"
39.85,134,AV,1,0,0,68,2335.4036410281064,0.4,-9.400589403532328,"0.1690333333333333,0.31824393939393936,0.34438888888888886,0.4,0.68,0.14248331146892657","0,0,0"
45.55,126,AV,1,0,0,89,2198.5025098873134,0.2,-5.057666127543794,"0.15244444444444447,0.2938480825958702,0.3099270833333333,0.2,0.89,0.13413095380102685","0,0,0"
21.383333333333333,205,AV,1,0,0,27,3630.005597296026,0.4,-7.840567645338049,"0.16736111111111115,0.3101318181818182,0.35848611111111117,0.4,0.27,0.22146716270673647","0,0,0"
39.4,82,AV,1,0,0,68,1527.6889462703334,0.2,-3.0399466910631885,"0.15350000000000003,0.3289579831932773,0.36180392156862745,0.2,0.68,0.09320452196573949","0,0,0"
38.833333333333336,263,AV,2,0,0,78,5899.132481879994,0.1,-5.784923688038885,"0.1539833333333333,0.3194734513274337,0.3638787878787879,0.1,0.78,0.3599069197486334","0,0,0"
31.333333333333332,17,AV,2,0,0,47,743.7818724069466,0.1,-0.5885142761469105,"0.11897916666666668,0.2982706270627063,0.3294920634920635,0.1,0.47,0.045378238831745035","0,0,0"
48.583333333333336,278,AV,1,0,0,97,7336.658338656486,0.2,-18.001985738370085,"0.08022222222222222,0.2738260869565217,0.35696969696969694,0.2,0.97,0.4476105786782528","0,0,0"
38.7,112,AV,1,0,0,62,1997.7276787447236,0.7,-13.666273438685495,"0.0946111111111111,0.3006697247706422,0.3362111111111111,0.7,0.62,0.12188165252468854","0,0,0"
28.083333333333332,135,AV,1,0,0,41,2344.9936519099742,0.2,-3.326022140966588,"0.18253333333333333,0.3129102564102564,0.34498148148148144,0.2,0.41,0.1430683994098146","0,0,0"
14.516666666666667,260,AV,1,0,0,0,5611.673516276995,0.1,-2.0571412595443026,"0.2033333333333333,0.3148438438438438,0.3284275362318841,0.1,0.0,0.3423690069822918","0,0,0"
47.06666666666667,261,AV,2,0,0,100,5721.231751015957,0.6,-40.799895113305716,"0.14516666666666667,0.3473644067796611,0.36878703703703697,0.6,1.0,0.34905317061467583","0,0,0"
31.683333333333334,44,AV,1,0,0,52,959.5289757906356,0.6,-4.606223694388884,"0.16306666666666664,0.3061769911504425,0.3545984848484849,0.6,0.52,0.05854100058731211","0,0,0"
34.56666666666667,59,AV,1,0,0,58,1100.389953660579,0.5,-4.802627870143184,"0.17680555555555558,0.3631984126984127,0.3961884057971014,0.5,0.58,0.06713494907273335","0,0,0"
26.65,270,AV,1,0,0,41,6197.036257351283,0.4,-16.681920834182996,"0.16135185185185186,0.2631416666666666,0.32265942028985506,0.4,0.41,0.37808207186476134","0,0,0"
31.95,208,AV,1,0,0,54,3742.7752140142647,0.4,-12.078956372500581,"0.12766666666666665,0.25186336336336335,0.32873913043478253,0.4,0.54,0.22834725321478366","0,0,0"
15.733333333333333,247,AV,1,0,0,10,4999.976398121604,0.2,-3.9730452187094225,"0.1810454545454545,0.28256666666666663,0.3465486111111111,0.2,0.1,0.3050492779728728","0,0,0"
21.416666666666668,200,AV,1,0,0,24,3487.44186130441,0.7,-13.202668157589716,"0.2049047619047619,0.2787469135802469,0.33581333333333335,0.7,0.24,0.21276932870382087","0,0,0"
16.55,24,AV,1,0,0,6,802.5586880039084,0.4,-1.341651140046938,"0.148,0.2637282282282282,0.3194130434782609,0.4,0.06,0.04896422079080664","0,0,0"
31.083333333333332,227,AV,2,0,0,45,4434.023444374438,0.4,-13.921639265586412,"0.1691111111111111,0.26869724770642206,0.32082575757575754,0.4,0.45,0.27052040700219254","0,0,0"
24.25,68,AV,1,0,0,33,1279.3396024785957,0.2,-1.5668679474800982,"0.15819444444444444,0.28448129251700677,0.3133205128205128,0.2,0.33,0.07805269284167253","0,0,0"
42.983333333333334,257,AV,2,0,0,100,5427.330032863625,0.7,-41.23720079262922,"0.1860277777777778,0.32216975308641976,0.346698717948718,0.7,1.0,0.33112218459021436","0,0,0"
41.71666666666667,99,AV,1,0,0,74,1751.9448432672848,0.3,-5.536765079164159,"0.20241666666666666,0.3582356321839081,0.372525641025641,0.3,0.74,0.10688640644139001","0,0,0"
36.233333333333334,296,AV,1,0,0,62,13430.196447392702,0.3,-36.8652109553431,"0.19444444444444442,0.3209152298850575,0.3607777777777778,0.3,0.62,0.8193782136351887","0,0,0"
29.6,50,AV,1,0,0,48,1020.5842314575186,0.6,-4.577165644112507,"0.17647619047619048,0.3591515151515152,0.36565942028985504,0.6,0.48,0.062265990502190276","0,0,0"
23.75,210,AV,1,0,0,32,3778.090807703549,0.4,-9.063601685147404,"0.13485714285714284,0.32203000000000004,0.33442307692307693,0.4,0.32,0.23050186265656958","0,0,0"
33.53333333333333,95,AV,1,0,0,56,1664.0464513081895,0.3,-4.227350328323329,"0.2011296296296296,0.3124221183800623,0.3460833333333334,0.3,0.56,0.10152371292704225","0,0,0"
30.433333333333334,105,AV,2,0,0,38,1824.367004680513,0.5,-7.010299138355675,"0.15916666666666668,0.31819206349206347,0.35114814814814815,0.5,0.38,0.11130489290797409","0,0,0"
15.616666666666667,273,AV,1,0,0,5,6778.2755320215965,0.7,-18.71157795224312,"0.19829166666666664,0.34399382716049387,0.35408928571428566,0.7,0.05,0.41354356346985494","0,0,0"
37.03333333333333,274,AV,1,0,0,63,6918.069898529506,0.1,-6.469676479180371,"0.13597222222222224,0.2579469026548672,0.33687301587301577,0.1,0.63,0.42207243784292864","0,0,0"
47.78333333333333,60,AV,1,0,0,88,1122.7546975855585,0.2,-2.709543533651343,"0.18057142857142858,0.26040251572327056,0.32445,0.2,0.88,0.06849942531084642","0,0,0"
26.216666666666665,4,AV,1,0,0,34,522.2875039790788,0.1,-0.34577367161577904,"0.23555555555555555,0.33312893081761014,0.3555892857142857,0.1,0.34,0.03186483561060942","0,0,0"
11.516666666666667,118,AV,1,0,0,2,2117.047321722312,0.4,-2.4627604365490194,"0.19130555555555553,0.2984429824561403,0.32941666666666664,0.4,0.02,0.1291613610753066","0,0,0"
17.233333333333334,179,AV,1,0,0,18,3097.4575811220984,0.1,-1.3479676510438763,"0.17538888888888887,0.3272814465408805,0.3203472222222222,0.1,0.18,0.1889763317738599","0,0,0"
46.05,214,AV,1,0,0,92,3849.958431883558,0.3,-13.431104983957411,"0.17625925925925925,0.33673052959501554,0.3684861111111111,0.3,0.92,0.23488651672693153","0,0,0"
34.266666666666666,150,AV,1,0,0,61,2574.4307659940623,0.2,-4.455412167410599,"0.15575000000000003,0.28822875816993465,0.3819444444444444,0.2,0.61,0.1570663906838983","0,0,0"
30.916666666666668,96,AV,1,0,0,46,1691.6338586686718,0.3,-3.962096979583821,"0.14127777777777778,0.2476981981981982,0.35291666666666666,0.3,0.46,0.10320682461125344","0,0,0"
46.483333333333334,287,AV,1,0,0,92,8493.635575370567,0.1,-9.970012466207287,"0.19440000000000004,0.33040240240240243,0.3725964912280702,0.1,0.92,0.5181979260151864","0,0,0"
24.883333333333333,284,AV,2,0,0,13,8331.964781214912,0.2,-10.471063483462851,"0.16390476190476191,0.26612871287128714,0.3326666666666667,0.2,0.13,0.5083343676501888","0,0,0"
28.083333333333332,197,AV,1,0,0,43,3427.0421228311798,0.1,-2.4303728859303613,"0.1985,0.28808630952380954,0.3280083333333333,0.1,0.43,0.20908433198705015","0,0,0"
29.3,77,AV,1,0,0,47,1454.957177165027,0.6,-6.459128074384134,"0.19954166666666664,0.36630116959064324,0.3806439393939393,0.6,0.47,0.08876714628940657","0,0,0"
20.333333333333332,64,AV,1,0,0,24,1234.5997004771,0.5,-3.169637278160905,"0.19375,0.34461764705882353,0.37815789473684214,0.5,0.24,0.07532310499656578","0,0,0"
19.483333333333334,29,AV,1,0,0,20,837.3801312568858,0.3,-1.2359815321203278,"0.1697857142857143,0.313940251572327,0.33515833333333334,0.3,0.2,0.05108868204352069","0,0,0"
39.4,54,AV,1,0,0,63,1047.1205397958274,0.1,-1.0418320522211009,"0.14312962962962963,0.2734207920792079,0.32730555555555546,0.1,0.63,0.06388497448413621","0,0,0"
43.36666666666667,195,AV,2,0,0,74,3387.2787239910285,0.1,-3.709469377030579,"0.1326,0.30969969969969974,0.38144444444444436,0.1,0.74,0.20665836131437007","0,0,0"
39.78333333333333,10,AV,1,0,0,70,617.4453946714843,0.1,-0.6203039381653338,"0.11922222222222223,0.2540507936507936,0.3176746031746031,0.1,0.7,0.03767043218503426","0,0,0"
37.28333333333333,249,AV,2,0,0,57,5009.92015912814,0.1,-4.7168313956101215,"0.18662121212121213,0.28571634615384617,0.33427333333333337,0.1,0.57,0.3056559482596602","0,0,0"
26.033333333333335,15,AV,1,0,0,39,742.4887258523852,0.2,-0.9762351765836917,"0.1918833333333333,0.2822142857142857,0.3597222222222222,0.2,0.39,0.04529934377477431","0,0,0"
37.11666666666667,264,AV,2,0,0,49,5912.288420941998,0.3,-16.62457867858312,"0.1293095238095238,0.27535840707964604,0.3293833333333333,0.3,0.49,0.3607095654798067","0,0,0"
28.166666666666668,132,AV,1,0,0,43,2302.618320259251,0.6,-9.826830710197308,"0.24580952380952378,0.3001855670103093,0.3445128205128205,0.6,0.43,0.1404830743413262","0,0,0"
43.916666666666664,28,AV,1,0,0,80,822.5771428470101,0.1,-0.9122435906573534,"0.18481666666666666,0.28095212765957445,0.3242539682539683,0.1,0.8,0.05018554959514157","0,0,0"
41.916666666666664,79,AV,1,0,0,77,1509.578116022191,0.6,-9.587345863120731,"0.18183333333333335,0.31880532212885154,0.3505,0.6,0.77,0.09209957761185","0,0,0"
11.8,26,AV,1,0,0,1,816.2772675203604,0.1,-0.2432341352712185,"0.1905,0.34007727272727273,0.35685833333333344,0.1,0.01,0.049801193296892726","0,0,0"
39.5,190,AV,1,0,0,67,3301.717979419838,0.3,-9.880140923263907,"0.19107407407407412,0.33453492063492063,0.36082692307692305,0.3,0.67,0.20143828800281033","0,0,0"
50.61666666666667,35,AV,1,0,0,99,881.2906222289953,0.1,-1.126464486409705,"0.2005,0.3175194174757282,0.34303888888888884,0.1,0.99,0.05376766740263329","0,0,0"
42.21666666666667,72,AV,1,0,0,77,1391.0507319816634,0.5,-7.414839023799565,"0.10862500000000001,0.3236682098765432,0.3430520833333333,0.5,0.77,0.08486820489273883","0,0,0"
36.43333333333333,143,AV,2,0,0,59,2456.6540037696086,0.6,-13.561226394546374,"0.21075000000000002,0.3418319088319089,0.39309649122807017,0.6,0.59,0.14988081350956411","0,0,0"
43.6,185,AV,1,0,0,76,3227.056348793521,0.2,-7.106043273100886,"0.18939583333333332,0.30163301282051275,0.3279365079365079,0.2,0.76,0.1968831711979807","0,0,0"
49.11666666666667,42,AV,1,0,0,97,950.4213588862824,0.4,-4.71530596740383,"0.19061904761904763,0.312545584045584,0.3541458333333334,0.4,0.97,0.05798534357225696","0,0,0"
36.0,130,AV,1,0,0,61,2283.7291705859197,0.7,-14.53282199463767,"0.1818125,0.3069708737864077,0.37516666666666665,0.7,0.61,0.13933064460755065","0,0,0"
48.36666666666667,91,AV,1,0,0,96,1597.8734280578535,0.6,-11.709668404605784,"0.20464285714285715,0.29395495495495494,0.32221969696969693,0.6,0.96,0.09748648727706105","0,0,0"
29.7,124,AV,1,0,0,43,2187.718469250836,0.4,-6.563155407752507,"0.19352083333333334,0.2810927672955975,0.33441304347826084,0.4,0.43,0.13347301793336488","0,0,0"
23.483333333333334,222,AV,1,0,0,28,4196.147454418583,1.0,-24.883719542406492,"0.20655555555555555,0.32389365079365073,0.37156410256410255,1.0,0.28,0.25600755869947317","0,0,0"
38.36666666666667,248,AV,1,0,0,65,5004.1281918097375,0.5,-24.24137857227697,"0.24886666666666668,0.38374347826086963,0.4073166666666667,0.5,0.65,0.30530257950192263","0,0,0"
28.4,45,AV,0,0,0,98,968.7072844723906,0.7,-10.863106266492707,"0.18505555555555556,0.29647395833333334,0.33755128205128204,0.7,0.98,0.05910097051785686","0,0,0"
42.88333333333333,101,AV,1,0,0,79,1783.933402668827,0.9,-17.38659335252611,"0.08580555555555555,0.2754869565217391,0.32765789473684215,0.9,0.79,0.10883803304356732","0,0,0"
33.68333333333333,146,AV,1,0,0,61,2497.1975937909187,0.1,-2.124089367445895,"0.16658333333333336,0.3061572327044026,0.34490625,0.1,0.61,0.1523543837582307","0,0,0"
42.8,133,AV,2,0,0,75,2329.0008356791827,0.1,-2.5172029234108337,"0.22438095238095238,0.31013011695906434,0.3494736842105262,0.1,0.75,0.14209267539523954","0,0,0"
36.6,51,AV,1,0,0,62,1025.7249596144625,0.5,-4.740092616400167,"0.16704545454545452,0.29619206349206345,0.32688888888888884,0.5,0.62,0.06257962706517879","0,0,0"
39.1,216,AV,1,0,0,66,3898.759045987068,0.3,-11.548596871067753,"0.10861111111111109,0.31393019943019945,0.3561960784313725,0.3,0.66,0.237863849200441","0,0,0"
47.0,103,AV,1,0,0,92,1822.2981036688468,0.1,-2.1628285573847426,"0.15733333333333333,0.30021651090342677,0.34154666666666667,0.1,0.92,0.11117866896018841","0,0,0"
30.9,176,AV,1,0,0,49,3024.224513765153,0.2,-4.719623104815314,"0.24980303030303028,0.31993787878787877,0.3652543859649123,0.2,0.49,0.1845083718192154","0,0,0"
45.31666666666667,61,AV,1,0,0,83,1141.0395517097602,0.9,-11.751842958707723,"0.1384375,0.31157589285714293,0.33549999999999996,0.9,0.83,0.06961498688640157","0,0,0"
16.283333333333335,268,AV,1,0,0,15,6081.635477498837,0.1,-2.500739840705541,"0.1876875,0.328477207977208,0.3870444444444444,0.1,0.15,0.3710414537160996","0,0,0"
27.283333333333335,128,AV,1,0,0,40,2222.040577514192,0.2,-3.0618522099248593,"0.19949999999999998,0.3517592592592592,0.38829365079365075,0.2,0.4,0.13556701468666493","0,0,0"
8.283333333333333,292,AV,0,0,0,19,11185.875164713363,0.3,-13.019419137452704,"0.15408333333333332,0.2613108974358974,0.34226190476190477,0.3,0.19,0.6824518499272147","0,0,0"
40.05,115,AV,1,0,0,73,2052.607856914241,0.2,-4.151865892394715,"0.253625,0.3156535087719298,0.32622222222222225,0.2,0.73,0.12522990007480161","0,0,0"
27.3,41,AV,1,0,0,46,933.6906207466446,0.2,-1.287361310423404,"0.15048333333333333,0.28388839285714285,0.3589907407407407,0.2,0.46,0.05696459883606839","0,0,0"
47.15,139,AV,1,0,0,93,2401.1770329784995,0.2,-5.717954399239205,"0.1525,0.2970359195402299,0.3620555555555556,0.2,0.93,0.14649615555591702","0,0,0"
14.716666666666667,282,AV,1,0,0,6,7912.643587116454,0.1,-2.9405994475689514,"0.20738095238095236,0.28800160256410257,0.33929710144927533,0.1,0.06,0.48275152138985195","0,0,0"
25.816666666666666,193,AV,1,0,0,37,3361.758609282253,0.3,-6.574954653760366,"0.20013888888888887,0.2923214285714286,0.35680128205128203,0.3,0.37,0.2051013754516725","0,0,0"
18.716666666666665,102,AV,0,0,0,54,1797.659883656486,0.8,-12.797212287361056,"0.21369444444444444,0.35583333333333333,0.39170238095238097,0.8,0.54,0.10967548761954628","0,0,0"
36.18333333333333,74,AV,1,0,0,58,1411.5824788559885,1.0,-12.897919030287673,"0.2295277777777778,0.33739380530973456,0.3593461538461538,1.0,0.58,0.08612084971759994","0,0,0"
45.53333333333333,237,AV,1,0,0,87,4662.282088415262,0.3,-16.08251851710921,"0.22555555555555556,0.3444388888888889,0.3871764705882353,0.3,0.87,0.28444649964972557","0,0,0"
23.433333333333334,293,AV,1,0,0,31,11662.42845360034,0.1,-6.901251854276969,"0.1575,0.322880303030303,0.3774473684210527,0.1,0.31,0.7115264345082908","0,0,0"
45.13333333333333,294,AV,2,0,0,99,11861.36896338871,0.8,-108.15012509379335,"0.21533333333333335,0.31867028985507245,0.3635246913580247,0.8,0.99,0.7236638235754265","0,0,0"
30.15,175,AV,1,0,0,47,3017.17067826153,0.1,-2.297164039130938,"0.13505555555555554,0.2838244047619048,0.31814035087719306,0.1,0.47,0.18407801630231177","0,0,0"
23.783333333333335,223,AV,1,0,0,30,4237.057085974603,0.3,-7.634192502128483,"0.14430555555555558,0.3075599415204679,0.34450000000000003,0.3,0.3,0.2585034611947306","0,0,0"
12.116666666666667,234,AV,1,0,0,2,4617.1597275219765,1.0,-14.12742054675285,"0.19144444444444444,0.3355151515151515,0.3774358974358974,1.0,0.02,0.28169357793271527","0,0,0"
30.466666666666665,120,AV,1,0,0,49,2133.445027811215,0.1,-1.6413878412621634,"0.16222222222222224,0.31719067796610173,0.3590208333333333,0.1,0.49,0.1301617874782613","0,0,0"
29.283333333333335,211,AV,1,0,0,47,3783.636689084741,0.2,-5.595833049429201,"0.17333333333333337,0.3327463768115942,0.3505583333333333,0.2,0.47,0.23084021767594357","0,0,0"
39.36666666666667,81,AV,1,0,0,72,1526.0895405694364,0.1,-1.5170974304819063,"0.15703333333333336,0.2971276276276276,0.3542631578947369,0.1,0.72,0.0931069419942765","0,0,0"
38.416666666666664,251,AV,1,0,0,65,5064.807770076448,0.1,-4.913460399842682,"0.22716666666666668,0.32734027777777785,0.32510185185185186,0.1,0.65,0.3090046492846745","0,0,0"
14.683333333333334,73,AV,1,0,0,7,1404.912317929139,0.7,-3.646504320146885,"0.13545238095238096,0.30390265486725665,0.3647833333333333,0.7,0.07,0.0857139022417153","0,0,0"
46.0,288,AV,1,0,0,88,8689.506535985933,0.2,-20.187742457341056,"0.19766666666666663,0.29888333333333333,0.3118840579710145,0.2,0.88,0.5301480414465347","0,0,0"
28.133333333333333,256,AV,1,0,0,44,5386.149373461946,0.4,-15.306094515831253,"0.1893888888888889,0.3687587719298245,0.37849166666666667,0.4,0.44,0.32860974664717757","0,0,0"
39.85,170,AV,2,0,0,67,2942.323800284961,0.1,-2.960899076801912,"0.18605555555555553,0.3008243243243244,0.33157971014492754,0.1,0.67,0.17951159753004442","0,0,0"
23.783333333333335,266,AV,1,0,0,32,5960.007005011629,0.4,-14.318063966585179,"0.1971333333333333,0.29909226190476196,0.3491449275362319,0.4,0.32,0.36362088314558555","0,0,0"
26.1,168,AV,2,0,0,19,2909.8477340427667,0.1,-1.9178541883463691,"0.14864814814814814,0.26579613095238097,0.328219298245614,0.1,0.19,0.17753022806552007","0,0,0"
41.266666666666666,253,AV,1,0,0,71,5200.876525735832,0.2,-10.839537270809696,"0.13899999999999998,0.30734833333333333,0.35550000000000004,0.2,0.71,0.3173062236049365","0,0,0"
22.5,174,AV,1,0,0,29,2991.769966736588,0.2,-3.399738598564304,"0.17143750000000002,0.3007600574712644,0.3331145833333333,0.2,0.29,0.1825283152450044","0,0,0"
45.55,144,AV,1,0,0,83,2472.005569054355,0.4,-11.37372259297231,"0.14191666666666664,0.3454712643678161,0.35023148148148153,0.4,0.83,0.1508174147118467","0,0,0"
16.4,76,AV,1,0,0,9,1446.9812594843625,0.2,-1.1985097300779568,"0.19108333333333336,0.3006786786786787,0.3405797101449275,0.2,0.09,0.08828053440648413","0,0,0"
16.5,172,AV,1,0,0,12,2971.291490045772,0.1,-1.2380381208524052,"0.19822916666666668,0.28890031152647977,0.3413333333333333,0.1,0.12,0.18127892044168803","0,0,0"
29.616666666666667,3,AV,1,0,0,45,508.6019702527906,0.3,-1.1411435620444554,"0.1628,0.29553688524590166,0.3365256410256411,0.3,0.45,0.03102987923292612","0,0,0"
20.283333333333335,215,AV,1,0,0,14,3882.59008652233,0.2,-3.9773671172539355,"0.17696666666666666,0.3395309734513274,0.3556764705882353,0.2,0.14,0.23687737866187128","0,0,0"
30.933333333333334,53,AV,1,0,0,47,1046.6558973464134,0.1,-0.8175897918665588,"0.13260000000000002,0.3054034267912773,0.3554345238095238,0.1,0.47,0.0638566265815816","0,0,0"
16.333333333333332,269,AV,1,0,0,10,6130.868263041086,0.1,-2.528725125328394,"0.1962666666666667,0.2972324561403509,0.33638095238095234,0.1,0.1,0.37404515303114005","0,0,0"
36.18333333333333,37,AV,1,0,0,62,904.859336063587,0.1,-0.8267885600143297,"0.12822222222222224,0.28685574229691874,0.36567777777777777,0.1,0.62,0.05520559801780429","0,0,0"
44.55,279,AV,1,0,0,81,7612.519032757181,0.4,-34.256335647407305,"0.1816060606060606,0.2721235119047619,0.3455196078431373,0.4,0.81,0.46444087923489674","0,0,0"
46.916666666666664,36,AV,1,0,0,92,902.2448599555772,0.4,-4.275790034974663,"0.18238095238095237,0.2886605504587155,0.3052395833333333,0.4,0.92,0.05504608845505409","0,0,0"
31.683333333333334,0,AV,1,0,0,51,437.5592869272848,0.2,-0.7001685222632732,"0.18094444444444446,0.31955326460481104,0.37231818181818177,0.2,0.51,0.02669555492254686","0,0,0"
49.53333333333333,151,AV,1,0,0,94,2580.565825479665,0.1,-3.227879475305372,"0.1623846153846154,0.27041517857142855,0.3333888888888889,0.1,0.94,0.15744069154401974","0,0,0"
33.75,299,AV,1,0,0,58,16390.717038727882,0.1,-13.969361112552175,"0.18029487179487177,0.32831410256410254,0.35582499999999995,0.1,0.58,1.0","0,0,0"
49.78333333333333,94,AV,1,0,0,99,1659.6531244520008,0.1,-2.086441028088437,"0.168421568627451,0.2937125382262997,0.3638214285714286,0.1,0.99,0.1012556754247287","0,0,0"
41.45,8,AV,1,0,0,72,610.4868582393152,0.1,-0.639007077626758,"0.1965416666666667,0.32693715846994537,0.37097619047619046,0.1,0.72,0.03724589087816358","0,0,0"
18.733333333333334,207,AV,1,0,0,22,3667.3634505223554,0.1,-1.734897524573707,"0.22369047619047622,0.30944590643274855,0.332921052631579,0.1,0.22,0.2237463706961161","0,0,0"
29.466666666666665,63,AV,1,0,0,47,1167.011530479414,0.5,-4.341911586463812,"0.24275,0.31074561403508766,0.35203472222222226,0.5,0.47,0.0711995410403344","0,0,0"
16.016666666666666,232,AV,1,0,0,10,4559.760277629775,0.3,-5.532739427780573,"0.1858787878787879,0.31903939393939396,0.34347368421052626,0.3,0.1,0.27819162925307067","0,0,0"
46.06666666666667,166,AV,1,0,0,83,2872.269398564857,0.3,-10.023930072769273,"0.19808333333333333,0.27801315789473685,0.32964285714285707,0.3,0.83,0.1752375684223135","0,0,0"
25.7,189,AV,2,0,0,9,3292.2479258152307,0.3,-6.409906946473594,"0.183,0.3038304093567252,0.34811111111111115,0.3,0.09,0.20086051867263208","0,0,0"
6.833333333333333,158,AV,0,0,0,8,2675.3892374750885,0.1,-6.461662284244439,"0.19958333333333333,0.26714220183486237,0.3036929824561404,0.1,0.08,0.16322588152511547","0,0,0"
33.65,286,AV,1,0,0,61,8475.089255911002,1.0,-72.01685693469827,"0.14991666666666667,0.26926969696969694,0.3226597222222222,1.0,0.61,0.5170664124019781","0,0,0"
50.65,171,AV,1,0,0,100,2964.6777926145683,0.1,-3.791942681715351,"0.17053703703703704,0.27422491909385116,0.3220357142857143,0.1,1.0,0.18087541781178007","0,0,0"
29.5,191,AV,1,0,0,45,3323.1633986738134,0.1,-2.475588895476705,"0.18570833333333334,0.31519682539682536,0.3428333333333334,0.1,0.45,0.2027466761107439","0,0,0"
35.78333333333333,137,AV,1,0,0,62,2382.718205806423,0.4,-8.612282807855877,"0.21123333333333336,0.337716049382716,0.3688950617283951,0.4,0.62,0.14536997985973107","0,0,0"
17.95,180,AV,1,0,0,15,3101.095365071405,0.4,-5.622693111417346,"0.142,0.3273095238095239,0.3436014492753624,0.4,0.15,0.18919827349493964","0,0,0"
26.066666666666666,113,AV,1,0,0,35,2034.664800296876,0.5,-6.696581960573051,"0.14245833333333333,0.25086969696969696,0.31711904761904763,0.5,0.35,0.12413519161421571","0,0,0"
21.383333333333333,204,AV,1,0,0,29,3623.60917519969,0.1,-1.9566879510863648,"0.2388095238095238,0.3128368055555555,0.3681388888888889,0.1,0.29,0.2210769160762064","0,0,0"
46.666666666666664,78,AV,1,0,0,91,1467.6871321740252,0.1,-1.7295976305081104,"0.1610833333333333,0.2998316831683168,0.33268749999999997,0.1,0.91,0.0895438026723409","0,0,0"
38.85,225,AV,1,0,0,65,4412.688598555705,0.1,-4.329114950855787,"0.16977777777777778,0.35385087719298247,0.3950166666666666,0.1,0.65,0.2692187649954198","0,0,0"
15.3,164,AV,1,0,0,10,2835.850686157305,0.2,-2.1913391665760997,"0.19377777777777777,0.31155451713395643,0.370375,0.2,0.1,0.17301565754913437","0,0,0"
31.833333333333332,209,AV,1,0,0,53,3773.073658575576,0.1,-3.033068471329693,"0.18595833333333334,0.33823109243697475,0.38359803921568636,0.1,0.53,0.2301957656678827","0,0,0"
18.383333333333333,127,AV,1,0,0,20,2218.0502812558643,0.2,-2.059351397495975,"0.18177272727272725,0.3384614197530864,0.3320079365079365,0.2,0.2,0.13532356613899618","0,0,0"
33.516666666666666,66,AV,1,0,0,55,1265.4739572733297,0.4,-4.284289777906846,"0.11814285714285715,0.2967532679738562,0.35875,0.4,0.55,0.07720674783679542","0,0,0"
15.433333333333334,57,AV,1,0,0,2,1083.524948441525,1.0,-4.22282871320224,"0.16869999999999996,0.3087525252525252,0.34305,1.0,0.02,0.0661060126827508","0,0,0"
48.21666666666667,229,AV,1,0,0,94,4504.939201911708,0.2,-10.970361204655365,"0.14896666666666664,0.30850997150997145,0.37218518518518523,0.2,0.94,0.27484698755200676","0,0,0"
49.86666666666667,80,AV,1,0,0,98,1519.7273932229994,1.0,-19.137307914659992,"0.152125,0.3060294985250738,0.3603627450980392,1.0,0.98,0.09271878647115908","0,0,0"
21.633333333333333,196,AV,1,0,0,25,3414.9419898187493,0.4,-7.462280644418749,"0.20727777777777778,0.3247032520325203,0.32102380952380954,0.4,0.25,0.20834610113455965","0,0,0"
32.4,7,AV,1,0,0,53,583.3206434887895,0.4,-1.909049378690584,"0.16411666666666666,0.30554938271604937,0.36024242424242425,0.4,0.53,0.03558847621556294","0,0,0"
28.466666666666665,224,AV,1,0,0,44,4281.8327360815,0.4,-12.31207123438923,"0.1476666666666667,0.3029843304843305,0.36464444444444444,0.4,0.44,0.2612352300368808","0,0,0"
36.15,238,AV,1,0,0,61,4707.821121085941,0.2,-8.59534007713418,"0.15666666666666665,0.3279009433962264,0.34841176470588237,0.2,0.61,0.28722484257170267","0,0,0"
20.366666666666667,39,AV,1,0,0,25,913.5589076746268,0.3,-1.409556799467669,"0.18991666666666668,0.2578735632183908,0.3009083333333333,0.3,0.25,0.05573636013092506","0,0,0"
46.65,100,AV,1,0,0,89,1778.835052690156,0.4,-8.382086384646037,"0.1264,0.2722994100294985,0.2981746031746032,0.4,0.89,0.10852698197932012","0,0,0"
41.583333333333336,11,AV,1,0,0,74,623.7253316558669,0.3,-1.9648923011128636,"0.15445833333333334,0.29638888888888887,0.30896296296296294,0.3,0.74,0.038053572042158534","0,0,0"
49.916666666666664,267,AV,1,0,0,100,6007.794801579103,0.3,-22.718870493345214,"0.1892777777777778,0.3512149122807018,0.3823,0.3,1.0,0.3665364234757957","0,0,0"
26.95,85,AV,2,0,0,16,1546.5147326922538,0.8,-8.419913544657826,"0.14641666666666667,0.27943672839506173,0.34467424242424244,0.8,0.16,0.09435308589844842","0,0,0"
43.233333333333334,21,AV,1,0,0,79,779.2240782816187,0.3,-2.5521556301294437,"0.22503333333333336,0.2957937853107344,0.34152941176470586,0.3,0.79,0.047540572901141116","0,0,0"
14.9,70,AV,1,0,0,6,1365.417472605012,0.2,-1.027511128374479,"0.12619999999999998,0.2925077881619938,0.33608928571428576,0.2,0.06,0.08330431605760824","0,0,0"
22.516666666666666,169,AV,2,0,0,20,2927.9701715656583,0.4,-6.659406905362298,"0.1632142857142857,0.29162173913043477,0.35414814814814816,0.4,0.2,0.17863588058090862","0,0,0"
44.766666666666666,5,AV,1,0,0,83,567.9518330451218,0.7,-4.494373049206389,"0.20322222222222222,0.33144347826086956,0.34674242424242413,0.7,0.83,0.03465082288365841","0,0,0"
14.733333333333333,47,AV,1,0,0,9,981.8973671489576,0.2,-0.7306374348145444,"0.23516666666666666,0.3356865443425076,0.37955833333333333,0.2,0.09,0.05990569935585715","0,0,0"
26.316666666666666,201,AV,1,0,0,39,3508.846318545673,0.3,-6.995540829524769,"0.27449999999999997,0.38676412429378537,0.401875,0.3,0.39,0.2140752177134773","0,0,0"
30.416666666666668,186,AV,2,0,0,42,3236.647802754315,0.2,-4.972123097665509,"0.1672142857142857,0.2959120370370371,0.34313999999999995,0.2,0.42,0.19746834718132122","0,0,0"
43.833333333333336,187,AV,1,0,0,79,3252.767976975094,0.7,-25.2034757811917,"0.15258333333333335,0.32136928104575163,0.3777407407407407,0.7,0.79,0.19845184132515217","0,0,0"
31.166666666666668,108,AV,2,0,0,6,1929.5758599688188,0.4,-6.074590670272208,"0.19697222222222222,0.31198209366391183,0.3632692307692308,0.4,0.06,0.11772370027556629","0,0,0"
32.483333333333334,129,AV,1,0,0,55,2225.3307045190536,0.1,-1.825408056863483,"0.15305555555555556,0.30883628318584067,0.34422222222222226,0.1,0.55,0.13576774580764567","0,0,0"
36.983333333333334,33,AV,1,0,0,64,871.0408974081768,0.1,-0.8134847438336467,"0.14175757575757575,0.2784032738095238,0.3318823529411765,0.1,0.64,0.0531423302196046","0,0,0"
45.06666666666667,245,AV,1,0,0,82,4950.077303955518,0.1,-5.63342130887867,"0.14029166666666665,0.28041419141914187,0.3452866666666667,0.1,0.82,0.30200492707301985","0,0,0"
27.333333333333332,192,AV,1,0,0,40,3352.9358316496982,0.3,-6.942947934224122,"0.1773611111111111,0.27548566308243727,0.379525,0.3,0.4,0.20456309652148852","0,0,0"
17.016666666666666,87,AV,1,0,0,16,1564.4426034616197,0.2,-1.3445251667797253,"0.22946666666666665,0.35768926553672314,0.3517843137254903,0.2,0.16,0.09544686786826742","0,0,0"
17.533333333333335,160,AV,1,0,0,20,2756.9260540590044,0.1,-1.2206591788173708,"0.11049999999999999,0.32695280235988206,0.3531031746031746,0.1,0.2,0.16820045441239434","0,0,0"
31.65,107,AV,1,0,0,50,1885.557658153182,0.2,-3.0140353475024346,"0.20211111111111107,0.2913868501529052,0.34247999999999995,0.2,0.5,0.1150381434624244","0,0,0"
18.216666666666665,298,AV,1,0,0,20,15725.918848752755,0.2,-14.468374833069666,"0.14064583333333333,0.26323968253968255,0.31477499999999997,0.2,0.2,0.9594405669743218","0,0,0"
20.25,34,AV,1,0,0,22,873.8892656114449,0.1,-0.4468751926422162,"0.13929166666666667,0.29758554572271384,0.3271805555555556,0.1,0.22,0.05331610957267","0,0,0"
25.966666666666665,173,AV,1,0,0,39,2987.078671303881,0.1,-1.9586988930519558,"0.10153333333333332,0.26977575757575756,0.34746000000000005,0.1,0.39,0.18224209863705357","0,0,0"
33.1,97,AV,1,0,0,50,1697.366940102563,0.4,-5.675034920948974,"0.18200000000000002,0.2850973451327433,0.3126825396825397,0.4,0.5,0.10355660073272177","0,0,0"
15.25,290,AV,1,0,0,10,10426.353459350525,0.1,-4.015199248866048,"0.16244444444444445,0.29028318584070795,0.3262555555555556,0.1,0.1,0.636113321626821","0,0,0"
17.233333333333334,155,AV,1,0,0,15,2629.980017260476,0.3,-3.4335850225345106,"0.16197619047619047,0.32356422018348624,0.34523148148148153,0.3,0.15,0.16045545847972215","0,0,0"
26.816666666666666,181,AV,1,0,0,42,3132.463358685509,0.2,-4.242536653303858,"0.16172916666666665,0.2954800569800569,0.35883333333333334,0.2,0.42,0.19111203928932116","0,0,0"
31.6,165,AV,2,0,0,39,2857.8751728516777,0.9,-20.52473987775296,"0.13311111111111112,0.31419616519174043,0.3495238095238095,0.9,0.39,0.17435937464475218","0,0,0"
42.0,276,AV,1,0,0,77,6995.337061486569,0.1,-7.419296883394847,"0.15569444444444444,0.2858795379537954,0.3419347826086957,0.1,0.77,0.42678651854937344","0,0,0"
21.783333333333335,1,AV,1,0,0,26,477.1303205766694,0.9,-2.3621565492185876,"0.18353333333333333,0.3056296296296297,0.35494444444444445,0.9,0.26,0.029109789367317424","0,0,0"
47.7,69,AV,1,0,0,93,1323.5149786113286,0.5,-7.9711697575455025,"0.18059090909090908,0.28994393939393936,0.3145350877192983,0.5,0.93,0.0807478388824684","0,0,0"
15.85,252,AV,1,0,0,10,5168.6614957092925,0.2,-4.137539631666277,"0.13016666666666665,0.3012782874617737,0.32647619047619053,0.2,0.1,0.3153407799974102","0,0,0"
35.3,182,AV,1,0,0,61,3158.0604616132755,0.3,-8.445419264768834,"0.18697619047619046,0.29694845360824745,0.3436025641025641,0.3,0.61,0.19267372221431378","0,0,0"
33.516666666666666,148,AV,1,0,0,55,2553.8725848963804,0.2,-4.323095764500523,"0.15492857142857142,0.3002005899705015,0.356425,0.2,0.55,0.15581213310327466","0,0,0"
27.3,212,AV,1,0,0,42,3793.837230001502,0.3,-7.8463451802303785,"0.2021190476190476,0.2905296610169492,0.3567666666666667,0.3,0.42,0.2314625541419236","0,0,0"
50.28333333333333,23,AV,1,0,0,97,793.0252767736928,0.1,-1.006968543782084,"0.192,0.3330545977011494,0.3467777777777778,0.1,0.97,0.048382586002792785","0,0,0"
26.116666666666667,30,AV,1,0,0,41,845.7864251007381,0.7,-3.904642801738214,"0.16454761904761903,0.2969485981308411,0.3432884615384616,0.7,0.41,0.05160155123795496","0,0,0"
18.7,109,AV,1,0,0,22,1942.5668635563816,0.4,-3.669292964495388,"0.17743333333333336,0.3395222222222223,0.3394,0.4,0.22,0.11851628326976159","0,0,0"
33.63333333333333,163,AV,2,0,0,53,2793.3389947689566,0.1,-2.3724571091934994,"0.14925,0.3114070796460177,0.3381140350877193,0.1,0.53,0.1704220131534742","0,0,0"
24.5,289,AV,2,0,0,6,9280.176126726552,1.0,-57.41523108707084,"0.18313333333333331,0.33528304597701153,0.35621929824561405,1.0,0.06,0.5661848779891332","0,0,0"
11.933333333333334,58,AV,0,0,0,29,1097.8259349569896,0.1,-6.3308263339348505,"0.16479166666666664,0.281957227138643,0.36684126984126986,0.1,0.29,0.06697851792347177","0,0,0"
17.0,291,AV,1,0,0,15,10783.100237376317,0.9,-41.66197818986304,"0.20986666666666665,0.3091383647798743,0.3664126984126984,0.9,0.15,0.6578784937777936","0,0,0"
48.016666666666666,27,AV,2,0,0,92,818.0604611907775,0.3,-2.975798218043724,"0.1889,0.2843951149425288,0.3673245614035088,0.3,0.92,0.049909986198765396","0,0,0"
43.75,156,AV,2,0,0,99,2645.062412614309,0.4,-11.689038439583435,"0.17783333333333334,0.28017826086956527,0.3308157894736843,0.4,0.99,0.16137563758587084","0,0,0"
24.216666666666665,242,AV,1,0,0,26,4818.617258984985,0.7,-20.627170093070823,"0.21335,0.35781327160493825,0.38109848484848485,0.7,0.26,0.2939845308536281","0,0,0"
26.1,18,AV,1,0,0,39,753.5670156580491,0.3,-1.4900075082329607,"0.14933333333333335,0.32162421383647805,0.3672592592592593,0.3,0.39,0.045975231826498236","0,0,0"
50.88333333333333,55,AV,1,0,0,100,1059.8377785859489,0.5,-6.809100879677823,"0.19414814814814815,0.31997250859106535,0.33988095238095234,0.5,1.0,0.064660855048731","0,0,0"
19.583333333333332,140,AV,1,0,0,19,2417.357356239525,0.2,-2.390904792576971,"0.23304761904761903,0.3385131578947368,0.4147105263157894,0.2,0.19,0.14748331940132994","0,0,0"
29.0,9,AV,1,0,0,45,616.3739675020589,0.7,-3.159694833407019,"0.20347222222222225,0.34695606060606066,0.37159027777777776,0.7,0.45,0.03760506425958635","0,0,0"
32.516666666666666,240,AV,1,0,0,54,4735.166802079286,1.0,-38.88177790764599,"0.18711904761904757,0.2942542372881356,0.3352222222222222,1.0,0.54,0.28889320649554645","0,0,0"
32.21666666666667,62,AV,1,0,0,53,1141.5133047894662,0.6,-5.57208388423747,"0.15070833333333333,0.3270592948717949,0.35861805555555554,0.6,0.53,0.06964389062981845","0,0,0"
36.516666666666666,121,AV,1,0,0,64,2137.1188228190404,0.3,-5.9121557333289365,"0.16122222222222224,0.31329579579579575,0.36719565217391303,0.3,0.64,0.13038592623919196","0,0,0"
14.1,280,AV,1,0,0,4,7864.29237148983,0.1,-2.8001647080304695,"0.20868181818181816,0.3287543103448276,0.3715384615384616,0.1,0.04,0.4798016067819443","0,0,0"
17.033333333333335,183,AV,1,0,0,15,3159.4556453821087,0.1,-1.358991443426143,"0.21293333333333334,0.30591297935103245,0.36486111111111114,0.1,0.15,0.19275884257637826","0,0,0"
24.216666666666665,119,AV,1,0,0,35,2123.4400354784907,0.1,-1.2985515031777133,"0.2281904761904762,0.28178494623655914,0.3326733333333333,0.1,0.35,0.12955138145947123","0,0,0"
42.75,239,AV,1,0,0,77,4717.175795221327,0.3,-15.277217064069069,"0.2432,0.2628774509803922,0.33410101010101,0.3,0.77,0.28779557258389693","0,0,0"
29.9,265,AV,2,0,0,33,5913.041300376779,0.5,-22.32322410116991,"0.18306060606060603,0.2907928802588997,0.36934,0.5,0.33,0.3607554987622251","0,0,0"
21.333333333333332,162,AV,1,0,0,24,2780.081336731352,0.5,-7.4884345770541465,"0.25658333333333333,0.30500826446280993,0.3255111111111112,0.5,0.24,0.16961316153299416","0,0,0"
35.05,188,AV,1,0,0,61,3257.969850357721,0.2,-5.76726481086051,"0.15208333333333332,0.3516954022988506,0.3658571428571428,0.2,0.61,0.19876920836713918","0,0,0"
20.333333333333332,71,AV,1,0,0,22,1386.7650627050614,0.2,-1.424119003788026,"0.13908333333333334,0.2779561403508772,0.3289,0.2,0.22,0.08460673559481392","0,0,0"
41.583333333333336,136,AV,1,0,0,75,2352.9451803313505,0.1,-2.4707904987065317,"0.16346666666666665,0.2958435672514621,0.33240476190476187,0.1,0.75,0.14355352330052593","0,0,0"
20.5,220,AV,1,0,0,22,4021.28082322038,0.1,-2.0817236584852976,"0.19483333333333333,0.3081228070175439,0.36436666666666667,0.1,0.22,0.2453389204217804","0,0,0"
13.066666666666666,6,AV,1,0,0,1,572.7967315704935,0.2,-0.37800727066604967,"0.13363333333333333,0.34897940074906375,0.3648589743589744,0.2,0.01,0.034946410838347895","0,0,0"
39.05,145,AV,1,0,0,66,2476.7673195544394,0.2,-4.884735546899034,"0.1445,0.3620744047619048,0.3670694444444444,0.2,0.66,0.15110792979357457","0,0,0"
18.233333333333334,194,AV,1,0,0,17,3362.377553451843,0.2,-3.096330844677034,"0.19022916666666664,0.324059748427673,0.35937121212121215,0.2,0.17,0.20513913732433053","0,0,0"
48.18333333333333,231,AV,1,0,0,95,4549.115907877681,0.1,-5.535140610132313,"0.23,0.333374617737003,0.3615227272727272,0.1,0.95,0.2775422147261196","0,0,0"
37.5,13,AV,1,0,0,65,670.158540600369,0.5,-3.173099150569929,"0.1473888888888889,0.30138643067846604,0.34488888888888886,0.5,0.65,0.04088646878699221","0,0,0"
35.25,147,AV,1,0,0,61,2520.757475212996,0.1,-2.243856085890356,"0.14306666666666668,0.3017282913165266,0.35118750000000004,0.1,0.61,0.153791775506646","0,0,0"
41.65,297,AV,1,0,0,74,14312.770160915026,0.1,-15.05370902025532,"0.129,0.29639603960396044,0.3259382716049382,0.1,0.74,0.8732241626218611","0,0,0"
18.2,230,AV,1,0,0,18,4505.18942297478,0.6,-12.42340113608197,"0.16229999999999997,0.27890935672514616,0.3455,0.6,0.18,0.27486225357499294","0,0,0"
24.216666666666665,250,AV,1,0,0,32,5051.78348307234,1.0,-30.893271889327057,"0.23735714285714288,0.2821896551724138,0.36601960784313725,1.0,0.32,0.30821003566445676","0,0,0"
24.616666666666667,157,AV,1,0,0,35,2667.9339807116767,0.2,-3.3169515904975975,"0.1753974358974359,0.31379012345679014,0.3158333333333333,0.2,0.35,0.1627710352395139","0,0,0"
31.966666666666665,84,AV,1,0,0,56,1530.6528609905624,0.3,-3.7068083173988615,"0.18483333333333335,0.30031920903954806,0.2936666666666667,0.3,0.56,0.09338535082839546","0,0,0"
19.7,52,AV,1,0,0,21,1040.734547163155,0.1,-0.5177391560382361,"0.13644444444444445,0.26130459770114944,0.3107083333333333,0.1,0.21,0.06349536415668174","0,0,0"
22.733333333333334,14,AV,1,0,0,30,741.34301771214,0.2,-0.8511716129287533,"0.1945208333333333,0.3335405797101449,0.37798039215686274,0.2,0.3,0.045229443956631026","0,0,0"
41.35,233,AV,1,0,0,74,4577.590037133467,0.3,-14.33964757844461,"0.09366666666666668,0.3257514367816092,0.337469696969697,0.3,0.74,0.27927942544048356","0,0,0"
16.883333333333333,46,AV,1,0,0,13,978.4447105201264,0.2,-0.8343135452499059,"0.14795833333333333,0.28471976401179944,0.33960144927536234,0.2,0.13,0.05969505227918116","0,0,0"
30.816666666666666,202,AV,1,0,0,51,3520.054626539052,0.1,-2.7393017695583786,"0.1869,0.3338945578231292,0.34224509803921566,0.1,0.51,0.21475903819350242","0,0,0"
20.75,213,AV,1,0,0,23,3822.7735841463273,0.3,-6.009284232654264,"0.229,0.33206600660066,0.3650263157894736,0.3,0.23,0.23322796526313658","0,0,0"
12.083333333333334,285,AV,1,0,0,2,8436.938288223368,0.3,-7.723207397679219,"0.1758809523809524,0.3297138643067846,0.3743000000000001,0.3,0.02,0.5147388163854347","0,0,0"
19.666666666666668,159,AV,1,0,0,22,2747.619709803412,0.3,-4.09367583026266,"0.1640625,0.28199699699699704,0.28388095238095234,0.3,0.22,0.16763267301310575","0,0,0"
13.3,255,AV,1,0,0,5,5354.15698790508,0.5,-8.99119797211333,"0.1433148148148148,0.295113707165109,0.33497916666666677,0.5,0.05,0.3266578866107146","0,0,0"
44.266666666666666,221,AV,1,0,0,80,4034.238052294327,1.0,-45.096533109822104,"0.16316666666666665,0.236203216374269,0.3057156862745099,1.0,0.8,0.2461294428280505","0,0,0"
11.75,254,AV,1,0,0,0,5304.212874057136,0.1,-1.573851042176044,"0.18596666666666667,0.3084090909090909,0.3659583333333334,0.1,0.0,0.32361078905360735","0,0,0"
37.65,259,AV,1,0,0,64,5502.789496653042,1.0,-52.318188017420965,"0.20781666666666665,0.3533146417445483,0.3739444444444444,1.0,0.64,0.3357259773108819","0,0,0"
21.783333333333335,56,AV,1,0,0,26,1062.4074567339185,0.3,-1.7532405883222624,"0.16476190476190475,0.3024929378531073,0.35892222222222225,0.3,0.26,0.06481763148150681","0,0,0"
47.583333333333336,219,AV,1,0,0,87,3971.0791127863904,0.1,-4.771645987796778,"0.157625,0.34026446280991735,0.3593777777777778,0.1,0.87,0.2422761068599714","0,0,0"
31.283333333333335,153,AV,2,0,0,44,2619.168197182975,0.1,-2.069098782033857,"0.20558333333333334,0.30204938271604936,0.3317948717948718,0.1,0.44,0.1597958277843746","0,0,0"
46.81666666666667,167,AV,2,0,0,86,2898.378436294527,0.9,-30.83918571042169,"0.1565,0.35265224358974356,0.40075757575757576,0.9,0.86,0.1768304845630766","0,0,0"
18.616666666666667,123,AV,0,0,0,57,2142.030696222753,0.3,-9.021020565253554,"0.14916666666666667,0.2674900284900285,0.3385277777777778,0.3,0.57,0.13068560034082563","0,0,0"
35.166666666666664,217,AV,1,0,0,61,3941.04555698938,0.1,-3.4998342277978076,"0.1455952380952381,0.29638392857142853,0.32450793650793647,0.1,0.61,0.24044375530841652","0,0,0"
24.266666666666666,31,AV,2,0,0,11,857.6590975250949,0.1,-0.5255688745776675,"0.22237500000000002,0.3728563218390804,0.38184375,0.1,0.11,0.05232590468730706","0,0,0"
21.466666666666665,149,AV,1,0,0,27,2561.5826276178027,0.1,-1.3886020304594824,"0.1501904761904762,0.32312898550724634,0.3478981481481482,0.1,0.27,0.15628252391675798","0,0,0"
21.533333333333335,114,AV,1,0,0,26,2043.1688306873104,0.3,-3.333048142989906,"0.19321428571428573,0.30996759259259254,0.3351842105263158,0.3,0.26,0.1246540237293905","0,0,0"
26.85,22,AV,0,0,0,86,783.6834518391023,0.1,-6.531361128330301,"0.15319444444444444,0.27965264797507794,0.32848333333333335,0.1,0.86,0.04781263992218401","0,0,0"
49.9,40,AV,1,0,0,99,926.7012599248138,0.1,-1.1677371936931367,"0.1459047619047619,0.3352486111111111,0.3418974358974359,0.1,0.99,0.05653817692875852","0,0,0"
14.15,198,AV,1,0,0,0,3476.696831582168,0.2,-2.4846090993377614,"0.19220000000000004,0.3639474474474474,0.37959649122807015,0.2,0.0,0.2121137728976378","0,0,0"
20.516666666666666,90,AV,1,0,0,21,1594.6992934726818,0.4,-3.3048397815906925,"0.16659722222222226,0.312812091503268,0.37373717948717955,0.4,0.21,0.09729283287026043","0,0,0"
25.4,236,AV,1,0,0,35,4656.548587392589,0.1,-2.9867761141356506,"0.14946666666666666,0.3478349834983499,0.32216666666666677,0.1,0.35,0.28409669792908543","0,0,0"
44.36666666666667,142,AV,1,0,0,78,2436.431929205765,0.5,-13.648530714532296,"0.19906666666666667,0.2635570987654321,0.32572222222222225,0.5,0.78,0.1486470618368299","0,0,0"
49.983333333333334,131,AV,1,0,0,100,2293.603195459698,0.2,-5.789996618841443,"0.13135714285714284,0.24744395280235992,0.31494736842105264,0.2,1.0,0.1399330602828654","0,0,0"
23.716666666666665,67,AV,1,0,0,31,1275.9312017726234,0.2,-1.5283250001030664,"0.198125,0.2892040816326531,0.36810606060606055,0.2,0.31,0.07784474582520468","0,0,0"
24.7,92,AV,1,0,0,34,1626.914224999384,0.5,-5.073836029985452,"0.19694444444444442,0.26657227138643064,0.3362083333333333,0.5,0.34,0.09925827046829748","0,0,0"
33.75,48,AV,2,0,0,43,1014.5614647146556,0.4,-3.45873226607269,"0.19891666666666666,0.3059612068965517,0.3737870370370371,0.4,0.43,0.061898540638426994","0,0,0"
31.016666666666666,106,AV,1,0,0,50,1862.7228332236152,0.9,-13.130784820564955,"0.2000952380952381,0.305578431372549,0.3203174603174604,0.9,0.5,0.11364498751472468","0,0,0"
50.05,98,AV,1,0,0,96,1718.6657268339234,0.5,-10.861012579297709,"0.13987037037037037,0.2739886039886041,0.3517261904761904,0.5,0.96,0.1048560427693963","0,0,0"
32.93333333333333,226,AV,2,0,0,33,4416.224882412617,0.1,-3.6727526799862504,"0.19,0.34361057692307695,0.35899275362318844,0.1,0.33,0.26943451418128866","0,0,0"
40.53333333333333,43,AV,1,0,0,70,954.0002559944874,0.5,-4.88242555256438,"0.10836111111111114,0.29027732240437165,0.32552777777777775,0.5,0.7,0.058203692598705815","0,0,0"
41.11666666666667,152,AV,1,0,0,73,2612.3907844155665,0.1,-2.712444471865826,"0.17909523809523809,0.29962660256410256,0.3224166666666666,0.1,0.73,0.15938233685829767","0,0,0"
39.983333333333334,246,AV,1,0,0,70,4967.653125719208,0.1,-5.015740677020362,"0.1550925925925926,0.2848060897435897,0.3340000000000001,0.1,0.7,0.3030772304824535","0,0,0"
25.116666666666667,141,AV,0,0,0,81,2421.0391237858234,0.6,-15.213398887740494,"0.19880952380952382,0.33486813186813186,0.39284444444444444,0.6,0.81,0.14770794456797756","0,0,0"
39.083333333333336,154,AV,1,0,0,65,2622.7149314101284,0.5,-12.942480038208654,"0.19493589743589745,0.2992439393939394,0.3789019607843137,0.5,0.65,0.16001221454883238","0,0,0"
48.25,272,AV,2,0,0,99,6446.254396158338,0.5,-39.271688713969674,"0.23,0.28529081632653064,0.35545138888888883,0.5,0.99,0.39328690629745905","0,0,0"
42.31666666666667,19,AV,1,0,0,78,776.0711537761008,0.1,-0.8293117253524916,"0.17016666666666666,0.36698245614035085,0.3587549019607843,0.1,0.78,0.04734821252434563","0,0,0"
47.78333333333333,104,AV,1,0,0,95,1823.811293294481,0.1,-2.200701590014847,"0.1718888888888889,0.29046902654867257,0.3301587301587302,0.1,0.95,0.11127098887652025","0,0,0"
33.9,2,AV,1,0,0,59,497.26542980048754,0.3,-1.2770680356239792,"0.16715,0.32016509433962265,0.3707222222222223,0.3,0.59,0.030338235272169726","0,0,0"
24.883333333333333,283,AV,1,0,0,36,8011.326014866212,0.3,-15.102158762872795,"0.1709166666666667,0.28313387978142074,0.3138958333333333,0.3,0.36,0.48877215047621786","0,0,0"
20.783333333333335,228,AV,1,0,0,24,4446.537177105173,0.1,-2.333683442697875,"0.16983333333333334,0.29594298245614037,0.35083333333333344,0.1,0.24,0.27128387163288364","0,0,0"
30.816666666666666,125,AV,1,0,0,48,2193.4249838744518,0.2,-3.413840736686752,"0.2024722222222222,0.29771875000000003,0.3218181818181819,0.2,0.48,0.1338211732099237","0,0,0"
36.4,243,AV,1,0,0,63,4924.983441788647,0.2,-9.054009963692259,"0.21495833333333333,0.2629859943977591,0.32935897435897443,0.2,0.63,0.3004739469391075","0,0,0"
40.03333333333333,277,AV,2,0,0,77,7081.334819999852,0.6,-42.95294504454455,"0.15368333333333334,0.3088450292397661,0.34334375,0.6,0.77,0.43203325414428906","0,0,0"
22.666666666666668,177,AV,1,0,0,28,3046.5766145774583,0.2,-3.4876634644994473,"0.2033333333333333,0.25881398809523803,0.3218888888888889,0.2,0.28,0.18587207669920885","0,0,0"
11.3,235,AV,1,0,0,0,4630.913868273173,0.7,-9.250133509606261,"0.15820833333333334,0.3195016339869281,0.3542708333333333,0.7,0.0,0.28253272003483915","0,0,0"
45.31666666666667,161,AV,1,0,0,80,2761.3662775036096,0.4,-12.639991428505581,"0.12688888888888888,0.3051867816091953,0.3026481481481482,0.4,0.8,0.16847135308230085","0,0,0"
28.216666666666665,258,AV,1,0,0,43,5480.041794665195,0.3,-11.714281260565876,"0.13641666666666666,0.26888636363636365,0.3432962962962964,0.3,0.43,0.3343381367463661","0,0,0"
44.36666666666667,65,AV,1,0,0,83,1249.5878531833848,0.2,-2.80000241176277,"0.18960416666666668,0.28070833333333334,0.37509523809523804,0.2,0.83,0.07623753434525571","0,0,0"
36.983333333333334,122,AV,1,0,0,63,2141.869626207308,0.6,-12.002042173116203,"0.18037037037037035,0.3190462962962963,0.35636231884057973,0.6,0.63,0.13067577343605605","0,0,0"
34.28333333333333,20,AV,2,0,0,56,777.0630287344238,0.7,-4.709145854691484,"0.19172222222222224,0.31728858024691353,0.3466376811594203,0.7,0.56,0.04740872695797165","0,0,0"
37.583333333333336,116,AV,1,0,0,65,2088.64210540395,0.5,-9.911380361291895,"0.19321428571428573,0.312652380952381,0.3425438596491229,0.5,0.65,0.12742835474914976","0,0,0"
26.2,244,AV,1,0,0,38,4934.883137056144,0.7,-22.854989074143855,"0.18191666666666662,0.2820000000000001,0.3311507936507937,0.7,0.38,0.30107792876882894","0,0,0"
