travel_time,id,kind,action,origin,destination,start_time,income,urgency,reward,observation,cost_table
18.016666666666666,109,AV,1,0,0,18,1659.6531244520008,0.2,-0.24917847604619622,"0.3406428571428572,0.3101516666666667,0.3559666666666667,0.2,0.18,0.07981669628967558","0,0,0"
44.71666666666667,84,AV,0,0,0,74,1444.5182772575097,1.0,-12.691418429084653,"0.2598518518518519,0.2660555555555556,0.327952380952381,1.0,0.74,0.06947034589460839","0,0,0"
55.0,174,AV,0,0,0,91,2758.442965787371,0.3,-11.896429538978818,"0.30735555555555555,0.3340893470790378,0.36133333333333334,0.3,0.91,0.13266013312591463","0,0,0"
27.533333333333335,6,AV,1,0,0,45,508.6019702527906,0.1,-0.05834794825400071,"0.31478703703703714,0.26631372549019605,0.28983333333333333,0.1,0.45,0.024459887668034006","0,0,0"
10.266666666666667,121,AV,0,0,0,15,1822.2981036688468,0.7,-10.545677043265282,"0.22318279569892474,0.28363499999999997,0.30072222222222217,0.7,0.15,0.08763868313616077","0,0,0"
25.016666666666666,235,AV,1,0,0,35,4381.240268036911,0.7,-3.196784131684988,"0.3398489583333334,0.2833666666666666,0.3149761904761905,0.7,0.35,0.2107043445969861","0,0,0"
17.983333333333334,131,AV,1,0,0,17,1975.501985353583,0.2,-0.29605092252729387,"0.43900574712643675,0.3003539682539682,0.31686111111111115,0.2,0.17,0.09500662497573499","0,0,0"
26.916666666666668,187,AV,1,0,0,42,2968.817229463249,0.2,-0.6659221979976594,"0.3765862068965518,0.2850235849056604,0.3288333333333333,0.2,0.42,0.14277753565032827","0,0,0"
29.65,278,AV,1,0,0,48,7332.887514065835,0.1,-0.9059171449668832,"0.308252688172043,0.2826411564625851,0.3178484848484848,0.1,0.48,0.3526561345942708","0,0,0"
20.55,199,AV,1,0,0,27,3387.2787239910285,0.1,-0.2900357407417319,"0.29690740740740734,0.27304208754208753,0.3423999999999999,0.1,0.27,0.16290235180953377","0,0,0"
13.75,99,AV,1,0,0,9,1581.4824060924602,0.6,-0.5436345770942832,"0.39269135802469135,0.2813669724770642,0.37099999999999994,0.6,0.09,0.0760572790993459","0,0,0"
29.283333333333335,149,AV,1,0,0,48,2193.4249838744518,0.2,-0.5352566245371405,"0.3377816091954023,0.24432222222222222,0.2921111111111111,0.2,0.48,0.10548706425018813","0,0,0"
24.316666666666666,94,AV,1,0,0,36,1519.7273932229994,0.4,-0.6159117407534322,"0.38052450980392166,0.29729333333333335,0.36225,0.4,0.36,0.07308733252801383","0,0,0"
13.983333333333333,198,AV,0,0,0,18,3366.895459871004,0.1,-10.196168422974429,"0.21660000000000004,0.23792166666666667,0.33716666666666667,0.1,0.18,0.16192207178734694","0,0,0"
40.233333333333334,258,AV,1,0,0,85,5168.6614957092925,0.6,-5.198812021100929,"0.35535470085470083,0.2849113475177305,0.35837500000000005,0.6,0.85,0.24857331857425743","0,0,0"
41.983333333333334,74,AV,1,0,0,88,1301.8927857652438,0.1,-0.227740828287684,"0.4308611111111111,0.32949851190476187,0.3734166666666667,0.1,0.88,0.06261114419162438","0,0,0"
6.916666666666667,178,AV,0,0,0,5,2835.850686157305,0.7,-10.572093489117151,"0.24921666666666667,0.29498563218390805,0.34275,0.7,0.05,0.13638285591431848","0,0,0"
35.36666666666667,202,AV,1,0,0,72,3458.1247672483346,0.3,-1.5287793241877012,"0.40088095238095234,0.34000611620795107,0.3691666666666667,0.3,0.72,0.16630950781983606","0,0,0"
27.616666666666667,76,AV,1,0,0,46,1317.647826688136,0.1,-0.15162100339043344,"0.3020555555555556,0.28334761904761907,0.3258333333333333,0.1,0.46,0.06336884186823323","0,0,0"
25.5,157,AV,1,0,0,37,2302.618320259251,0.1,-0.2446531965275454,"0.32885999999999993,0.29713973063973065,0.3675,0.1,0.37,0.11073843349034766","0,0,0"
42.083333333333336,41,AV,1,0,0,88,912.6272274022258,0.2,-0.32005329849869724,"0.30571666666666664,0.2797566666666666,0.3475666666666667,0.2,0.88,0.04389043057374056","0,0,0"
38.75,30,AV,1,0,0,80,827.3783452591958,0.3,-0.40076138598492295,"0.3078908045977012,0.2818380952380952,0.33649999999999997,0.3,0.8,0.03979060752349248","0,0,0"
20.583333333333332,136,AV,1,0,0,28,2043.1688306873104,0.1,-0.17523010457630753,"0.3433888888888889,0.30341346153846155,0.3547037037037037,0.1,0.28,0.09826088573860729","0,0,0"
6.933333333333334,169,AV,0,0,0,7,2612.3907844155665,0.3,-10.226407201316016,"0.21881770833333328,0.22873948220064722,0.2650333333333334,0.3,0.07,0.12563613369419777","0,0,0"
43.916666666666664,184,AV,1,0,0,96,2909.8477340427667,0.8,-4.259693766223717,"0.250921568627451,0.2344360269360269,0.30677777777777776,0.8,0.96,0.13994155128890565","0,0,0"
30.5,216,AV,2,0,0,38,3758.845856207275,0.2,-0.9553733217860158,"0.27106060606060606,0.29854882154882156,0.2535833333333333,0.2,0.38,0.18077190569786353","0,0,0"
41.93333333333333,91,AV,1,0,0,88,1475.2077210572677,0.3,-0.7732547137875175,"0.25063768115942026,0.24009150326797385,0.3703333333333333,0.3,0.88,0.07094627479744654","0,0,0"
45.96666666666667,226,AV,2,0,0,95,4015.909421979459,0.1,-0.7691582073485658,"0.29114999999999996,0.2642761437908496,0.2597,0.1,0.95,0.19313470865595408","0,0,0"
5.3,15,AV,0,0,0,2,616.3739675020589,0.1,-10.013611591782338,"0.3005933333333333,0.3159327217125383,0.3350666666666667,0.1,0.02,0.02964290130277584","0,0,0"
23.283333333333335,154,AV,1,0,0,32,2260.56382504795,0.2,-0.43861217549888704,"0.35753921568627456,0.29327614379084965,0.3803333333333333,0.2,0.32,0.10871593202757703","0,0,0"
49.766666666666666,151,AV,0,0,0,86,2215.952556227922,0.2,-10.919004768457857,"0.24590804597701146,0.25712681159420286,0.2827222222222222,0.2,0.86,0.10657046919438351","0,0,0"
36.166666666666664,119,AV,0,0,0,58,1805.1606101798543,0.4,-11.08811070113619,"0.25744252873563217,0.2737303921568628,0.32371428571428573,0.4,0.58,0.08681450000245393","0,0,0"
16.6,132,AV,1,0,0,16,1993.780724220221,0.7,-0.9653221673099569,"0.353447619047619,0.2950120274914089,0.3635625,0.7,0.16,0.09588569333476842","0,0,0"
5.133333333333334,66,AV,0,0,0,6,1194.3606142611325,0.2,-10.051092092943392,"0.28507894736842104,0.28563541666666664,0.34344444444444444,0.2,0.06,0.05743966435173499","0,0,0"
16.483333333333334,13,AV,1,0,0,15,610.4868582393152,0.1,-0.04192857658324186,"0.2768703703703704,0.26235714285714284,0.2967666666666667,0.1,0.15,0.029359776109248604","0,0,0"
42.5,122,AV,1,0,0,82,1824.367004680513,0.1,-0.3230649904121742,"0.29478846153846144,0.2514190031152648,0.3191428571428572,0.1,0.82,0.08773818154415255","0,0,0"
27.5,225,AV,1,0,0,44,3942.222625638348,0.1,-0.4517130091877274,"0.35634408602150536,0.33225087719298246,0.3959583333333333,0.1,0.44,0.18959093402168548","0,0,0"
30.95,110,AV,1,0,0,61,1684.196745492046,0.6,-1.3031472318244706,"0.3566111111111111,0.3314372759856631,0.39056250000000003,0.6,0.61,0.08099705784688291","0,0,0"
8.683333333333334,293,AV,0,0,0,7,13430.196447392702,0.8,-13.887295749495332,"0.2388030303030303,0.26187953795379537,0.31625,0.8,0.07,0.6458903340456582","0,0,0"
21.766666666666666,125,AV,1,0,0,29,1885.557658153182,0.1,-0.17100960427417056,"0.24664492753623185,0.23005825242718445,0.4134166666666667,0.1,0.29,0.09068098671954573","0,0,0"
40.28333333333333,96,AV,2,0,0,77,1546.5147326922538,0.3,-0.7787346060244118,"0.2867246376811594,0.2963783783783784,0.2773333333333333,0.3,0.77,0.07437559988179109","0,0,0"
13.55,259,AV,1,0,0,1,5304.212874057136,0.2,-0.5989340370289516,"0.3018395061728395,0.2771313131313132,0.3521944444444444,0.2,0.01,0.25509230922226356","0,0,0"
51.483333333333334,231,AV,0,0,0,88,4223.122456076251,0.3,-12.717755263920738,"0.30324418604651165,0.3099099616858238,0.34378333333333344,0.3,0.88,0.20310008007368746","0,0,0"
31.4,179,AV,1,0,0,56,2838.632091159661,1.0,-3.7138769859338896,"0.42251149425287365,0.33510802469135803,0.3411666666666667,1.0,0.56,0.13651662034681394","0,0,0"
38.71666666666667,72,AV,1,0,0,82,1291.2118623687816,0.2,-0.4165951605948166,"0.33442735042735044,0.25276767676767675,0.3150833333333333,0.2,0.82,0.062097472987522495","0,0,0"
30.4,159,AV,1,0,0,52,2397.5381966938494,0.5,-1.5184408579061046,"0.4195064102564103,0.3395036630036629,0.34369999999999995,0.5,0.52,0.11530335783364105","0,0,0"
16.05,114,AV,1,0,0,13,1778.835052690156,0.1,-0.1189595941486542,"0.41076436781609194,0.2764061488673139,0.34289583333333334,0.1,0.13,0.08554844085078303","0,0,0"
16.566666666666666,14,AV,1,0,0,14,615.3970356119416,0.1,-0.042479489819324305,"0.43082666666666664,0.33224454828660444,0.3731041666666667,0.1,0.14,0.029595918306859183","0,0,0"
39.833333333333336,40,AV,1,0,0,83,902.2448599555772,0.3,-0.44924275318621454,"0.3759761904761906,0.3026930693069307,0.33854166666666663,0.3,0.83,0.04339111764078622","0,0,0"
27.716666666666665,223,AV,0,0,0,46,3919.41152379869,0.2,-10.90527518945517,"0.2730364583333333,0.27701764705882354,0.34640476190476194,0.2,0.46,0.18849389346499082","0,0,0"
19.983333333333334,1,AV,1,0,0,25,419.7646265090227,0.2,-0.06990247044226644,"0.33175000000000004,0.30170226537216827,0.30419999999999997,0.2,0.25,0.02018748689927752","0,0,0"
10.9,240,AV,1,0,0,2,4572.8741748457805,0.3,-0.6230541063227376,"0.28961616161616166,0.28666343042071196,0.354375,0.3,0.02,0.21992047844641197","0,0,0"
31.233333333333334,28,AV,1,0,0,61,813.126641713825,0.1,-0.10581939767859086,"0.31346929824561404,0.2776011235955057,0.3304523809523809,0.1,0.61,0.03910520894427614","0,0,0"
40.8,51,AV,1,0,0,82,968.7072844723906,0.1,-0.1646802383603064,"0.37144444444444447,0.3207884615384616,0.33144444444444443,0.1,0.82,0.04658745492005087","0,0,0"
32.833333333333336,145,AV,2,0,0,36,2123.4400354784907,0.1,-0.2904983937425436,"0.39179569892473126,0.3047640264026402,0.2895,0.1,0.36,0.1021213203554731","0,0,0"
27.883333333333333,35,AV,1,0,0,42,859.2772315809713,0.3,-0.299493918423951,"0.3210733333333333,0.30043425076452596,0.37375,0.3,0.42,0.041324701415771756","0,0,0"
20.583333333333332,247,AV,0,0,0,32,4818.617258984985,0.2,-10.826526710395342,"0.22581182795698926,0.25563725490196076,0.2917619047619047,0.2,0.32,0.23173885231203734","0,0,0"
37.06666666666667,155,AV,1,0,0,78,2276.662146114732,0.1,-0.35161782034438643,"0.3158055555555556,0.2999460784313726,0.33629166666666666,0.1,0.78,0.1094901388690128","0,0,0"
37.06666666666667,17,AV,1,0,0,73,632.5893922142865,0.1,-0.09769991724198426,"0.3690579710144928,0.2543092948717949,0.365125,0.1,0.73,0.030422739939172414","0,0,0"
15.6,25,AV,1,0,0,11,753.7709081553346,0.1,-0.04899510903009675,"0.34685057471264363,0.30620512820512824,0.3286190476190476,0.1,0.11,0.036250649465136044","0,0,0"
39.03333333333333,210,AV,1,0,0,75,3628.2404526711953,0.1,-0.5900929958441625,"0.33388888888888885,0.2730841924398626,0.34,0.1,0.75,0.17449077883210845","0,0,0"
27.483333333333334,105,AV,0,0,0,44,1597.8734280578535,0.1,-10.182978700199126,"0.2540047619047619,0.3001683501683502,0.4078333333333333,0.1,0.44,0.07684556262848466","0,0,0"
21.1,38,AV,1,0,0,26,877.2934597877683,0.1,-0.07712871667300797,"0.36056547619047613,0.2922819314641744,0.3228333333333333,0.1,0.26,0.04219114500803879","0,0,0"
35.61666666666667,59,AV,1,0,0,74,1040.734547163155,0.8,-1.235583181826479,"0.3468333333333334,0.2975470085470085,0.34725,0.8,0.74,0.05005141860382586","0,0,0"
16.083333333333332,173,AV,1,0,0,13,2750.2432356670683,0.2,-0.3686089892248224,"0.3159885057471265,0.2785771604938272,0.3335,0.2,0.13,0.13226578845290615","0,0,0"
34.55,200,AV,1,0,0,68,3414.9419898187493,0.1,-0.4916093572843241,"0.3115833333333333,0.28506862745098044,0.3302916666666667,0.1,0.68,0.1642327445611401","0,0,0"
14.166666666666666,98,AV,1,0,0,6,1579.1767070066765,0.4,-0.37286116693213195,"0.25454166666666667,0.21054901960784314,0.30454166666666665,0.4,0.06,0.0759463925044581","0,0,0"
33.71666666666667,224,AV,1,0,0,66,3933.772930850901,0.6,-3.3158427662964054,"0.2645246913580247,0.24196180555555558,0.3321944444444444,0.6,0.66,0.1891845679487672","0,0,0"
40.06666666666667,153,AV,1,0,0,87,2225.3307045190536,0.1,-0.3715065981710976,"0.32053999999999994,0.29405657492354736,0.3680555555555555,0.1,0.87,0.10702148682143131","0,0,0"
53.05,291,AV,0,0,0,91,11185.875164713363,0.2,-14.945088979067032,"0.27358,0.29567788461538463,0.3654,0.2,0.91,0.5379555448075637","0,0,0"
42.43333333333333,246,AV,1,0,0,91,4735.166802079286,0.1,-0.8372037970898515,"0.444641975308642,0.28490000000000004,0.3805555555555555,0.1,0.91,0.22772551984156938","0,0,0"
12.65,97,AV,1,0,0,2,1567.0706205360798,0.1,-0.08259768062408922,"0.3875151515151516,0.3073283828382838,0.38523809523809516,0.1,0.02,0.07536418179256658","0,0,0"
37.083333333333336,142,AV,1,0,0,80,2105.6010448069283,0.9,-2.928101452934635,"0.3713103448275863,0.31052987421383654,0.3558,0.9,0.8,0.10126340054104405","0,0,0"
31.016666666666666,266,AV,1,0,0,53,5557.427333357366,0.1,-0.7182202963456984,"0.29791666666666655,0.2901029411764706,0.43229166666666663,0.1,0.53,0.26726999942532587","0,0,0"
28.333333333333332,137,AV,1,0,0,45,2044.1603053436156,0.3,-0.7239734414758637,"0.35873504273504264,0.3321508771929824,0.3636666666666667,0.3,0.45,0.09830856813100321","0,0,0"
18.083333333333332,255,AV,1,0,0,16,5003.647877951615,0.1,-0.37701096858177097,"0.27775595238095235,0.2644268707482993,0.37205,0.1,0.16,0.24063741822365012","0,0,0"
28.65,195,AV,1,0,0,46,3274.575105225111,0.4,-1.5636096127449906,"0.42512318840579716,0.28362079510703364,0.31758333333333333,0.4,0.46,0.15748216467690215","0,0,0"
46.3,42,AV,0,0,0,75,923.9636394510808,0.1,-10.178247985444104,"0.23146527777777778,0.2400245098039216,0.319,0.1,0.75,0.04443562579808411","0,0,0"
32.65,93,AV,1,0,0,62,1517.942512651984,0.3,-0.619510287976091,"0.3003271604938272,0.2872908805031446,0.33399999999999996,0.3,0.62,0.07300149334369807","0,0,0"
14.016666666666667,124,AV,1,0,0,9,1880.1756700095973,0.2,-0.2196149636775099,"0.4456818181818182,0.3602325581395349,0.39945,0.2,0.09,0.0904221540112152","0,0,0"
25.016666666666666,2,AV,1,0,0,37,449.0833195935783,0.1,-0.04681069879930285,"0.45813541666666674,0.35033169934640523,0.36166666666666664,0.1,0.37,0.021597493115072083","0,0,0"
39.06666666666667,253,AV,1,0,0,82,4951.479839002994,0.3,-2.417972654713129,"0.40913425925925934,0.3015390070921986,0.35468333333333335,0.3,0.82,0.23812853220437127","0,0,0"
26.833333333333332,148,AV,1,0,0,37,2187.718469250836,0.4,-0.9783963154149571,"0.3318511904761905,0.2797614678899082,0.36972222222222223,0.4,0.37,0.10521262428567076","0,0,0"
23.55,296,AV,1,0,0,33,14312.770160915026,0.6,-8.426643432238722,"0.3452407407407408,0.2530903426791277,0.27625,0.6,0.33,0.6883354191104801","0,0,0"
34.03333333333333,283,AV,1,0,0,59,8436.938288223368,0.1,-1.1964047211494524,"0.32713218390804594,0.2822614379084967,0.36144444444444446,0.1,0.59,0.4057525822983113","0,0,0"
27.466666666666665,87,AV,1,0,0,42,1460.106853854364,0.2,-0.33420223543777666,"0.4042916666666667,0.306061403508772,0.3823888888888889,0.2,0.42,0.07022003790282866","0,0,0"
21.45,172,AV,1,0,0,29,2747.619709803412,0.1,-0.24556851156367998,"0.4049444444444444,0.3175092592592592,0.38858333333333334,0.1,0.29,0.13213961680656489","0,0,0"
42.8,233,AV,1,0,0,92,4266.216809230351,0.1,-0.760808664312746,"0.2927666666666666,0.2725268817204301,0.3650138888888889,0.1,0.92,0.20517259079705716","0,0,0"
39.6,113,AV,0,0,0,64,1717.0377309640771,0.1,-10.283311225609072,"0.17464666666666667,0.2235079365079365,0.30036666666666667,0.1,0.64,0.08257645954513855","0,0,0"
31.8,262,AV,1,0,0,62,5394.467136051333,1.0,-7.147668955268016,"0.3569833333333334,0.3153953488372093,0.36697222222222226,1.0,0.62,0.2594328529854781","0,0,0"
19.766666666666666,90,AV,1,0,0,21,1474.807688008607,0.2,-0.24293359971919556,"0.3315666666666667,0.26363166666666665,0.3418,0.2,0.21,0.07092703624941481","0,0,0"
28.6,130,AV,1,0,0,46,1945.516475481125,0.3,-0.6955221399845023,"0.38290666666666673,0.32273260073260074,0.3340416666666667,0.3,0.46,0.09356454994251304","0,0,0"
34.96666666666667,49,AV,1,0,0,69,950.4213588862824,0.7,-0.969297783097496,"0.34998437499999996,0.2988238636363636,0.39299999999999996,0.7,0.69,0.04570804093445438","0,0,0"
25.8,205,AV,0,0,0,35,3487.44186130441,0.4,-11.499600000360896,"0.23673737373737375,0.2761996699669967,0.3685277777777778,0.4,0.35,0.16771943713451876","0,0,0"
14.7,133,AV,1,0,0,9,2011.9739719035176,0.3,-0.36970021733727126,"0.30709444444444445,0.28247916666666656,0.33197222222222217,0.3,0.09,0.09676065021790628","0,0,0"
32.516666666666666,250,AV,1,0,0,63,4889.272753955773,0.1,-0.66242855159498,"0.46724509803921566,0.3270226537216828,0.42044444444444445,0.1,0.63,0.2351368443985718","0,0,0"
15.65,243,AV,1,0,0,9,4662.282088415262,0.2,-0.6080392890308237,"0.2885833333333333,0.2792087378640777,0.2853333333333333,0.2,0.09,0.2242203192855181","0,0,0"
22.15,138,AV,1,0,0,31,2052.607856914241,0.2,-0.3788772002554203,"0.3204784946236559,0.2820206185567011,0.3987083333333333,0.2,0.31,0.09871483113148809","0,0,0"
46.733333333333334,71,AV,0,0,0,77,1275.9312017726234,0.3,-10.745356477035507,"0.2514095238095238,0.28338435374149656,0.32733333333333337,0.3,0.77,0.06136258939772906","0,0,0"
38.05,248,AV,0,0,0,62,4843.3187157075145,0.2,-11.535735642772257,"0.24644791666666663,0.2877304964539007,0.32416666666666666,0.2,0.62,0.2329268045654853","0,0,0"
28.966666666666665,58,AV,1,0,0,46,1022.032321197676,0.7,-0.8634753624785363,"0.31224137931034485,0.28634848484848485,0.38966666666666666,0.7,0.46,0.049151983735277405","0,0,0"
17.35,33,AV,0,0,0,23,854.5785374972068,0.5,-10.308894533866178,"0.22771839080459771,0.2645264026402641,0.28005555555555556,0.5,0.23,0.04109872995636468","0,0,0"
20.85,107,AV,0,0,0,32,1626.914224999384,1.0,-11.413381732968215,"0.26368627450980386,0.26576190476190475,0.3071111111111111,1.0,0.32,0.07824220415275356","0,0,0"
30.466666666666665,61,AV,1,0,0,57,1074.3823512953045,0.5,-0.6819343535304918,"0.38182222222222223,0.3025769230769231,0.3787777777777778,0.5,0.57,0.0516696221450731","0,0,0"
26.5,0,AV,1,0,0,39,388.2787303527966,0.1,-0.04287244314312129,"0.3117061403508772,0.2923901515151516,0.3292083333333333,0.1,0.39,0.01867325469383425","0,0,0"
22.283333333333335,143,AV,0,0,0,33,2108.868816674547,0.3,-10.58740783497789,"0.25033333333333335,0.2565917602996255,0.28198148148148144,0.3,0.33,0.10142055552171977","0,0,0"
40.95,19,AV,1,0,0,86,640.5426603936758,0.4,-0.4371703657186838,"0.27152666666666664,0.2654166666666667,0.4171111111111111,0.4,0.86,0.03080523166677017","0,0,0"
34.75,65,AV,2,0,0,45,1150.4391077840953,0.2,-0.33314799162914427,"0.37918571428571424,0.3130670289855072,0.3094166666666666,0.2,0.45,0.05532737384270454","0,0,0"
27.633333333333333,150,AV,1,0,0,42,2198.5025098873134,0.1,-0.25313313620785877,"0.28311842105263163,0.2680393258426966,0.34679166666666666,0.1,0.42,0.10573125464497639","0,0,0"
31.8,282,AV,2,0,0,43,8348.421721831439,0.6,-6.636995268855994,"0.3544464285714286,0.27849839743589744,0.27338888888888885,0.6,0.43,0.4014956084811817","0,0,0"
36.4,83,AV,1,0,0,73,1434.2863071033526,0.3,-0.6526002697320253,"0.3246379310344828,0.28252987421383646,0.3833,0.3,0.73,0.06897826592789302","0,0,0"
22.25,214,AV,1,0,0,30,3724.6301341612702,0.5,-1.7265212601060056,"0.3287303921568628,0.3236933333333334,0.3674722222222222,0.5,0.3,0.17912638962306346","0,0,0"
18.3,10,AV,1,0,0,18,583.3206434887895,0.1,-0.0444781990660202,"0.2725277777777778,0.2655526315789474,0.36633333333333334,0.1,0.18,0.028053287735180215","0,0,0"
25.966666666666665,20,AV,1,0,0,37,646.5589615252754,0.1,-0.0699540876428041,"0.41601851851851857,0.32436697247706425,0.4265833333333333,0.1,0.37,0.031094570006892704","0,0,0"
44.56666666666667,12,AV,1,0,0,89,597.1498506777683,0.1,-0.11088740977169116,"0.351656862745098,0.2647205387205388,0.32147619047619047,0.1,0.89,0.02871836745206032","0,0,0"
22.433333333333334,75,AV,1,0,0,32,1310.9401185904849,0.5,-0.6126824304245807,"0.29856666666666665,0.27552304964539004,0.36435714285714277,0.5,0.32,0.06304625211008313","0,0,0"
56.666666666666664,152,AV,0,0,0,96,2218.0502812558643,0.1,-10.523706316407635,"0.23544444444444446,0.26237179487179485,0.28094444444444444,0.1,0.96,0.10667135381839783","0,0,0"
42.083333333333336,251,AV,1,0,0,84,4934.883137056144,0.6,-5.191908300444485,"0.3620740740740741,0.2918782051282051,0.3522666666666667,0.6,0.84,0.23733035703199037","0,0,0"
22.266666666666666,289,AV,1,0,0,26,10838.007207066395,0.2,-2.01105244842232,"0.38171428571428573,0.30294224422442245,0.3595277777777778,0.2,0.26,0.5212257410218565","0,0,0"
14.8,241,AV,1,0,0,8,4617.1597275219765,0.2,-0.5694496997277105,"0.4175533333333334,0.2917955326460481,0.39472916666666663,0.2,0.08,0.2220502768096353","0,0,0"
24.216666666666665,103,AV,0,0,0,35,1594.6992934726818,0.2,-10.321819176863306,"0.28739784946236563,0.2960539682539682,0.3963333333333333,0.2,0.35,0.07669291088913349","0,0,0"
27.55,55,AV,1,0,0,46,1014.5614647146556,1.0,-1.1646320147036986,"0.33498245614035094,0.2917988505747126,0.3953333333333333,1.0,0.46,0.04879269234230884","0,0,0"
37.43333333333333,158,AV,1,0,0,76,2352.9451803313505,0.1,-0.36699408854334814,"0.30442187499999995,0.271473063973064,0.29588888888888887,0.1,0.76,0.11315877280487406","0,0,0"
29.5,275,AV,1,0,0,51,7081.334819999852,0.5,-4.352070358124909,"0.42459313725490183,0.32984477124183004,0.3409583333333333,0.5,0.51,0.34055836266392014","0,0,0"
30.95,77,AV,1,0,0,58,1323.5149786113286,0.1,-0.17067828578341926,"0.4122820512820513,0.3431078431372549,0.35614285714285715,0.1,0.58,0.06365100726547157","0,0,0"
55.016666666666666,272,AV,0,0,0,94,5985.732437913218,0.1,-11.372146026218857,"0.25580128205128205,0.26196886446886447,0.3474722222222223,0.1,0.94,0.2878682183820371","0,0,0"
49.85,88,AV,0,0,0,85,1460.8215047913693,0.2,-10.606849600115416,"0.2367045454545454,0.2894669811320755,0.3696388888888889,0.2,0.85,0.07025440717912602","0,0,0"
20.016666666666666,45,AV,1,0,0,20,943.1907669438916,0.4,-0.31465891974989274,"0.4688939393939393,0.35586666666666666,0.415,0.4,0.2,0.04536030443906415","0,0,0"
41.9,80,AV,1,0,0,86,1391.0507319816634,0.3,-0.728562820875396,"0.315078125,0.29774509803921567,0.3292777777777778,0.3,0.86,0.06689896350164852","0,0,0"
48.15,160,AV,0,0,0,84,2401.1770329784995,0.2,-10.963472284482624,"0.23620689655172414,0.2810769230769231,0.35475000000000007,0.2,0.84,0.11547835819142706","0,0,0"
44.93333333333333,197,AV,1,0,0,94,3361.758609282253,0.2,-1.2587918348090215,"0.3002688172043011,0.29780582524271837,0.30602777777777773,0.2,0.94,0.16167502833152653","0,0,0"
42.71666666666667,123,AV,1,0,0,94,1830.3424648913517,0.2,-0.6515510746550743,"0.2699655172413793,0.2604438775510204,0.3719444444444445,0.2,0.94,0.08802555574651609","0,0,0"
31.466666666666665,167,AV,2,0,0,32,2496.2043409386315,0.1,-0.3272801247008427,"0.3881344086021506,0.3217462121212122,0.29650000000000004,0.1,0.32,0.1200484491742544","0,0,0"
37.583333333333336,106,AV,1,0,0,79,1614.9493849180149,0.3,-0.7586897631229423,"0.38882,0.318929012345679,0.39442857142857135,0.3,0.79,0.07766678631823196","0,0,0"
30.466666666666665,196,AV,1,0,0,54,3278.222126324269,0.1,-0.4161520865917197,"0.298838888888889,0.2805924092409241,0.3306111111111111,0.1,0.54,0.1576575586620336","0,0,0"
34.55,192,AV,1,0,0,66,3230.862018062417,0.3,-1.3953285340507062,"0.40821111111111114,0.32944753086419754,0.38099999999999995,0.3,0.66,0.15537989755219744","0,0,0"
32.13333333333333,156,AV,2,0,0,12,2293.603195459698,0.1,-0.307087983392104,"0.3896612903225806,0.30581904761904766,0.2959583333333333,0.1,0.12,0.11030487453303418","0,0,0"
14.016666666666667,22,AV,0,0,0,18,736.5379020629116,0.4,-10.172063437676364,"0.28432,0.30484142394822006,0.321,0.4,0.18,0.03542187290142414","0,0,0"
43.05,126,AV,1,0,0,91,1899.102970895097,0.2,-0.6813031908086161,"0.2937356321839081,0.2881165048543689,0.3434791666666667,0.2,0.91,0.09133241327208338","0,0,0"
22.95,164,AV,1,0,0,34,2436.431929205765,0.4,-0.931935212921205,"0.4566875,0.31517655367231634,0.37116666666666664,0.4,0.34,0.11717385064309511","0,0,0"
18.9,176,AV,0,0,0,26,2793.3389947689566,1.0,-12.199754458380554,"0.2718148148148148,0.2984829931972789,0.3165,1.0,0.26,0.1343383667916745","0,0,0"
12.016666666666667,116,AV,0,0,0,17,1794.439334206041,0.2,-10.179693161105911,"0.24886666666666662,0.2705138888888889,0.35045238095238096,0.2,0.17,0.08629888814619799","0,0,0"
34.65,168,AV,1,0,0,64,2520.757475212996,0.2,-0.7278687209677526,"0.3371166666666667,0.31746601941747576,0.36016666666666663,0.2,0.64,0.12122926824569963","0,0,0"
18.283333333333335,227,AV,1,0,0,15,4021.28082322038,0.6,-1.838060442946982,"0.30626344086021506,0.2976006600660066,0.3359791666666666,0.6,0.15,0.1933930322147629","0,0,0"
13.883333333333333,92,AV,1,0,0,7,1507.5005543882637,0.2,-0.1744094391396422,"0.3453333333333333,0.2975586419753086,0.34297222222222223,0.2,0.07,0.07249931454553503","0,0,0"
26.483333333333334,43,AV,1,0,0,42,926.7012599248138,0.2,-0.20451781972507352,"0.34051851851851844,0.31234097859327214,0.39399999999999996,0.2,0.42,0.04456728452766382","0,0,0"
33.56666666666667,244,AV,1,0,0,67,4705.31956239884,0.2,-1.3161824442598982,"0.30905952380952384,0.2785518867924528,0.30025,0.2,0.67,0.2262900945532605","0,0,0"
22.283333333333335,242,AV,1,0,0,31,4656.548587392589,0.1,-0.43234760148221474,"0.34097222222222234,0.32237056737588654,0.38169444444444445,0.1,0.31,0.22394458148039434","0,0,0"
36.233333333333334,89,AV,1,0,0,76,1467.6871321740252,0.4,-0.8863199514850919,"0.35455000000000003,0.30700490196078434,0.3252916666666667,0.4,0.76,0.07058459165416232","0,0,0"
12.633333333333333,100,AV,1,0,0,5,1587.6148581174584,0.2,-0.16714056422958798,"0.3424888888888889,0.3082142857142857,0.3832666666666667,0.2,0.05,0.07635220341429991","0,0,0"
46.016666666666666,237,AV,1,0,0,100,4429.527615460413,0.2,-1.6986007980953055,"0.34707246376811596,0.28457951070336385,0.30593750000000003,0.2,1.0,0.21302659886033296","0,0,0"
17.366666666666667,26,AV,1,0,0,17,776.0711537761008,0.1,-0.056157370988520625,"0.31000396825396836,0.29887765957446805,0.3448333333333333,0.1,0.17,0.03732312172194307","0,0,0"
16.483333333333334,213,AV,1,0,0,13,3667.3634505223554,0.4,-1.0075062368240582,"0.35410493827160494,0.27611574074074074,0.31876666666666664,0.4,0.13,0.1763722975611855","0,0,0"
16.016666666666666,268,AV,1,0,0,12,5578.433439706214,0.2,-0.7445659077163431,"0.4316666666666667,0.3000501618122977,0.38366666666666666,0.2,0.12,0.2682802334230043","0,0,0"
19.316666666666666,46,AV,1,0,0,20,946.1123250925148,0.1,-0.07614890172098782,"0.3309393939393939,0.2745833333333334,0.3680833333333333,0.1,0.2,0.04550080917225548","0,0,0"
25.55,297,AV,2,0,0,5,17322.90883950548,0.2,-3.688336007078042,"0.3895055555555556,0.3151897689768977,0.29633333333333334,0.2,0.05,0.833100202280572","0,0,0"
26.166666666666668,270,AV,1,0,0,38,5862.871835726062,0.1,-0.6392158876451332,"0.3613333333333334,0.3201614583333333,0.385,0.1,0.38,0.2819595575743898","0,0,0"
48.016666666666666,85,AV,0,0,0,80,1446.9812594843625,0.7,-12.026477156945912,"0.24131182795698922,0.2924462365591398,0.3077222222222222,0.7,0.8,0.06958879661269593","0,0,0"
45.083333333333336,298,AV,1,0,0,99,18628.94525544202,0.1,-3.4993956191646296,"0.4082948717948717,0.3258050595238096,0.3995,0.1,0.99,0.8959106235777834","0,0,0"
43.71666666666667,62,AV,1,0,0,96,1117.0806745336297,0.2,-0.4069586957363488,"0.34807738095238094,0.28289563862928346,0.3335,0.2,0.96,0.05372308684066549","0,0,0"
33.75,5,AV,1,0,0,67,477.1303205766694,0.3,-0.20128935399328243,"0.3531944444444445,0.3031003086419753,0.37170833333333325,0.3,0.67,0.022946340609962184","0,0,0"
38.96666666666667,18,AV,1,0,0,80,636.6552097563458,0.4,-0.4134721890028713,"0.39017741935483863,0.3356197411003236,0.3705555555555555,0.4,0.8,0.030618274848933116","0,0,0"
35.88333333333333,190,AV,1,0,0,75,3031.4508351358254,0.4,-1.812976013346509,"0.3160202020202021,0.26915522875816994,0.3165,0.4,0.75,0.14578973585520302","0,0,0"
26.633333333333333,292,AV,1,0,0,38,11662.42845360034,0.1,-1.2942056020037043,"0.41152873563218395,0.306095015576324,0.43545833333333334,0.1,0.38,0.5608741345806508","0,0,0"
44.71666666666667,79,AV,1,0,0,96,1386.7650627050614,0.1,-0.2583812960581722,"0.3436597222222222,0.2938119266055046,0.38957142857142857,0.1,0.96,0.06669285539507566","0,0,0"
25.833333333333332,3,AV,0,0,0,36,457.16351791608827,0.3,-10.14762571932707,"0.2259652777777778,0.28607561728395065,0.3650625,0.3,0.36,0.021986089217454062","0,0,0"
13.716666666666667,39,AV,1,0,0,5,892.1845339920479,0.5,-0.2549541220400887,"0.3114130434782609,0.3026336633663367,0.3746666666666666,0.5,0.05,0.042907292454561666","0,0,0"
28.933333333333334,264,AV,1,0,0,46,5458.612723313221,0.3,-1.9741982682649484,"0.3769444444444444,0.33524444444444446,0.344375,0.3,0.46,0.2625177680086071","0,0,0"
32.8,56,AV,0,0,0,50,1017.530975349866,0.2,-10.278125133262296,"0.2720394736842105,0.3231408934707904,0.3117,0.2,0.5,0.048935503225503364","0,0,0"
20.166666666666668,252,AV,1,0,0,27,4950.268578812107,0.6,-2.4957604084844376,"0.38892647058823526,0.3060555555555555,0.36070833333333335,0.6,0.27,0.238070279798878","0,0,0"
29.533333333333335,222,AV,2,0,0,16,3882.59008652233,0.1,-0.4777742800914978,"0.3268738738738739,0.31023166666666663,0.28844444444444445,0.1,0.16,0.18672306229989","0,0,0"
45.4,245,AV,2,0,0,98,4717.175795221327,1.0,-8.923324212627008,"0.3892301587301587,0.3280115511551155,0.31326666666666664,1.0,0.98,0.2268602892044136","0,0,0"
17.866666666666667,273,AV,1,0,0,16,6434.117121135291,0.1,-0.478984274573405,"0.2788103448275862,0.2660314465408805,0.2779333333333333,0.1,0.16,0.3094321123996473","0,0,0"
25.466666666666665,166,AV,1,0,0,36,2458.2611968747465,0.8,-2.0867906160136735,"0.2851666666666667,0.28067346938775506,0.3331666666666666,0.8,0.36,0.1182236724414522","0,0,0"
42.68333333333333,232,AV,1,0,0,87,4245.708624069837,0.2,-1.5101749703115073,"0.39100694444444445,0.2812216312056738,0.37276666666666664,0.2,0.87,0.2041863030226467","0,0,0"
47.1,81,AV,2,0,0,100,1404.912317929139,0.6,-1.6542842543615612,"0.4027758620689656,0.3222343234323432,0.27049999999999996,0.6,1.0,0.06756560039062387","0,0,0"
21.55,57,AV,1,0,0,28,1020.7360413649084,0.6,-0.5499215422853444,"0.39119696969696977,0.33503030303030307,0.36458333333333326,0.6,0.28,0.04908964253144747","0,0,0"
27.033333333333335,191,AV,1,0,0,39,3032.1279287666234,0.6,-2.049213125191443,"0.39364583333333336,0.27380471380471383,0.33221428571428574,0.6,0.39,0.1458222989106348","0,0,0"
41.3,108,AV,0,0,0,67,1635.9686818612918,0.3,-10.844568832010891,"0.2133290598290598,0.2789949494949495,0.3621666666666667,0.3,0.67,0.07867765468320913","0,0,0"
53.38333333333333,212,AV,0,0,0,90,3651.018124108644,0.3,-12.436293969066664,"0.3115131578947368,0.3277123015873016,0.38958333333333334,0.3,0.9,0.17558621164064137","0,0,0"
19.15,257,AV,1,0,0,19,5051.78348307234,0.2,-0.8061804475069609,"0.5143106060606061,0.25998584905660377,0.36891666666666667,0.2,0.19,0.24295237483598997","0,0,0"
44.516666666666666,69,AV,1,0,0,95,1240.6560786390864,0.2,-0.46024894250625,"0.4981182795698926,0.35739999999999994,0.42316666666666664,0.2,0.95,0.05966612418566248","0,0,0"
36.18333333333333,112,AV,0,0,0,61,1716.9764066453156,0.1,-10.258858040196317,"0.2693602150537634,0.27554205607476634,0.35816666666666663,0.1,0.61,0.08257351031167907","0,0,0"
24.383333333333333,24,AV,1,0,0,29,753.5670156580491,0.3,-0.22968094664744285,"0.33354166666666657,0.30782608695652175,0.39958333333333335,0.3,0.29,0.03624084378629158","0,0,0"
18.883333333333333,50,AV,1,0,0,21,954.0002559944874,0.3,-0.22518381042536542,"0.3365227272727273,0.3124399399399399,0.35533333333333333,0.3,0.21,0.045880158673594545","0,0,0"
34.36666666666667,54,AV,1,0,0,62,985.8695826897422,0.1,-0.1411710471879339,"0.43433888888888883,0.30019333333333337,0.3540476190476191,0.1,0.62,0.04741283097259167","0,0,0"
20.166666666666668,163,AV,1,0,0,25,2421.0391237858234,0.4,-0.8137381499391241,"0.4143125000000001,0.31155501618122977,0.3877916666666667,0.4,0.25,0.11643357373995898","0,0,0"
44.516666666666666,230,AV,1,0,0,96,4200.245935785981,0.1,-0.7790872843391913,"0.32476960784313724,0.2434646464646465,0.32761904761904764,0.1,0.96,0.2019998933869206","0,0,0"
34.483333333333334,128,AV,0,0,0,57,1927.298426803608,0.3,-10.830745926053472,"0.2655277777777778,0.3027435897435898,0.34947222222222224,0.3,0.57,0.0926884003201249","0,0,0"
43.35,208,AV,1,0,0,96,3564.273841812899,0.9,-5.794172664097093,"0.41298924731182796,0.32553074433656953,0.4001388888888889,0.9,0.96,0.17141447121316408","0,0,0"
13.666666666666666,104,AV,1,0,0,5,1596.1763216794554,0.3,-0.2726801216202403,"0.33597619047619054,0.3025144230769231,0.3191875,0.3,0.05,0.07676394471545202","0,0,0"
8.583333333333334,280,AV,0,0,0,8,8139.327108000771,0.2,-10.582187980641722,"0.2673904761904761,0.2776929824561403,0.4058333333333334,0.2,0.08,0.39143974738464077","0,0,0"
33.3,144,AV,1,0,0,65,2113.1349678504243,0.1,-0.29319747678924635,"0.3464166666666667,0.31125084175084183,0.36088888888888887,0.1,0.65,0.10162572495605159","0,0,0"
15.85,170,AV,1,0,0,8,2629.980017260476,1.0,-1.7368826363991061,"0.3049102564102564,0.28980175438596495,0.3281666666666667,1.0,0.08,0.12648204205617194","0,0,0"
44.1,209,AV,2,0,0,93,3580.4564780460023,0.5,-3.2895443892047647,"0.31300000000000006,0.2932525252525252,0.27923333333333333,0.5,0.93,0.17219273297301851","0,0,0"
36.983333333333334,281,AV,1,0,0,80,8333.728817076937,0.1,-1.2842044614648418,"0.2719722222222222,0.26126190476190475,0.37424999999999997,0.1,0.8,0.4007889914784327","0,0,0"
9.116666666666667,37,AV,0,0,0,6,873.8892656114449,0.1,-10.033195654742324,"0.24750877192982454,0.2947232704402515,0.29873333333333335,0.1,0.06,0.04202742915158692","0,0,0"
37.0,162,AV,1,0,0,75,2411.397471856681,0.3,-1.115271330733715,"0.3909250000000001,0.29388695652173913,0.3549333333333333,0.3,0.75,0.11596988359144483","0,0,0"
36.233333333333334,217,AV,1,0,0,67,3759.463069718096,1.0,-5.675744939977181,"0.3753965517241379,0.30614563106796117,0.34214583333333337,1.0,0.67,0.18080158897481655","0,0,0"
44.56666666666667,207,AV,1,0,0,98,3531.3895067900216,0.4,-2.623037650321255,"0.3707797619047619,0.3190339805825243,0.3443518518518519,0.4,0.98,0.16983298473111647","0,0,0"
39.11666666666667,21,AV,1,0,0,82,676.2529471816457,0.1,-0.11021983798856407,"0.3579444444444445,0.31300323624595466,0.4118333333333334,0.1,0.82,0.03252262494189429","0,0,0"
40.05,32,AV,1,0,0,86,849.0657401736111,0.4,-0.5667513815658854,"0.3946140350877194,0.3257421052631579,0.3803333333333334,0.4,0.86,0.040833606321069346","0,0,0"
29.333333333333332,267,AV,0,0,0,48,5568.958209200236,1.0,-16.8065044779114,"0.285234375,0.2945082508250825,0.38783333333333336,1.0,0.48,0.2678245468795767","0,0,0"
19.15,82,AV,1,0,0,17,1421.705549214182,0.4,-0.4537610211241931,"0.4125151515151515,0.3174558823529412,0.41108333333333325,0.4,0.17,0.06837322712988189","0,0,0"
45.03333333333333,115,AV,1,0,0,98,1782.711710770346,0.2,-0.6690120892363159,"0.37130476190476197,0.2966336633663367,0.331625,0.2,0.98,0.08573487862868172","0,0,0"
15.966666666666667,203,AV,1,0,0,11,3465.4556083993225,0.1,-0.23054906061434383,"0.36725,0.3190377358490567,0.384,0.1,0.11,0.1666620655399256","0,0,0"
24.983333333333334,165,AV,1,0,0,36,2456.6540037696086,0.7,-1.7901160042746183,"0.32141954022988506,0.2996051779935275,0.3597083333333333,0.7,0.36,0.11814637867321734","0,0,0"
30.95,215,AV,0,0,0,49,3742.7752140142647,0.1,-10.48266205364059,"0.25722222222222224,0.2789563106796116,0.3821666666666667,0.1,0.49,0.17999902999980277","0,0,0"
43.266666666666666,139,AV,1,0,0,93,2078.9202215407213,0.1,-0.37478311771664674,"0.3303378378378378,0.3097740740740741,0.3217222222222222,0.1,0.93,0.09998025580674873","0,0,0"
29.666666666666668,234,AV,1,0,0,50,4304.4895651906745,0.1,-0.5320827379194029,"0.4398333333333333,0.2979198717948718,0.3135,0.1,0.5,0.207013219355909","0,0,0"
23.266666666666666,117,AV,1,0,0,33,1797.659883656486,0.1,-0.1742731387211427,"0.35457246376811596,0.2539439528023599,0.32050000000000006,0.1,0.33,0.08645377208765831","0,0,0"
15.716666666666667,288,AV,0,0,0,20,10450.70686878338,1.0,-16.843761511988006,"0.22414414414414416,0.26606734006734006,0.37425,1.0,0.2,0.5025995395474784","0,0,0"
16.416666666666668,260,AV,1,0,0,14,5307.329693361759,0.5,-1.8151804680421297,"0.3363777777777778,0.3030873015873016,0.32289999999999996,0.5,0.14,0.25524220453241103","0,0,0"
32.15,220,AV,1,0,0,60,3863.855435177377,0.1,-0.5175956343373028,"0.3957676767676767,0.3207614379084967,0.4179333333333334,0.1,0.6,0.18582206801713178","0,0,0"
56.766666666666666,135,AV,0,0,0,95,2035.9911412414244,0.2,-10.963136920426152,"0.2858397435897436,0.3047339449541285,0.41736666666666666,0.2,0.95,0.09791569345106042","0,0,0"
34.88333333333333,78,AV,1,0,0,69,1338.7213376931895,0.2,-0.38915885552664525,"0.30855913978494626,0.27163620071684585,0.37377083333333333,0.2,0.69,0.06438231751737097","0,0,0"
22.483333333333334,276,AV,0,0,0,34,7099.697064525982,0.2,-11.330207130561881,"0.29753125,0.31792973856209145,0.38077777777777777,0.2,0.34,0.3414414470102487","0,0,0"
13.4,175,AV,1,0,0,0,2767.495209174315,0.7,-1.081629377585628,"0.31206989247311834,0.2560760517799353,0.3468055555555555,0.7,0.0,0.13309547720505432","0,0,0"
37.733333333333334,177,AV,1,0,0,81,2813.5576138103806,0.8,-3.5388302431481686,"0.32096666666666673,0.2965555555555555,0.376125,0.8,0.81,0.13531072863744203","0,0,0"
21.766666666666666,294,AV,1,0,0,26,13748.957190518822,0.3,-3.740862102253663,"0.4058235294117647,0.29994499999999996,0.3671666666666667,0.3,0.26,0.6612203021265304","0,0,0"
24.95,286,AV,1,0,0,35,8987.822610831106,0.1,-0.9343590589176505,"0.3372543859649123,0.290359649122807,0.365547619047619,0.1,0.35,0.4322459296252377","0,0,0"
30.783333333333335,239,AV,1,0,0,50,4459.768546990965,0.3,-1.7160817721442316,"0.38653571428571426,0.314309968847352,0.3433,0.3,0.5,0.21448095773323778","0,0,0"
12.133333333333333,271,AV,0,0,0,15,5912.288420941998,0.1,-10.298899025725401,"0.3119193548387097,0.31220793650793655,0.413125,0.1,0.15,0.28433611958951305","0,0,0"
31.416666666666668,211,AV,1,0,0,58,3630.005597296026,0.1,-0.4751778160349312,"0.4018859649122807,0.2847706422018349,0.3395,0.1,0.58,0.17457566886747292","0,0,0"
34.45,118,AV,0,0,0,59,1804.2001824470888,0.2,-10.517955802377518,"0.24281707317073173,0.26268556701030926,0.35766666666666663,0.2,0.59,0.08676831073101827","0,0,0"
51.516666666666666,140,AV,0,0,0,87,2088.64210540395,0.6,-12.689996978251504,"0.3515869565217391,0.35231699346405226,0.36383333333333334,0.6,0.87,0.10044780450125744","0,0,0"
45.03333333333333,101,AV,1,0,0,96,1588.8002265047048,0.1,-0.2981207091677578,"0.37629797979797985,0.30767508417508416,0.3776458333333333,0.1,0.96,0.07640921062090368","0,0,0"
25.35,70,AV,1,0,0,38,1244.4027248274256,0.1,-0.13144003780989683,"0.42165384615384627,0.31907312925170067,0.37904166666666667,0.1,0.38,0.05984630938009477","0,0,0"
46.28333333333333,290,AV,1,0,0,99,11049.706566164488,0.1,-2.1309052176554713,"0.39102380952380955,0.31203939393939395,0.35290740740740745,0.1,0.99,0.5314068705608562","0,0,0"
24.366666666666667,285,AV,1,0,0,36,8689.506535985933,0.3,-2.646678865752382,"0.34886419753086423,0.2787438596491228,0.3613939393939395,0.3,0.36,0.4178991946398128","0,0,0"
31.25,68,AV,1,0,0,51,1234.5997004771,0.3,-0.48226550799886714,"0.3468771929824562,0.266296783625731,0.3917857142857143,0.3,0.51,0.059374858445099786","0,0,0"
40.516666666666666,44,AV,1,0,0,84,938.3100494872764,0.2,-0.31680996254216237,"0.3180428571428571,0.2880316666666667,0.3423333333333333,0.2,0.84,0.04512557903941836","0,0,0"
30.55,102,AV,1,0,0,47,1592.6375082496468,0.1,-0.2027294828209446,"0.26061538461538464,0.2523633633633634,0.34005555555555556,0.1,0.47,0.07659375469647073","0,0,0"
25.9,180,AV,1,0,0,36,2853.537244729806,1.0,-3.079442276604249,"0.3409139784946236,0.3347227722772277,0.4000208333333333,1.0,0.36,0.13723344490378397","0,0,0"
29.983333333333334,279,AV,1,0,0,49,7592.14370769901,0.3,-2.845472193781358,"0.3040121951219512,0.2625140350877193,0.33262499999999995,0.3,0.49,0.36512438628106175","0,0,0"
36.2,256,AV,2,0,0,71,5009.92015912814,0.6,-4.533977744010967,"0.39807352941176477,0.3296734006734007,0.31708333333333333,0.6,0.71,0.24093906725761643","0,0,0"
35.75,182,AV,1,0,0,73,2872.269398564857,0.4,-1.711393849978227,"0.4656916666666667,0.3302100694444444,0.33245833333333336,0.4,0.73,0.13813431907530546","0,0,0"
22.016666666666666,53,AV,1,0,0,29,979.5720138781878,0.3,-0.26958638131939294,"0.40045370370370365,0.33693794326241133,0.43316666666666664,0.3,0.29,0.04710996579565228","0,0,0"
23.116666666666667,181,AV,1,0,0,35,2857.712092786687,0.1,-0.27525324115938443,"0.3524629629629629,0.3093962264150944,0.38,0.1,0.35,0.13743422335230565","0,0,0"
39.5,63,AV,1,0,0,82,1129.1321270070612,1.0,-1.8583632923657882,"0.3457171717171717,0.2836941580756014,0.3027916666666666,1.0,0.82,0.05430267007269716","0,0,0"
19.183333333333334,16,AV,1,0,0,22,626.2908344343901,0.6,-0.30035864601415957,"0.2989761904761905,0.2752538940809969,0.3564666666666666,0.6,0.22,0.03011982720037529","0,0,0"
43.85,284,AV,1,0,0,89,8493.635575370567,0.2,-3.103715999833328,"0.35816666666666663,0.2636628352490421,0.32514583333333336,0.2,0.89,0.40847929071828354","0,0,0"
17.333333333333332,204,AV,0,0,0,24,3476.696831582168,0.3,-10.75328431350947,"0.2953484848484848,0.299735,0.3397619047619048,0.3,0.24,0.16720268290357254","0,0,0"
44.733333333333334,221,AV,0,0,0,71,3866.930621896856,0.7,-15.045270314180424,"0.2841551724137931,0.3023222222222222,0.34324999999999994,0.7,0.71,0.18596996111648273","0,0,0"
14.75,274,AV,1,0,0,8,6995.337061486569,0.1,-0.42992175690386203,"0.3619,0.31465238095238096,0.36066666666666664,0.1,0.08,0.3364225243542649","0,0,0"
34.63333333333333,219,AV,1,0,0,68,3778.090807703549,0.3,-1.6355984788349949,"0.31126344086021507,0.26017407407407406,0.3105925925925926,0.3,0.68,0.18169744153788722","0,0,0"
32.95,29,AV,1,0,0,62,822.5771428470101,0.1,-0.11293298690337077,"0.48547777777777784,0.3647660256410256,0.41377777777777774,0.1,0.62,0.039559706192899544","0,0,0"
22.683333333333334,95,AV,1,0,0,33,1541.4014724042315,0.6,-0.8741030849758996,"0.3330964912280702,0.32013605442176873,0.3802916666666667,0.6,0.33,0.07412969094006937","0,0,0"
35.28333333333333,206,AV,1,0,0,70,3523.1638559153366,0.2,-1.0359080393017732,"0.31037499999999996,0.3049425287356322,0.3406666666666666,0.2,0.7,0.16943739346690792","0,0,0"
42.35,11,AV,1,0,0,92,588.8906571209208,0.4,-0.4156586554845165,"0.2547552083333333,0.235075,0.2841666666666666,0.4,0.92,0.02832116303987798","0,0,0"
32.18333333333333,64,AV,1,0,0,61,1135.438045570021,0.1,-0.15225908791636877,"0.3376041666666667,0.2919802867383513,0.3368333333333333,0.1,0.61,0.0546059368091927","0,0,0"
19.1,218,AV,0,0,0,28,3773.692032315799,0.3,-10.900968972715397,"0.22601785714285716,0.237875786163522,0.34625,0.3,0.28,0.18148589388735847","0,0,0"
37.78333333333333,48,AV,0,0,0,62,948.3478854920526,0.4,-10.5971957378918,"0.24419642857142862,0.2803551401869159,0.3053,0.4,0.62,0.04560832262962691","0,0,0"
41.5,287,AV,0,0,0,68,10071.894878668398,0.4,-16.96639395774564,"0.2366197916666667,0.24423948220064726,0.3126,0.4,0.68,0.48438156307972796","0,0,0"
39.31666666666667,4,AV,1,0,0,81,473.5024380788758,0.1,-0.07756890634917141,"0.40077999999999997,0.26291515151515155,0.3175333333333334,0.1,0.81,0.022771867046038015","0,0,0"
58.38333333333333,228,AV,0,0,0,97,4113.319853961603,0.1,-11.000622183918576,"0.23446376811594202,0.2856409090909091,0.35803333333333337,0.1,0.97,0.19781940978440954","0,0,0"
31.55,249,AV,1,0,0,61,4864.205776554158,0.3,-1.918321153128546,"0.3055654761904762,0.28374228395061724,0.30720833333333336,0.3,0.61,0.23393131337965753","0,0,0"
14.05,229,AV,1,0,0,8,4159.866430607663,0.1,-0.2435255139584903,"0.36971717171717167,0.31543157894736845,0.34513333333333335,0.1,0.08,0.20005794620912742","0,0,0"
28.766666666666666,295,AV,1,0,0,43,14297.77376075636,0.4,-6.854988197518189,"0.3288978494623656,0.27016843971631205,0.3854666666666667,0.4,0.43,0.6876142062863859","0,0,0"
12.583333333333334,120,AV,1,0,0,2,1809.16611953512,0.1,-0.09485558473951498,"0.32589130434782604,0.3151666666666667,0.36810000000000004,0.1,0.02,0.08700713454697676","0,0,0"
18.533333333333335,189,AV,1,0,0,21,3024.224513765153,0.2,-0.4670746749037292,"0.3249861111111111,0.2856224489795919,0.3247,0.2,0.21,0.1454422047418416","0,0,0"
35.516666666666666,188,AV,1,0,0,69,2971.291490045772,0.1,-0.43970987258941246,"0.3386999999999999,0.28312371134020614,0.2880555555555555,0.1,0.69,0.14289652877156978","0,0,0"
42.88333333333333,186,AV,0,0,0,70,2965.4163440895786,0.1,-10.52986223981545,"0.2511358024691358,0.25471651090342684,0.2868055555555556,0.1,0.7,0.14261397892212588","0,0,0"
39.63333333333333,129,AV,0,0,0,65,1929.5758599688188,0.7,-12.23053609479451,"0.2937820512820513,0.31188939393939397,0.3419583333333333,0.7,0.65,0.09279792753915007","0,0,0"
10.283333333333333,67,AV,0,0,0,15,1200.7903182940884,0.2,-10.10290105922048,"0.27374137931034487,0.29014542483660133,0.33155555555555544,0.2,0.15,0.057748884228147654","0,0,0"
14.466666666666667,238,AV,1,0,0,9,4446.537177105173,0.5,-1.3401368992108647,"0.35345698924731184,0.3059496855345912,0.4047222222222222,0.5,0.09,0.21384462944504845","0,0,0"
24.466666666666665,86,AV,1,0,0,34,1457.5875839824732,0.3,-0.4457788694346397,"0.36163793103448283,0.2751166666666667,0.37116666666666664,0.3,0.34,0.07009888017699192","0,0,0"
29.433333333333334,7,AV,1,0,0,44,541.9839687696077,0.1,-0.06646831172549496,"0.34375694444444443,0.3118683333333333,0.365875,0.1,0.44,0.026065307980208553","0,0,0"
24.183333333333334,171,AV,0,0,0,34,2744.8905386527767,0.1,-10.27658584524897,"0.32149358974358977,0.32566966966966965,0.42627777777777776,0.1,0.34,0.13200836442518263","0,0,0"
20.35,299,AV,1,0,0,23,20793.30768626012,0.1,-1.7630992142308062,"0.36124,0.30083018867924527,0.3798541666666667,0.1,0.23,1.0","0,0,0"
31.983333333333334,127,AV,1,0,0,63,1921.5023446668008,0.3,-0.7682006248782481,"0.4027916666666666,0.2916584967320262,0.3818333333333333,0.3,0.63,0.09240965283924012","0,0,0"
27.133333333333333,141,AV,1,0,0,38,2105.159940183184,0.3,-0.7140000797121299,"0.3959827586206897,0.2872607260726072,0.3680416666666666,0.3,0.38,0.10124218676253416","0,0,0"
30.983333333333334,36,AV,0,0,0,49,863.3540159882258,0.7,-10.78019623680936,"0.3446388888888889,0.3467903225806452,0.3819047619047619,0.7,0.49,0.04152076374836295","0,0,0"
15.9,254,AV,1,0,0,11,4968.170350229253,0.3,-0.9874238571080639,"0.40758333333333335,0.32295396825396827,0.4009285714285714,0.3,0.11,0.23893121888982288","0,0,0"
40.21666666666667,261,AV,1,0,0,83,5370.167679594476,0.9,-8.098884131788418,"0.3938177083333334,0.2977761437908497,0.361,0.9,0.83,0.2582642338882426","0,0,0"
35.05,60,AV,1,0,0,70,1062.4074567339185,0.3,-0.46546726698154806,"0.33661309523809524,0.30605555555555564,0.3625,0.3,0.7,0.05109372076651086","0,0,0"
28.083333333333332,277,AV,1,0,0,43,7128.986247371214,0.1,-0.8341904046403121,"0.297125,0.2856491228070175,0.3743666666666667,0.1,0.43,0.34285003400790975","0,0,0"
44.55,263,AV,1,0,0,97,5427.330032863625,0.4,-4.029792549401241,"0.37961711711711715,0.296016501650165,0.365,0.4,0.97,0.26101330845259973","0,0,0"
29.15,269,AV,0,0,0,49,5702.616109653807,0.3,-12.077890744955106,"0.20648437500000003,0.24036731391585764,0.36177777777777775,0.3,0.49,0.27425247563772664","0,0,0"
43.0,147,AV,0,0,0,71,2158.6935677652164,0.3,-11.160297792673804,"0.21951587301587294,0.23107465277777778,0.3187,0.3,0.71,0.10381674721197177","0,0,0"
44.6,193,AV,1,0,0,99,3236.647802754315,0.1,-0.6014770500118435,"0.29318279569892475,0.2806163194444445,0.2825,0.1,0.99,0.1556581498042776","0,0,0"
46.03333333333333,111,AV,2,0,0,87,1697.366940102563,0.1,-0.3255644089280055,"0.3923141025641026,0.34538304093567246,0.0,0.1,0.87,0.08163044406947123","0,0,0"
28.1,52,AV,1,0,0,42,978.4447105201264,0.2,-0.22911913638012962,"0.35539855072463766,0.31895089285714284,0.34026666666666666,0.2,0.42,0.04705575107546101","0,0,0"
34.583333333333336,9,AV,1,0,0,69,567.9518330451218,0.1,-0.0818402814978214,"0.3759940476190476,0.3030770440251572,0.3509166666666667,0.1,0.69,0.02731416480795959","0,0,0"
37.333333333333336,185,AV,1,0,0,80,2953.464044858564,0.2,-0.9188554806226645,"0.3752207207207207,0.3135742753623188,0.3842272727272727,0.2,0.8,0.14203916420715332","0,0,0"
34.516666666666666,34,AV,1,0,0,67,857.6590975250949,0.3,-0.3700441647863483,"0.3015722222222222,0.2971105769230769,0.37077777777777776,0.3,0.67,0.041246881470994735","0,0,0"
46.45,73,AV,1,0,0,95,1293.252850487379,0.4,-1.0011932484189794,"0.44598076923076924,0.2740130718954248,0.3213333333333333,0.4,0.95,0.06219562899759039","0,0,0"
32.8,134,AV,0,0,0,52,2022.4315636845977,0.8,-12.211191842961826,"0.2384141414141414,0.2677739463601533,0.28643333333333326,0.8,0.52,0.09726358086938654","0,0,0"
38.55,194,AV,1,0,0,80,3256.7228478661937,0.2,-1.0462222148770148,"0.3561543209876543,0.3093900343642611,0.3671944444444445,0.2,0.8,0.15662360683568316","0,0,0"
13.633333333333333,161,AV,1,0,0,5,2403.836358207942,1.0,-1.3655125979264557,"0.3989599999999999,0.31174848484848483,0.35993333333333327,1.0,0.05,0.11560625151506597","0,0,0"
16.333333333333332,236,AV,1,0,0,17,4412.688598555705,0.3,-0.900923922205123,"0.3693382352941177,0.3078033333333333,0.35358333333333336,0.3,0.17,0.21221677018089516","0,0,0"
40.333333333333336,8,AV,1,0,0,86,566.7055292848979,0.3,-0.28571403768113607,"0.36900617283950615,0.267892523364486,0.341,0.3,0.86,0.027254227073231246","0,0,0"
19.616666666666667,146,AV,1,0,0,23,2133.445027811215,0.7,-1.220656498898375,"0.326,0.2709660766961652,0.31083333333333335,0.7,0.23,0.10260248441477932","0,0,0"
40.56666666666667,201,AV,1,0,0,87,3438.9188747307694,0.6,-3.4876368921227887,"0.3484252873563218,0.2782954545454545,0.3393333333333333,0.6,0.87,0.16538585041970746","0,0,0"
20.0,27,AV,1,0,0,22,801.7987355487146,1.0,-0.6681656129572622,"0.311375,0.2789744744744745,0.3355333333333333,1.0,0.22,0.03856042278826712","0,0,0"
15.733333333333333,31,AV,0,0,0,22,845.7864251007381,0.1,-10.055445998978826,"0.23126666666666665,0.25430428134556576,0.3425555555555555,0.1,0.22,0.040675896199988425","0,0,0"
36.38333333333333,47,AV,1,0,0,78,946.2003450753726,0.3,-0.4303240319374038,"0.2995083333333334,0.293281007751938,0.35727777777777775,0.3,0.78,0.04550504226418034","0,0,0"
34.61666666666667,23,AV,1,0,0,69,741.34301771214,0.2,-0.2138568677483493,"0.36115625000000007,0.315018115942029,0.37198148148148147,0.2,0.69,0.03565296242896494","0,0,0"
16.25,265,AV,1,0,0,8,5502.789496653042,0.1,-0.37258470550254974,"0.33505357142857145,0.3024207920792079,0.3480833333333333,0.1,0.08,0.26464233491284295","0,0,0"
18.633333333333333,183,AV,1,0,0,20,2891.134206742707,0.1,-0.22446444744016292,"0.35706862745098045,0.28747811447811444,0.3484047619047619,0.1,0.2,0.13904157291209238","0,0,0"
