travel_time,id,kind,action,origin,destination,start_time,income,urgency,reward,observation,cost_table
39.46666666666667,146,AV,1,0,0,82,2280.385817754286,0.2,-4.545415502055683,"0.19320588235294126,0.28382973621103114,0.35374509803921567,0.2,0.82,0.1126715743273096","0,0,0"
31.4,7,AV,1,0,0,57,546.8646928603165,0.5,-2.1681251711886285,"0.1897051282051282,0.28561237373737375,0.3477407407407408,0.5,0.57,0.027020035561031403","0,0,0"
42.733333333333334,111,AV,1,0,0,88,1661.9571573900298,1.0,-17.93458817991598,"0.17108974358974358,0.25526990049751247,0.33367083333333336,1.0,0.88,0.08211563496394797","0,0,0"
22.766666666666666,198,AV,1,0,0,29,3465.4556083993225,0.6,-11.95407161887241,"0.14994166666666667,0.24304882154882154,0.27731944444444445,0.6,0.29,0.17122468317412964","0,0,0"
37.483333333333334,288,AV,1,0,0,75,11185.875164713363,0.3,-31.76393086545499,"0.18506,0.26265625000000004,0.33652469135802476,0.3,0.75,0.5526828641120808","0,0,0"
28.183333333333334,61,AV,1,0,0,41,1022.032321197676,0.5,-3.6369037355750633,"0.18066666666666667,0.24635109289617485,0.3270897435897436,0.5,0.41,0.05049759112961852","0,0,0"
37.016666666666666,108,AV,2,0,0,58,1645.9523587482854,0.5,-7.692887602651393,"0.17081333333333337,0.25727473958333336,0.3548828828828829,0.5,0.58,0.0813248539278105","0,0,0"
26.066666666666666,47,AV,1,0,0,37,912.6272274022258,0.2,-1.2014722084655567,"0.15820833333333334,0.27607268170426064,0.3140050505050505,0.2,0.37,0.04509199526010037","0,0,0"
26.6,231,AV,1,0,0,36,4639.089550420253,0.2,-6.232312224301957,"0.19778260869565223,0.2781024691358025,0.3194895833333333,0.2,0.36,0.22921275821911885","0,0,0"
28.666666666666668,213,AV,1,0,0,46,3898.759045987068,1.0,-28.22333989519258,"0.20323684210526316,0.2863621103117506,0.37044791666666677,1.0,0.46,0.19263377109878843","0,0,0"
12.016666666666667,255,AV,0,0,0,23,5702.616109653807,0.3,-5.691396736187367,"0.2413015873015873,0.31629166666666664,0.3563080808080808,0.3,0.23,0.28176053800041856","0,0,0"
21.033333333333335,267,AV,1,0,0,23,6783.106781750961,0.1,-3.6028117670747952,"0.21418888888888887,0.2872474747474747,0.34996124031007747,0.1,0.23,0.33514649757064985","0,0,0"
16.833333333333332,221,AV,1,0,0,11,4164.701887555128,0.4,-7.081395465371513,"0.20208730158730162,0.2796692111959288,0.34625000000000006,0.4,0.11,0.20577373996162773","0,0,0"
32.416666666666664,112,AV,1,0,0,59,1682.490559712908,0.1,-1.37729130414209,"0.18678333333333336,0.3089219114219114,0.36350617283950615,0.1,0.59,0.08313016976240285","0,0,0"
30.433333333333334,72,AV,2,0,0,22,1239.4416864014672,0.2,-1.9050677772466997,"0.17648809523809522,0.2735438596491228,0.3338294573643411,0.2,0.22,0.0612395696405775","0,0,0"
15.55,45,AV,1,0,0,8,898.3728471886773,0.6,-2.116620874815747,"0.1659666666666667,0.25026885644768854,0.31056565656565654,0.6,0.08,0.044387700641524724","0,0,0"
24.7,280,AV,1,0,0,33,8348.421721831439,0.6,-31.24333583776311,"0.23213636363636364,0.3130640096618358,0.3496055555555555,0.6,0.33,0.41248713758156286","0,0,0"
18.033333333333335,74,AV,1,0,0,18,1260.6549751070208,0.1,-0.5740861460714634,"0.19803703703703704,0.26461192214111917,0.32985858585858596,0.1,0.18,0.0622876969427672","0,0,0"
30.95,212,AV,2,0,0,37,3822.7735841463273,0.1,-2.9877485461951725,"0.22868888888888886,0.25982175925925927,0.3218655913978495,0.1,0.37,0.1888794056993337","0,0,0"
28.15,263,AV,1,0,0,46,6230.691172258436,0.3,-13.287420946899621,"0.20315555555555556,0.28481495098039217,0.3621351351351352,0.3,0.46,0.3078521967905309","0,0,0"
19.983333333333334,283,AV,1,0,0,22,8987.822610831106,0.3,-13.606564785841536,"0.19991666666666666,0.27535066666666674,0.33822764227642277,0.3,0.22,0.4440792937110115","0,0,0"
34.666666666666664,279,AV,1,0,0,69,8333.728817076937,0.3,-21.886560529697004,"0.20547727272727273,0.25022038567493116,0.3324747474747475,0.3,0.69,0.4117611759055859","0,0,0"
34.31666666666667,294,AV,1,0,0,67,16390.717038727882,0.3,-42.61172523073323,"0.19937962962962966,0.27290167865707426,0.33617676767676763,0.3,0.67,0.8098488767684134","0,0,0"
24.416666666666668,30,AV,1,0,0,34,753.5670156580491,0.2,-0.9292724561776448,"0.16394117647058823,0.2551666666666667,0.33486190476190475,0.2,0.34,0.03723298985385701","0,0,0"
20.566666666666666,249,AV,1,0,0,23,5370.167679594476,0.3,-8.367155197752,"0.1799814814814815,0.2805694444444445,0.3296726190476191,0.3,0.23,0.26533459476493776","0,0,0"
20.616666666666667,137,AV,0,0,0,36,2142.030696222753,0.1,-1.6151902235806168,"0.20410869565217393,0.27288802083333336,0.34689247311827953,0.1,0.36,0.10583558664582342","0,0,0"
17.316666666666666,51,AV,1,0,0,10,932.1411738504048,0.5,-2.0380780295256113,"0.16939166666666666,0.2687010582010583,0.3238095238095239,0.5,0.1,0.046056159767061025","0,0,0"
17.283333333333335,210,AV,1,0,0,9,3778.090807703549,0.5,-8.244697322366543,"0.20311666666666667,0.2820330882352941,0.3426458333333333,0.5,0.09,0.18667167456544997","0,0,0"
29.8,177,AV,1,0,0,53,2968.817229463249,0.6,-13.404659611818913,"0.1735833333333333,0.28687261904761896,0.3419423076923077,0.6,0.53,0.1466862793696381","0,0,0"
43.38333333333333,37,AV,1,0,0,92,827.3783452591958,0.1,-0.9064250137667033,"0.1825686274509804,0.2679916666666667,0.32370430107526893,0.1,0.92,0.040879933561629736","0,0,0"
34.31666666666667,46,AV,2,0,0,38,905.8209551718018,0.3,-2.3549057407812377,"0.2215729166666667,0.2977028985507247,0.34737962962962965,0.3,0.38,0.044755704180963","0,0,0"
37.0,207,AV,1,0,0,75,3630.005597296026,0.5,-16.95835948231729,"0.257367816091954,0.3241558265582655,0.3595297619047619,0.5,0.75,0.17935493295913799","0,0,0"
42.71666666666667,76,AV,1,0,0,90,1275.6237969650936,0.5,-6.88010057159414,"0.18303703703703703,0.3065091863517061,0.3391714285714286,0.5,0.9,0.06302729140588091","0,0,0"
20.85,125,AV,1,0,0,23,1963.0347272178835,0.3,-3.1007025804918844,"0.1531159420289855,0.26480620155038764,0.3012833333333333,0.3,0.23,0.09699157548376398","0,0,0"
30.65,21,AV,1,0,0,55,640.5426603936758,0.2,-0.9915470980336446,"0.18972727272727272,0.26347263681592037,0.3421720430107527,0.2,0.55,0.03164856990797825","0,0,0"
37.916666666666664,22,AV,2,0,0,52,658.4091024775607,0.1,-0.6304211734581022,"0.2077651515151515,0.29972391857506364,0.35454504504504514,0.1,0.52,0.032531332877974904","0,0,0"
12.3,144,AV,1,0,0,1,2255.9253983027734,0.2,-1.4014082019759655,"0.1979423076923077,0.28556565656565663,0.35776436781609194,0.2,0.01,0.11146300955425625","0,0,0"
10.316666666666666,79,AV,0,0,0,15,1317.647826688136,0.3,-1.5298282887878236,"0.19195370370370368,0.2546970720720721,0.32283333333333325,0.3,0.15,0.06510365653304864","0,0,0"
47.416666666666664,16,AV,2,0,0,84,614.9217871931492,0.4,-2.9452062029705544,"0.2132395833333333,0.2944272300469484,0.3533505747126437,0.4,0.84,0.030382668279986823","0,0,0"
12.933333333333334,66,AV,1,0,0,4,1117.0806745336297,0.2,-0.7296755921196101,"0.17152777777777778,0.30610000000000004,0.36631140350877195,0.2,0.04,0.055193834863552414","0,0,0"
33.666666666666664,81,AV,0,0,0,100,1338.7213376931895,0.3,-3.9144155330053567,"0.214,0.28859195402298854,0.3420892857142858,0.3,1.0,0.06614487755935793","0,0,0"
17.2,156,AV,1,0,0,16,2476.7673195544394,0.1,-1.0757676236448575,"0.19703174603174606,0.28375939849624066,0.31626388888888884,0.1,0.16,0.12237458721412664","0,0,0"
33.5,282,AV,1,0,0,65,8981.750106371177,0.1,-7.598197690995819,"0.22583333333333333,0.30017037037037037,0.3531414141414141,0.1,0.65,0.4437792573608979","0,0,0"
45.5,254,AV,2,0,0,85,5670.319740923212,0.1,-6.515140106363793,"0.2250396825396826,0.32787853107344633,0.3846410256410256,0.1,0.85,0.28016480683878775","0,0,0"
21.1,154,AV,1,0,0,22,2421.832203454489,0.5,-6.452103471324459,"0.17418181818181822,0.2638501400560224,0.31915740740740733,0.5,0.22,0.119660298268526","0,0,0"
18.316666666666666,53,AV,1,0,0,20,946.1123250925148,0.2,-0.8752335397951798,"0.2130789473684211,0.2838796992481203,0.37391666666666673,0.2,0.2,0.04674646032644781","0,0,0"
44.8,234,AV,2,0,0,75,4679.48341028673,0.1,-5.2939610298193305,"0.1970507246376811,0.29913020833333326,0.34588034188034195,0.1,0.75,0.23120857828995","0,0,0"
27.083333333333332,262,AV,1,0,0,42,6081.635477498837,0.6,-24.956206189231338,"0.22110000000000007,0.29293669250645993,0.36590598290598303,0.6,0.42,0.3004875045265025","0,0,0"
22.533333333333335,233,AV,0,0,0,38,4669.869929992837,0.3,-8.471798163321106,"0.20743333333333333,0.27668320610687025,0.33367521367521363,0.3,0.38,0.23073358587812023","0,0,0"
29.833333333333332,298,AV,1,0,0,53,19040.472291926453,0.2,-28.68892710652218,"0.17929166666666668,0.27772263681592047,0.36746874999999996,0.2,0.53,0.9407706241479663","0,0,0"
30.833333333333332,142,AV,1,0,0,55,2241.037238818388,0.2,-3.4898307170151655,"0.17531746031746032,0.2892910447761194,0.32859523809523805,0.2,0.55,0.11072740053806189","0,0,0"
20.816666666666666,236,AV,1,0,0,21,4747.153558918807,0.1,-2.4954523548356864,"0.1766041666666667,0.28773307291666667,0.3470444444444445,0.1,0.21,0.23455209241022626","0,0,0"
34.733333333333334,58,AV,1,0,0,67,979.573716991658,1.0,-8.591883948697877,"0.18920833333333334,0.2819632768361582,0.3328944444444445,1.0,0.67,0.048399754113449336","0,0,0"
23.666666666666668,278,AV,1,0,0,28,8134.997760071039,0.3,-14.58547578194555,"0.22322549019607846,0.2622786259541985,0.33247685185185183,0.3,0.28,0.40194207385440944","0,0,0"
20.55,41,AV,0,0,0,33,850.3216016091212,0.1,-0.9412653765926122,"0.21098000000000003,0.3022379134860051,0.3596190476190476,0.1,0.33,0.04201353682867991","0,0,0"
10.416666666666666,277,AV,0,0,0,16,8029.700924090037,0.2,-4.724379694912688,"0.15488888888888888,0.28239906103286383,0.33988888888888885,0.2,0.16,0.39673946287985623","0,0,0"
11.983333333333333,272,AV,0,0,0,23,7362.36439851089,1.0,-22.77920876485408,"0.20807017543859652,0.2801157760814249,0.3333222222222222,1.0,0.23,0.36376703498729634","0,0,0"
14.716666666666667,12,AV,1,0,0,8,591.6693204447811,0.1,-0.21988384257270277,"0.23609333333333335,0.32565804597701153,0.3865813008130081,0.1,0.08,0.02923378723751827","0,0,0"
41.833333333333336,64,AV,2,0,0,89,1089.3140785512585,0.2,-2.301496916804427,"0.23322222222222228,0.28929404761904765,0.3271551724137931,0.2,0.89,0.05382191522667051","0,0,0"
38.166666666666664,34,AV,1,0,0,79,779.2240782816187,0.6,-4.506119038547745,"0.17585185185185184,0.282739837398374,0.329429292929293,0.6,0.79,0.038500679564916006","0,0,0"
18.866666666666667,291,AV,0,0,0,31,13430.196447392702,0.4,-26.094246428364546,"0.18527976190476184,0.30060133333333333,0.3727598039215686,0.4,0.31,0.6635725259609666","0,0,0"
14.683333333333334,165,AV,1,0,0,7,2756.9260540590044,0.3,-3.066732138416645,"0.18485833333333332,0.2838221393034826,0.3347453703703704,0.3,0.07,0.1362169490778143","0,0,0"
30.866666666666667,116,AV,2,0,0,32,1778.835052690156,0.4,-5.546132184481766,"0.2278333333333334,0.29917832167832176,0.3542901234567901,0.4,0.32,0.08789045445501824","0,0,0"
34.4,151,AV,2,0,0,26,2382.718205806423,0.3,-6.209508051495527,"0.22186666666666668,0.28053729603729605,0.36038333333333333,0.3,0.26,0.1177277149052501","0,0,0"
26.5,153,AV,1,0,0,39,2403.836358207942,0.3,-4.825883597917458,"0.20224509803921567,0.280306338028169,0.34361827956989244,0.3,0.39,0.11877114161815011","0,0,0"
17.633333333333333,106,AV,1,0,0,13,1626.914224999384,0.1,-0.7244424453069648,"0.22857575757575754,0.3258708010335918,0.35717261904761904,0.1,0.13,0.0803841988487261","0,0,0"
30.25,261,AV,1,0,0,52,6031.594525491932,0.4,-18.429872161225347,"0.1409035087719298,0.2661869918699187,0.32109126984126973,0.4,0.52,0.2980150313162421","0,0,0"
27.133333333333333,230,AV,0,0,0,59,4630.913868273173,0.7,-22.71123503486577,"0.19277536231884057,0.281864898989899,0.34339523809523803,0.7,0.59,0.2288088059705391","0,0,0"
25.766666666666666,281,AV,0,0,0,54,8436.938288223368,0.1,-5.989691327269918,"0.26812820512820507,0.2952893518518518,0.364030303030303,0.1,0.54,0.4168606522788469","0,0,0"
28.716666666666665,14,AV,0,0,0,74,597.1498506777683,0.5,-2.6651708600963695,"0.16902666666666666,0.2693268229166666,0.3271034482758621,0.5,0.74,0.029504574735270385","0,0,0"
27.833333333333332,105,AV,1,0,0,45,1614.9493849180149,0.2,-2.270172956913371,"0.2282254901960785,0.30904353233830856,0.3689188034188034,0.2,0.45,0.0797930281099649","0,0,0"
26.616666666666667,113,AV,2,0,0,8,1697.366940102563,0.6,-6.8451894023833155,"0.18822916666666667,0.2729249363867685,0.3504949494949494,0.6,0.08,0.08386519678534977","0,0,0"
29.0,273,AV,1,0,0,47,7572.106998522375,1.0,-55.45229872655275,"0.15762179487179484,0.26068817204301076,0.314,1.0,0.47,0.37413020632558763","0,0,0"
24.716666666666665,246,AV,1,0,0,33,5064.807770076448,0.1,-3.161241550094012,"0.2515294117647059,0.3071572580645161,0.3711196581196582,0.1,0.33,0.25024706813941117","0,0,0"
44.96666666666667,130,AV,1,0,0,97,2022.4315636845977,0.1,-2.29651530253411,"0.1897564102564103,0.2537794486215539,0.324774193548387,0.1,0.97,0.09992631355425287","0,0,0"
27.583333333333332,33,AV,1,0,0,43,779.0639592631991,0.2,-1.0853121654718811,"0.20631060606060603,0.297357881136951,0.36797008547008553,0.2,0.43,0.0384927682449347","0,0,0"
24.683333333333334,269,AV,1,0,0,36,7099.697064525982,0.2,-8.850716626736514,"0.17377083333333335,0.2915431654676259,0.3635574712643678,0.2,0.36,0.3507889056663633","0,0,0"
36.95,4,AV,1,0,0,75,522.440884226393,0.5,-2.437397812142074,"0.1716140350877193,0.296515503875969,0.3377375,0.5,0.75,0.02581327969172718","0,0,0"
15.433333333333334,227,AV,0,0,0,26,4505.18942297478,0.3,-5.767431067771018,"0.21208974358974364,0.30706106870229005,0.3497323232323232,0.3,0.26,0.22259688732374286","0,0,0"
32.06666666666667,251,AV,1,0,0,58,5394.467136051333,0.2,-8.736493913941722,"0.22103333333333336,0.2809154040404041,0.3485656565656566,0.2,0.58,0.2665352065179911","0,0,0"
18.85,152,AV,0,0,0,32,2392.7441380289174,0.1,-1.6389703788344723,"0.20659420289855074,0.26908395989974937,0.35018627450980394,0.1,0.32,0.1182230861528751","0,0,0"
37.56666666666667,67,AV,1,0,0,79,1141.5133047894662,1.0,-10.82900247893711,"0.16701333333333335,0.24522916666666672,0.3186805555555556,1.0,0.79,0.0564010266003407","0,0,0"
40.05,24,AV,1,0,0,82,676.2529471816457,0.5,-3.4196881988162766,"0.1804285714285714,0.26506794871794875,0.3356458333333333,0.5,0.82,0.033412979334117666","0,0,0"
30.5,215,AV,0,0,0,81,3942.222625638348,0.4,-12.645231321411071,"0.22106862745098038,0.27566404199475064,0.3593735632183908,0.4,0.81,0.19478126294296802","0,0,0"
23.416666666666668,182,AV,2,0,0,5,3024.224513765153,0.7,-12.518202059293047,"0.18004761904761904,0.2795637254901961,0.33033888888888896,0.7,0.05,0.14942389767216036","0,0,0"
17.316666666666666,270,AV,0,0,0,27,7332.887514065835,0.1,-3.706595171344446,"0.2247222222222222,0.3113153846153846,0.3656880341880342,0.1,0.27,0.3623106117141683","0,0,0"
23.933333333333334,159,AV,1,0,0,33,2530.9644311939346,0.6,-9.17794172523861,"0.210962962962963,0.2876678004535147,0.3413800000000001,0.6,0.33,0.12505241210010515","0,0,0"
43.18333333333333,193,AV,1,0,0,97,3278.222126324269,0.1,-3.5748625965093357,"0.20942105263157895,0.2931705128205129,0.32775268817204306,0.1,0.97,0.16197366475964245","0,0,0"
30.916666666666668,48,AV,1,0,0,53,914.1934345695068,0.1,-0.7137326688242573,"0.17574603174603176,0.2492080103359173,0.339225,0.1,0.53,0.04516937998416169","0,0,0"
25.683333333333334,77,AV,0,0,0,57,1294.2551843223837,0.2,-2.17882764229023,"0.20733333333333334,0.3021153846153846,0.35930952380952386,0.2,0.57,0.06394784955402583","0,0,0"
15.666666666666666,118,AV,1,0,0,9,1824.367004680513,0.1,-0.7217613570705733,"0.19748039215686275,0.2684777777777778,0.3375052083333333,0.1,0.09,0.09014014250035135","0,0,0"
32.25,217,AV,1,0,0,59,4021.28082322038,0.1,-3.274906731031749,"0.20735507246376808,0.2715185185185185,0.34084375,0.1,0.59,0.19868744913115402","0,0,0"
39.766666666666666,266,AV,1,0,0,83,6778.2755320215965,0.4,-27.227214510780353,"0.21420833333333333,0.31125273224043715,0.3550833333333333,0.4,0.83,0.3349077903708691","0,0,0"
23.116666666666667,224,AV,2,0,0,0,4429.527615460413,0.2,-5.171510776636021,"0.14425757575757575,0.23066210045662103,0.3152727272727273,0.2,0.0,0.2188585133596875","0,0,0"
33.56666666666667,237,AV,1,0,0,64,4754.245589533712,0.4,-16.11961383387356,"0.15478125,0.26982832080200503,0.3193008130081301,0.4,0.64,0.234902502524312","0,0,0"
18.4,160,AV,1,0,0,18,2563.744074524839,0.5,-5.9561731024314435,"0.18746825396825392,0.2842218137254902,0.3343787878787879,0.5,0.18,0.12667202137465233","0,0,0"
35.31666666666667,222,AV,2,0,0,36,4237.057085974603,0.2,-7.557511755202176,"0.18653968253968256,0.2915303030303031,0.35073873873873873,0.2,0.36,0.20934873768929974","0,0,0"
21.25,73,AV,2,0,0,2,1244.4027248274256,0.8,-5.342132909612685,"0.24593181818181814,0.32122716049382716,0.37412626262626264,0.8,0.02,0.06148468956958209","0,0,0"
42.7,285,AV,1,0,0,88,9280.176126726552,0.7,-70.04658192622642,"0.19707333333333335,0.2650392953929539,0.32895238095238094,0.7,0.88,0.4585241874827607","0,0,0"
24.783333333333335,284,AV,1,0,0,34,9095.945853089892,0.9,-51.23360410433587,"0.17589473684210527,0.2397026666666667,0.31992248062015505,0.9,0.34,0.44942155458275634","0,0,0"
22.383333333333333,247,AV,0,0,0,37,5168.6614957092925,0.7,-20.950583636853136,"0.21150555555555559,0.279973076923077,0.3387651515151515,0.7,0.37,0.255378376480178","0,0,0"
34.96666666666667,62,AV,1,0,0,68,1025.7249596144625,1.0,-9.057116857201777,"0.1640757575757576,0.2729133333333334,0.3428787878787879,1.0,0.68,0.050680040687321244","0,0,0"
12.816666666666666,131,AV,1,0,0,7,2033.019749384408,0.1,-0.6579933448133879,"0.1976111111111111,0.24997900262467193,0.3411571428571428,0.1,0.07,0.10044946518183244","0,0,0"
29.45,15,AV,1,0,0,51,601.3137559373858,0.8,-3.577513154011316,"0.1793125,0.24930617283950618,0.311390625,0.8,0.51,0.029710309114645228","0,0,0"
33.75,256,AV,0,0,0,97,5844.130995646287,0.3,-15.442380386595621,"0.24586666666666665,0.2915218579234973,0.36392222222222226,0.3,0.97,0.28875264647231946","0,0,0"
37.266666666666666,203,AV,1,0,0,78,3580.4564780460023,0.3,-10.108460460746036,"0.2545,0.31176034063260344,0.3968846153846154,0.3,0.78,0.17690676071171996","0,0,0"
25.583333333333332,209,AV,1,0,0,37,3759.463069718096,0.3,-7.28633309598141,"0.2028611111111111,0.2882967171717172,0.3495677083333334,0.3,0.37,0.18575129672910448","0,0,0"
8.6,57,AV,0,0,0,12,961.7772661313056,0.6,-1.7532249225347316,"0.19949999999999998,0.2975845238095237,0.37344927536231887,0.6,0.12,0.04752044933955402","0,0,0"
43.333333333333336,245,AV,1,0,0,98,5009.92015912814,0.3,-16.44670759309743,"0.20535714285714288,0.2708794326241135,0.3360059523809524,0.3,0.98,0.24753512637567007","0,0,0"
37.13333333333333,119,AV,1,0,0,70,1848.7234685638712,0.4,-6.934269171650345,"0.2181388888888889,0.28430072463768113,0.33774019607843137,0.4,0.7,0.09134357093312716","0,0,0"
33.78333333333333,289,AV,1,0,0,66,11515.391842589095,0.1,-9.823947502074114,"0.20446825396825397,0.28188888888888886,0.3204666666666667,0.1,0.66,0.5689639524149042","0,0,0"
36.266666666666666,135,AV,1,0,0,73,2108.868816674547,0.1,-1.9313546065167568,"0.19634313725490193,0.2823488372093024,0.3491323529411765,0.1,0.73,0.10419709146344741","0,0,0"
28.55,293,AV,1,0,0,45,14754.343640924068,0.1,-10.637285630009652,"0.19184027777777776,0.2745520000000001,0.3504933333333334,0.1,0.45,0.7289973096860264","0,0,0"
25.616666666666667,229,AV,2,0,0,4,4609.601315671212,0.4,-11.927537411088645,"0.1986060606060606,0.2710583941605839,0.34719354838709676,0.4,0.04,0.2277557741388637","0,0,0"
40.85,101,AV,1,0,0,87,1587.6148581174584,0.3,-4.913186890461983,"0.23209848484848486,0.31927901234567896,0.3433866666666666,0.3,0.87,0.07844245657766878","0,0,0"
36.9,26,AV,1,0,0,72,720.4688823460104,0.6,-4.028076024025422,"0.19616666666666663,0.2702418546365914,0.3327675438596492,0.6,0.72,0.035597644309025005","0,0,0"
28.416666666666668,253,AV,1,0,0,52,5654.280440205098,0.6,-24.344818561994174,"0.21287820512820513,0.2823358585858585,0.3270729166666667,0.6,0.52,0.2793723210896882","0,0,0"
17.483333333333334,211,AV,1,0,0,15,3783.636689084741,0.3,-5.011407685416532,"0.24064035087719293,0.3022276995305165,0.3478505747126437,0.3,0.15,0.18694569099783895","0,0,0"
23.933333333333334,96,AV,0,0,0,41,1541.4014724042315,1.0,-9.815877585742745,"0.18414583333333337,0.2698454301075268,0.322525641025641,1.0,0.41,0.07615909957607497","0,0,0"
7.133333333333334,158,AV,0,0,0,1,2528.765907819195,0.1,-0.9555184379404947,"0.20762037037037037,0.29808068783068786,0.38509770114942526,0.1,0.01,0.12494378526691811","0,0,0"
34.3,192,AV,1,0,0,66,3274.575105225111,0.2,-5.672622530768754,"0.18127777777777776,0.27408076923076924,0.3259761904761905,0.2,0.66,0.16179346910781556","0,0,0"
38.333333333333336,19,AV,1,0,0,80,617.4453946714843,0.1,-0.5976954578048882,"0.24150877192982453,0.2870095238095238,0.3675919540229885,0.1,0.8,0.03050735719243069","0,0,0"
19.7,242,AV,1,0,0,16,4968.170350229253,0.6,-14.82923574235095,"0.16815333333333332,0.2622638888888889,0.33609047619047616,0.6,0.16,0.24547231022417584","0,0,0"
22.45,2,AV,1,0,0,27,506.5869000089976,0.4,-1.1487753439597979,"0.19526190476190475,0.2434184652278178,0.3030652173913043,0.4,0.27,0.025029950244917432","0,0,0"
7.05,8,AV,0,0,0,7,548.7192496267361,0.6,-1.08613192573765,"0.15460416666666665,0.22294266666666665,0.3097171717171717,0.6,0.07,0.02711166734935643","0,0,0"
26.766666666666666,290,AV,2,0,0,10,12197.400506638176,0.2,-16.489078462677536,"0.21822916666666667,0.2700511904761904,0.316758064516129,0.2,0.1,0.6026613159421645","0,0,0"
28.883333333333333,190,AV,0,0,0,65,3252.767976975094,0.6,-14.734966929539995,"0.17701282051282047,0.27992803030303026,0.3369358974358974,0.6,0.65,0.1607160007897979","0,0,0"
38.63333333333333,248,AV,2,0,0,75,5341.061461458292,0.2,-10.421364030017104,"0.18155882352941177,0.24828186274509803,0.3353279569892473,0.2,0.75,0.26389648574207625","0,0,0"
33.68333333333333,275,AV,1,0,0,66,7958.958807233507,0.4,-27.07921843336518,"0.21708823529411767,0.31074368686868686,0.35143902439024394,0.4,0.66,0.3932441658930853","0,0,0"
37.333333333333336,200,AV,1,0,0,73,3520.054626539052,0.1,-3.3185700182859756,"0.18286666666666668,0.25086259541984735,0.3043846153846154,0.1,0.73,0.17392236585687273","0,0,0"
22.55,220,AV,1,0,0,26,4090.160813256426,0.4,-9.316477407972972,"0.20740277777777777,0.2621493055555556,0.3367009803921569,0.4,0.26,0.20209074030082702","0,0,0"
28.316666666666666,149,AV,1,0,0,49,2314.8193170712048,0.1,-1.6552516917946034,"0.1972631578947369,0.29655319148936177,0.34644444444444455,0.1,0.49,0.11437289896607457","0,0,0"
15.983333333333333,225,AV,1,0,0,10,4459.768546990965,0.1,-1.8000496786886933,"0.19784090909090912,0.29970936639118456,0.35214893617021276,0.1,0.1,0.22035268743240086","0,0,0"
36.05,98,AV,1,0,0,68,1564.4426034616197,0.6,-8.545175129513845,"0.15636363636363634,0.2618693333333334,0.3195585585585585,0.6,0.68,0.07729753873417955","0,0,0"
44.28333333333333,168,AV,1,0,0,98,2813.5576138103806,0.1,-3.1463057996187636,"0.17573333333333335,0.27498872180451134,0.32261979166666666,0.1,0.98,0.1390150576014335","0,0,0"
42.71666666666667,36,AV,1,0,0,92,813.126641713825,0.3,-2.631368159990573,"0.2034047619047619,0.30396794871794874,0.3376666666666667,0.3,0.92,0.040175771194542055","0,0,0"
39.75,206,AV,1,0,0,86,3623.60917519969,0.1,-3.6373349675299926,"0.18590151515151515,0.2848406862745098,0.35571875,0.1,0.86,0.17903889216374055","0,0,0"
30.766666666666666,195,AV,2,0,0,17,3368.9508766880413,0.5,-13.087296545383259,"0.20578787878787877,0.29480952380952385,0.3488333333333333,0.5,0.17,0.16645648124650464","0,0,0"
25.016666666666666,134,AV,1,0,0,31,2078.9202215407213,0.7,-9.19327220863988,"0.21629861111111112,0.2765341207349082,0.3253771929824562,0.7,0.31,0.10271736143866485","0,0,0"
40.78333333333333,258,AV,2,0,0,85,5912.288420941998,0.9,-54.80064305320102,"0.1938560606060606,0.2892703703703704,0.3318282828282828,0.9,0.85,0.2921202364434439","0,0,0"
14.716666666666667,91,AV,1,0,0,7,1485.5718097438446,0.2,-1.104175006737218,"0.16902777777777778,0.23949624060150376,0.3452205882352941,0.2,0.07,0.07340061198282061","0,0,0"
22.983333333333334,219,AV,1,0,0,30,4061.843573313689,0.2,-4.714884080471025,"0.19221929824561404,0.27906361323155227,0.3223041666666667,0.2,0.3,0.20069161389857007","0,0,0"
17.816666666666666,186,AV,1,0,0,15,3151.1733449572957,0.4,-5.671051019796884,"0.20319333333333336,0.28509287531806615,0.36776470588235294,0.4,0.15,0.1556963119969945","0,0,0"
32.86666666666667,44,AV,2,0,0,36,870.7377108213431,0.4,-2.8907319288546947,"0.2207888888888889,0.2708857808857809,0.31567187499999994,0.4,0.36,0.04302227629226974","0,0,0"
27.9,175,AV,1,0,0,38,2964.6777926145683,0.4,-8.355001051913783,"0.16878666666666667,0.2801395348837209,0.37550000000000006,0.4,0.38,0.14648175394988758","0,0,0"
31.333333333333332,40,AV,2,0,0,28,849.0657401736111,0.4,-2.6872787736134494,"0.24057500000000004,0.2935186567164179,0.3619398148148148,0.4,0.28,0.04195148597571712","0,0,0"
32.083333333333336,54,AV,0,0,0,95,946.2003450753726,0.1,-1.2665975017971771,"0.20505072463768112,0.27313114754098367,0.34082945736434106,0.1,0.95,0.04675080930545112","0,0,0"
33.68333333333333,292,AV,1,0,0,64,14505.369879802229,0.3,-37.014333998838765,"0.2006759259259259,0.29134278959810866,0.33146236559139786,0.3,0.64,0.7166957660553899","0,0,0"
23.1,265,AV,1,0,0,32,6709.13861087917,0.1,-3.913664189679517,"0.15728703703703706,0.2599761904761905,0.32263541666666673,0.1,0.32,0.3314918044931234","0,0,0"
24.966666666666665,89,AV,1,0,0,35,1467.6871321740252,0.2,-1.8506694646436783,"0.20016666666666666,0.25641111111111115,0.3212824074074074,0.2,0.35,0.07251694801576773","0,0,0"
19.1,189,AV,1,0,0,20,3245.380745418587,0.5,-7.826612656249371,"0.23007638888888893,0.31451010101010096,0.36902941176470583,0.5,0.2,0.16035100509349434","0,0,0"
36.666666666666664,179,AV,1,0,0,73,2996.640782499388,0.6,-16.64800434721882,"0.23778571428571432,0.3141666666666666,0.36131666666666673,0.6,0.73,0.14806101319737625","0,0,0"
39.93333333333333,75,AV,1,0,0,79,1265.4739572733297,0.5,-6.380630474804077,"0.26737254901960783,0.3276301703163017,0.3595601851851853,0.5,0.79,0.06252579801457091","0,0,0"
17.133333333333333,139,AV,0,0,0,28,2187.907521251699,0.3,-3.3398597624327615,"0.19384057971014496,0.27984645669291336,0.3543625000000001,0.3,0.28,0.10810231452182832","0,0,0"
15.516666666666667,70,AV,1,0,0,7,1167.011530479414,1.0,-4.572759826920599,"0.23660416666666667,0.3017108843537415,0.3468086419753086,1.0,0.07,0.05766086833794136","0,0,0"
10.833333333333334,136,AV,1,0,0,0,2123.4400354784907,0.2,-1.1618148342264472,"0.2403015873015873,0.34507518796992476,0.4002745098039216,0.2,0.0,0.10491704075874904","0,0,0"
23.516666666666666,140,AV,1,0,0,31,2218.0502812558643,0.1,-1.3172007352070811,"0.2225,0.2567883211678832,0.3522521367521368,0.1,0.31,0.10959163803796217","0,0,0"
40.43333333333333,174,AV,1,0,0,83,2949.689674384749,0.1,-3.011762268542678,"0.2234473684210526,0.28069570707070707,0.34448290598290593,0.1,0.83,0.14574120607241453","0,0,0"
43.46666666666667,90,AV,1,0,0,95,1475.2077210572677,0.3,-4.857754717824942,"0.26460833333333333,0.3098799019607843,0.34994607843137254,0.3,0.95,0.07288853276372843","0,0,0"
29.316666666666666,208,AV,2,0,0,35,3758.845856207275,0.3,-8.34824477407651,"0.13318333333333332,0.26614786967418547,0.33448226950354615,0.3,0.35,0.18572080082906037","0,0,0"
37.25,180,AV,2,0,0,58,3001.8426729260827,0.1,-2.8237030193559747,"0.17719841269841272,0.24992577030812332,0.33325268817204295,0.1,0.58,0.14831803338198302","0,0,0"
30.3,169,AV,2,0,0,33,2850.5966631146844,0.3,-6.543415067604162,"0.21334166666666668,0.303224043715847,0.3779385964912281,0.3,0.33,0.14084511984976505","0,0,0"
30.033333333333335,132,AV,1,0,0,54,2035.9911412414244,0.9,-13.897181956503967,"0.21278000000000002,0.2808728395061728,0.3389388888888889,0.9,0.54,0.10059627867096521","0,0,0"
39.96666666666667,104,AV,1,0,0,81,1597.8734280578535,0.3,-4.8380056571751675,"0.20952898550724636,0.29665422885572146,0.33961616161616165,0.3,0.81,0.07894932222142612","0,0,0"
22.5,121,AV,2,0,0,7,1885.557658153182,0.3,-3.2140187354883785,"0.24108333333333334,0.2524540682414698,0.3473725490196078,0.3,0.07,0.09316351126856799","0,0,0"
35.833333333333336,171,AV,0,0,0,98,2909.5116230827134,0.1,-3.1327651471497617,"0.17601851851851846,0.29121867612293145,0.3329139784946236,0.1,0.98,0.14375604888613547","0,0,0"
11.683333333333334,59,AV,1,0,0,0,985.8695826897422,1.0,-2.9086472115551736,"0.18492028985507247,0.2387825520833334,0.33393229166666666,1.0,0.0,0.04871082651814225","0,0,0"
29.7,1,AV,1,0,0,53,491.8679742725259,0.6,-2.2134058842263666,"0.16108333333333336,0.28331978319783196,0.34029166666666666,0.6,0.53,0.024302702898339818","0,0,0"
39.15,148,AV,1,0,0,78,2302.618320259251,0.9,-20.488069826852197,"0.1909122807017544,0.28113725490196084,0.3556851851851852,0.9,0.78,0.11377005996029654","0,0,0"
38.083333333333336,276,AV,1,0,0,76,8028.27043643778,0.1,-7.720790381843574,"0.17152777777777778,0.28349457994579946,0.3203558558558559,0.1,0.76,0.39666878392080435","0,0,0"
19.016666666666666,78,AV,1,0,0,19,1310.9401185904849,0.3,-1.8886144890299787,"0.18304166666666666,0.2757023809523809,0.33482222222222224,0.3,0.19,0.06477223540877823","0,0,0"
31.7,183,AV,2,0,0,41,3065.2253709468137,1.0,-24.537283903791412,"0.1853148148148148,0.28550122549019613,0.33352976190476197,1.0,0.41,0.15144970887106365","0,0,0"
16.266666666666666,271,AV,1,0,0,9,7336.658338656486,0.6,-18.08226903668871,"0.16778333333333337,0.2710767195767195,0.32672023809523815,0.6,0.09,0.3624969243722426","0,0,0"
40.38333333333333,260,AV,2,0,0,73,5985.732437913218,1.0,-61.041370778887746,"0.17918627450980393,0.2587040816326531,0.338698717948718,1.0,0.73,0.2957490316028605","0,0,0"
32.2,56,AV,0,0,0,81,959.5289757906356,0.1,-1.2802230560721837,"0.21324242424242423,0.30240712468193387,0.3549930555555555,0.1,0.81,0.04740936357053375","0,0,0"
36.55,161,AV,2,0,0,57,2612.3907844155665,0.4,-9.644735673776662,"0.22698484848484846,0.2906815718157182,0.38030729166666677,0.4,0.57,0.12907560648141725","0,0,0"
37.11666666666667,239,AV,1,0,0,69,4925.450001742355,0.1,-4.616572876212217,"0.22528333333333334,0.2963255813953488,0.35289855072463766,0.1,0.69,0.24336154068581314","0,0,0"
36.95,199,AV,1,0,0,72,3487.44186130441,0.2,-6.508130140161514,"0.1976304347826087,0.2649789915966387,0.33551754385964905,0.2,0.72,0.17231100186155868","0,0,0"
19.65,150,AV,1,0,0,17,2318.1098695731453,0.1,-1.150274215583644,"0.19038690476190478,0.3074002732240437,0.3734333333333334,0.1,0.17,0.11453548186231685","0,0,0"
22.166666666666668,100,AV,2,0,0,0,1573.7150367511856,0.1,-0.8809095113127428,"0.14680392156862745,0.26829545454545445,0.3345285714285714,0.1,0.0,0.07775568035585004","0,0,0"
20.35,216,AV,2,0,0,1,3958.913906791885,0.6,-12.206651212608312,"0.23011904761904758,0.2800995024875622,0.3385761904761905,0.6,0.01,0.19560596239095915","0,0,0"
46.1,164,AV,1,0,0,99,2744.8905386527767,0.5,-15.977203766653156,"0.22623015873015873,0.31942948717948716,0.3660686274509804,0.5,0.99,0.1356222863421919","0,0,0"
33.43333333333333,86,AV,1,0,0,61,1405.7852601227096,0.2,-2.373741777614609,"0.26498809523809524,0.3167740112994351,0.3723041666666667,0.2,0.61,0.0694584386514629","0,0,0"
45.36666666666667,63,AV,2,0,0,98,1052.4070316009115,0.5,-6.0283079545826626,"0.20637878787878786,0.2978560606060606,0.36330555555555555,0.5,0.98,0.05199837508215116","0,0,0"
28.5,170,AV,2,0,0,21,2891.134206742707,0.1,-2.0807405275799784,"0.18903921568627452,0.2860858208955223,0.33796354166666664,0.1,0.21,0.14284803919103217","0,0,0"
34.25,95,AV,2,0,0,45,1526.0895405694364,0.4,-5.279653208535676,"0.24472222222222226,0.29106140350877197,0.3449571428571428,0.4,0.45,0.07540255239340664","0,0,0"
15.433333333333334,87,AV,1,0,0,8,1421.705549214182,0.4,-2.2163288528153746,"0.17463492063492064,0.26615789473684204,0.3216851851851852,0.4,0.08,0.07024504415554754","0,0,0"
15.2,257,AV,1,0,0,3,5882.279762541917,0.9,-20.320602816053896,"0.18134920634920637,0.2736442786069652,0.3489142857142857,0.9,0.03,0.29063753875296394","0,0,0"
8.583333333333334,127,AV,0,0,0,10,1997.7276787447236,0.3,-1.799027467870622,"0.24585964912280708,0.3136942446043165,0.35490625000000003,0.3,0.1,0.09870571939579707","0,0,0"
13.866666666666667,197,AV,1,0,0,5,3393.6426315430986,0.9,-10.695116172135826,"0.1872666666666667,0.27229687500000005,0.32912777777777785,0.9,0.05,0.16767647606964517","0,0,0"
44.11666666666667,184,AV,2,0,0,94,3101.095365071405,0.3,-10.364393221393952,"0.22731111111111107,0.28442069892473126,0.36464728682170544,0.3,0.94,0.15322200927639995","0,0,0"
45.31666666666667,196,AV,1,0,0,98,3387.2787239910285,0.8,-31.01013754387747,"0.20833333333333331,0.27239974937343364,0.32868817204301076,0.8,0.98,0.16736204178524355","0,0,0"
42.05,20,AV,2,0,0,50,626.2908344343901,0.1,-0.66503862595874,"0.2002820512820513,0.29273828124999995,0.38748717948717953,0.1,0.5,0.030944401492541913","0,0,0"
29.316666666666666,39,AV,1,0,0,52,835.7777612710734,0.3,-1.8562286389846185,"0.1773076923076923,0.23617524509803925,0.31973809523809515,0.3,0.52,0.04129494027589717","0,0,0"
23.466666666666665,84,AV,1,0,0,26,1365.417472605012,0.3,-2.427408840186688,"0.21224603174603174,0.2789503816793893,0.3375219298245613,0.3,0.26,0.06746390678921493","0,0,0"
42.8,27,AV,1,0,0,95,727.2326469992182,0.1,-0.7859989215042056,"0.19864912280701755,0.2756578282828282,0.3471025641025642,0.1,0.95,0.03593183513143892","0,0,0"
22.933333333333334,94,AV,1,0,0,27,1509.578116022191,0.7,-6.119636537679184,"0.2064927536231884,0.2948445273631841,0.34842592592592597,0.7,0.27,0.07458673947980204","0,0,0"
41.78333333333333,68,AV,1,0,0,87,1148.2139867956057,0.6,-7.269122386102483,"0.21001754385964916,0.2838833333333334,0.36949999999999994,0.6,0.87,0.05673210057248192","0,0,0"
29.616666666666667,166,AV,1,0,0,53,2761.3662775036096,0.2,-4.13042750431306,"0.2071488095238095,0.28464631043257,0.36805333333333334,0.2,0.53,0.13643633606135613","0,0,0"
17.85,23,AV,1,0,0,16,670.158540600369,0.7,-2.1145532739398005,"0.237656862745098,0.325051724137931,0.37840090090090084,0.7,0.16,0.033111860822172434","0,0,0"
50.75,250,AV,2,0,0,97,5386.149373461946,0.6,-41.41622434896875,"0.18069444444444444,0.2804850948509484,0.33460256410256406,0.6,0.97,0.2661242342173697","0,0,0"
15.983333333333333,274,AV,1,0,0,10,7592.14370769901,0.3,-9.193012393539583,"0.20108823529411762,0.2596984848484849,0.35102380952380946,0.3,0.1,0.37512020001424035","0,0,0"
37.78333333333333,243,AV,2,0,0,59,4999.976398121604,0.1,-4.770600376490604,"0.20093181818181818,0.2898717948717949,0.32995045045045046,0.1,0.59,0.24704381512534654","0,0,0"
17.15,99,AV,1,0,0,8,1567.0706205360798,0.1,-0.6786682106614588,"0.2196474358974359,0.2862256410256411,0.35196875,0.1,0.08,0.07742738641996724","0,0,0"
22.75,172,AV,1,0,0,24,2909.8477340427667,0.2,-3.3433856540137854,"0.21172222222222226,0.2987640845070423,0.34255,0.2,0.24,0.1437726557913017","0,0,0"
22.966666666666665,42,AV,1,0,0,26,854.5785374972068,0.1,-0.49562677806024863,"0.16354666666666662,0.23750280112044822,0.3012453703703703,0.1,0.26,0.04222386775802824","0,0,0"
16.083333333333332,129,AV,1,0,0,11,2015.5588757501516,0.6,-4.911652310855799,"0.21394871794871795,0.27589093137254894,0.33543902439024387,0.6,0.11,0.09958674094184428","0,0,0"
24.833333333333332,25,AV,1,0,0,34,679.8949342204361,0.1,-0.426365089220728,"0.2020641025641026,0.2729561403508772,0.30433870967741944,0.1,0.34,0.033592926258074716","0,0,0"
25.216666666666665,10,AV,1,0,0,38,583.3206434887895,0.7,-2.600146858244852,"0.24381111111111117,0.30450121654501217,0.35310526315789464,0.7,0.38,0.028821287489073047","0,0,0"
41.416666666666664,9,AV,1,0,0,85,572.7967315704935,0.1,-0.5990740227073554,"0.2249733333333333,0.3009689054726368,0.34806989247311826,0.1,0.85,0.02830131156452355","0,0,0"
12.4,244,AV,1,0,0,2,5004.1281918097375,0.2,-3.133898463557614,"0.1875686274509804,0.27005216284987277,0.31836904761904766,0.2,0.02,0.2472489510841313","0,0,0"
37.46666666666667,117,AV,1,0,0,73,1823.811293294481,0.1,-1.7255588330496605,"0.22271666666666665,0.3141474358974359,0.39064285714285707,0.1,0.73,0.09011268535856054","0,0,0"
25.666666666666668,110,AV,1,0,0,37,1653.1781197118603,0.1,-1.07150433685028,"0.20197058823529412,0.27273774509803916,0.3340045045045045,0.1,0.37,0.08168187152419273","0,0,0"
13.616666666666667,60,AV,1,0,0,1,1020.7360413649084,1.0,-3.5098541489694033,"0.25157777777777773,0.31950751879699246,0.3549246031746032,1.0,0.01,0.05043354324421705","0,0,0"
41.8,11,AV,2,0,0,75,586.8516376274475,0.3,-1.8583635191535837,"0.1929561403508772,0.25895994832041347,0.3314427083333333,0.3,0.75,0.028995750365243225","0,0,0"
13.5,218,AV,1,0,0,7,4034.238052294327,1.0,-13.753084269185207,"0.18102941176470588,0.24598727735368958,0.3207675438596491,1.0,0.07,0.1993276528139321","0,0,0"
37.36666666666667,80,AV,1,0,0,79,1323.5149786113286,0.1,-1.2488722988411611,"0.20020512820512823,0.25240277777777775,0.32631818181818173,0.1,0.79,0.06539354662044386","0,0,0"
32.88333333333333,141,AV,1,0,0,64,2225.3307045190536,1.0,-18.47886144787918,"0.22464035087719295,0.3208392857142857,0.35925806451612907,1.0,0.64,0.1099513564437013","0,0,0"
21.066666666666666,297,AV,1,0,0,24,18628.94525544202,0.3,-29.731043943028673,"0.18894166666666665,0.25401587301587303,0.33666161616161616,0.3,0.24,0.9204374863438488","0,0,0"
21.183333333333334,13,AV,1,0,0,23,595.9176043698985,0.1,-0.3187757892062883,"0.23268666666666668,0.30088501291989667,0.36853888888888897,0.1,0.23,0.029443690682060725","0,0,0"
28.5,115,AV,1,0,0,50,1717.0377309640771,0.2,-2.471493703660414,"0.1245,0.264729797979798,0.3183508771929825,0.2,0.5,0.0848371108173414","0,0,0"
27.133333333333333,6,AV,1,0,0,41,541.9839687696077,0.8,-2.9708750880704424,"0.22195833333333337,0.2950476190476191,0.37132758620689654,0.8,0.41,0.02677888388271631","0,0,0"
20.566666666666666,122,AV,1,0,0,19,1899.102970895097,0.4,-3.945274522027862,"0.2456,0.292925641025641,0.3628137254901961,0.4,0.19,0.0938327715750938","0,0,0"
44.2,194,AV,1,0,0,97,3362.377553451843,0.3,-11.25887029261905,"0.20497435897435895,0.2798686131386862,0.33146568627450984,0.3,0.97,0.1661316999433504","0,0,0"
19.833333333333332,235,AV,1,0,0,19,4689.4303597647895,0.5,-11.743312559175292,"0.1970694444444445,0.25384160756501184,0.3372463768115942,0.5,0.19,0.2317000470794511","0,0,0"
17.466666666666665,28,AV,1,0,0,12,742.4887258523852,0.9,-2.947455245050377,"0.19434444444444446,0.28572871046228715,0.34153225806451615,0.9,0.12,0.0366856226743472","0,0,0"
27.516666666666666,32,AV,0,0,0,62,767.6170681366935,0.5,-3.1669523979244127,"0.20474166666666668,0.28307746478873236,0.3364107142857143,0.5,0.62,0.03792718884414417","0,0,0"
42.166666666666664,82,AV,1,0,0,91,1342.087988935639,0.3,-4.287225520211069,"0.2237,0.2948280839895013,0.3559069767441861,0.3,0.91,0.06631122041798494","0,0,0"
27.85,18,AV,1,0,0,46,616.3739675020589,0.3,-1.3004556814342683,"0.21303508771929824,0.2825958005249343,0.3585595238095239,0.3,0.46,0.030454419051430016","0,0,0"
39.833333333333336,299,AV,1,0,0,81,20239.22920549412,0.8,-162.8678713842793,"0.2577435897435898,0.3058222222222222,0.3584642857142857,0.8,0.81,1.0","0,0,0"
23.933333333333334,85,AV,2,0,0,1,1391.0507319816634,0.5,-4.203596067183646,"0.22449019607843138,0.3181934306569343,0.370800925925926,0.5,0.01,0.06873042040573611","0,0,0"
26.783333333333335,102,AV,2,0,0,17,1588.8002265047048,0.1,-1.0745799511755307,"0.25698214285714277,0.32175,0.3462291666666667,0.1,0.17,0.07850102443987396","0,0,0"
35.46666666666667,5,AV,1,0,0,69,539.5213747330826,0.3,-1.4496230876666663,"0.18859803921568624,0.2853223844282238,0.324029411764706,0.3,0.69,0.026657209583190285","0,0,0"
27.266666666666666,204,AV,1,0,0,43,3583.4963710051925,0.1,-2.467424268924451,"0.19718421052631585,0.28044110275689227,0.35553205128205123,0.1,0.43,0.17705695877155342","0,0,0"
41.71666666666667,157,AV,1,0,0,84,2486.38103050259,0.3,-7.857843079984827,"0.1846466666666667,0.29740225563909783,0.3430833333333333,0.3,0.84,0.12284959102235175","0,0,0"
35.8,71,AV,1,0,0,72,1174.3503864217532,0.3,-3.1849805934771784,"0.19918589743589743,0.2632044270833333,0.3400098039215686,0.3,0.72,0.05802347384370573","0,0,0"
31.2,138,AV,1,0,0,56,2187.718469250836,0.2,-3.4473139515467714,"0.18412962962962964,0.28550851581508513,0.36191428571428574,0.2,0.56,0.10809297365222585","0,0,0"
19.75,29,AV,1,0,0,19,742.6585956180782,0.1,-0.3703915975620466,"0.20479861111111108,0.2678051282051282,0.34394444444444455,0.1,0.19,0.03669401576896401","0,0,0"
14.65,295,AV,1,0,0,7,17322.90883950548,0.2,-12.81720275246239,"0.18680701754385962,0.2790451127819549,0.3416798245614035,0.2,0.07,0.8559075379611304","0,0,0"
25.266666666666666,286,AV,1,0,0,36,10450.70686878338,0.3,-20.004130824590405,"0.20372916666666668,0.281862962962963,0.3349166666666667,0.3,0.36,0.5163589365323479","0,0,0"
17.35,55,AV,1,0,0,13,950.4213588862824,0.1,-0.416409357996894,"0.18506000000000003,0.26343631436314363,0.33319047619047626,0.1,0.13,0.04695936536102284","0,0,0"
41.65,31,AV,1,0,0,83,763.1985099142711,0.3,-2.4081225710552565,"0.1902222222222222,0.28582629107981217,0.3493641975308643,0.3,0.83,0.03770887231748401","0,0,0"
45.71666666666667,49,AV,2,0,0,92,921.9548251796884,0.4,-4.257444588329774,"0.21777272727272728,0.2684413333333333,0.3320505050505051,0.4,0.92,0.04555286250374671","0,0,0"
41.75,109,AV,2,0,0,58,1649.648602545546,0.9,-15.65291571733558,"0.18324637681159422,0.2967174479166667,0.37598717948717947,0.9,0.58,0.08150748162374356","0,0,0"
43.06666666666667,120,AV,1,0,0,92,1862.7228332236152,0.4,-8.103157914225292,"0.2114047619047619,0.2974621212121212,0.3493086419753086,0.4,0.92,0.09203526548916015","0,0,0"
26.866666666666667,69,AV,1,0,0,37,1148.9174546898266,0.2,-1.5589688021548829,"0.2139117647058824,0.2884612403100775,0.34377272727272723,0.2,0.37,0.05676685821503235","0,0,0"
33.93333333333333,181,AV,1,0,0,66,3022.892107624705,0.2,-5.180646743370286,"0.1841583333333333,0.2945717761557178,0.34573232323232334,0.2,0.66,0.14935806482215805","0,0,0"
41.13333333333333,52,AV,1,0,0,88,938.3100494872764,1.0,-9.74641920090319,"0.19799242424242425,0.2905049751243781,0.3408010752688172,1.0,0.88,0.04636095772029518","0,0,0"
44.916666666666664,128,AV,1,0,0,100,2010.868248891871,0.4,-9.12338372182423,"0.16394444444444442,0.27832564102564106,0.32541880341880336,0.4,1.0,0.09935498177697413","0,0,0"
33.583333333333336,223,AV,1,0,0,61,4412.688598555705,0.6,-22.453453348711477,"0.14359803921568626,0.21387247474747476,0.29754861111111114,0.6,0.61,0.21802651443652019","0,0,0"
21.8,228,AV,1,0,0,21,4549.115907877681,0.1,-2.5043112826195317,"0.22138000000000002,0.2495013227513228,0.32596759259259256,0.1,0.21,0.22476725085176577","0,0,0"
23.0,201,AV,1,0,0,31,3523.1638559153366,0.4,-8.185128150106339,"0.20180864197530862,0.28493631436314365,0.32124444444444444,0.4,0.31,0.1740759897594787","0,0,0"
26.466666666666665,167,AV,1,0,0,38,2793.3389947689566,0.5,-9.334642937064611,"0.2054469696969697,0.27855185185185183,0.35218749999999993,0.5,0.38,0.13801607592895285","0,0,0"
39.03333333333333,65,AV,1,0,0,81,1111.987968807459,0.2,-2.1921513661170615,"0.21913580246913575,0.2953880597014925,0.35738888888888887,0.2,0.81,0.05494220938540485","0,0,0"
42.11666666666667,114,AV,2,0,0,68,1703.2333497257905,0.1,-1.8114775567159396,"0.21534375,0.3034292929292929,0.3502222222222222,0.1,0.68,0.08415505019644881","0,0,0"
41.38333333333333,50,AV,1,0,0,87,931.9887487728153,1.0,-9.739596225601433,"0.24030833333333335,0.3166653439153439,0.36667142857142865,1.0,0.87,0.046048628596973375","0,0,0"
20.316666666666666,38,AV,1,0,0,22,832.4581618945489,0.8,-3.4167222200318355,"0.20911333333333335,0.3012294871794871,0.3571333333333333,0.8,0.22,0.041130922202737376","0,0,0"
44.1,103,AV,1,0,0,95,1594.6992934726818,0.4,-7.103660489105582,"0.22737719298245612,0.29307816091954025,0.33518589743589744,0.4,0.95,0.07879249141759738","0,0,0"
32.55,17,AV,1,0,0,63,615.3970356119416,0.8,-4.04670171902398,"0.19750000000000004,0.2606848958333334,0.33527419354838706,0.8,0.63,0.030406149827330708","0,0,0"
15.466666666666667,191,AV,1,0,0,9,3257.3450634265246,0.1,-1.272229048341673,"0.22497727272727272,0.2762293233082706,0.34010344827586203,0.1,0.09,0.1609421500371313","0,0,0"
43.93333333333333,187,AV,1,0,0,98,3159.4556453821087,0.5,-17.525936618744186,"0.22126190476190477,0.2815189393939394,0.3574333333333333,0.5,0.98,0.15610553214765938","0,0,0"
33.333333333333336,3,AV,2,0,0,57,513.3463032142733,0.1,-0.4321096828402975,"0.19555555555555557,0.27868447837150123,0.34116145833333333,0.1,0.57,0.02536392557256681","0,0,0"
38.75,83,AV,1,0,0,77,1348.5865378412918,0.3,-3.958918813738641,"0.18162345679012343,0.2554153439153439,0.32826562499999995,0.3,0.77,0.0666323071965214","0,0,0"
37.583333333333336,214,AV,2,0,0,32,3941.04555698938,0.1,-3.74034416288344,"0.18047368421052634,0.2734221411192214,0.3671764705882354,0.1,0.32,0.19472310516250035","0,0,0"
33.61666666666667,188,AV,1,0,0,65,3206.59631480788,0.1,-2.7220979658954096,"0.1739506172839506,0.2566203007518797,0.3293988095238095,0.1,0.65,0.15843470530673276","0,0,0"
30.566666666666666,232,AV,0,0,0,75,4645.51881630073,0.4,-14.843234863797203,"0.21640833333333337,0.3106188725490196,0.38991666666666674,0.4,0.75,0.2295304217929239","0,0,0"
38.65,133,AV,1,0,0,80,2046.5713793034688,0.1,-1.9974743386383604,"0.19668518518518519,0.2852644110275689,0.3419117647058823,0.1,0.8,0.10111903761374018","0,0,0"
41.983333333333334,123,AV,1,0,0,87,1929.5758599688188,0.5,-10.228538702149525,"0.23619565217391308,0.3193556430446194,0.3806083333333333,0.5,0.87,0.09533840643718873","0,0,0"
30.916666666666668,35,AV,1,0,0,58,783.6834518391023,0.2,-1.2236808107420327,"0.2066666666666666,0.2777721822541966,0.31214814814814806,0.2,0.58,0.038721012736313315","0,0,0"
38.85,264,AV,1,0,0,82,6254.49597505133,0.2,-12.27207922377496,"0.240698717948718,0.29412098765432104,0.35443678160919545,0.2,0.82,0.3090283682025544","0,0,0"
28.333333333333332,252,AV,2,0,0,25,5590.116807812239,0.1,-3.999662699192258,"0.2594270833333333,0.34541728395061727,0.380568376068376,0.1,0.25,0.27620206041714035","0,0,0"
31.2,126,AV,1,0,0,55,1986.5043233563797,0.4,-6.260498473607984,"0.16017543859649122,0.2856186868686869,0.36276811594202896,0.4,0.55,0.09815118467145603","0,0,0"
16.683333333333334,147,AV,1,0,0,10,2294.767722006211,0.3,-2.9003314264245166,"0.21220138888888887,0.29963565891472865,0.3698548387096775,0.3,0.1,0.11338216978061968","0,0,0"
15.666666666666666,0,AV,0,0,0,26,437.5592869272848,0.2,-0.8462169442017237,"0.19481159420289856,0.28861764705882353,0.3440526315789474,0.2,0.26,0.021619365168734063","0,0,0"
21.966666666666665,155,AV,1,0,0,24,2446.4664131825853,0.2,-2.7141773843220935,"0.22067708333333336,0.2843702380952381,0.3452525252525253,0.2,0.24,0.12087744984470407","0,0,0"
13.733333333333333,202,AV,0,0,0,24,3534.445695738256,0.5,-6.628752637391251,"0.20530701754385963,0.2794495305164319,0.34168840579710147,0.5,0.24,0.1746334141410286","0,0,0"
29.616666666666667,268,AV,2,0,0,26,6918.069898529506,0.4,-20.695976783984737,"0.18140476190476185,0.2910664335664336,0.37500000000000006,0.4,0.26,0.34181488970200175","0,0,0"
43.483333333333334,185,AV,2,0,0,81,3131.512437779759,1.0,-34.3860098912769,"0.17567361111111113,0.259742206235012,0.3429506172839506,1.0,0.81,0.15472488630790748","0,0,0"
33.63333333333333,145,AV,2,0,0,21,2271.53748778668,0.2,-3.858554419489495,"0.21860833333333332,0.2920413333333334,0.3579953703703703,0.2,0.21,0.11223438722508516","0,0,0"
23.15,241,AV,1,0,0,23,4951.479839002994,0.2,-5.789230215804005,"0.1712857142857143,0.27464973958333333,0.32824621212121213,0.2,0.23,0.2446476488175187","0,0,0"
17.233333333333334,296,AV,1,0,0,11,17693.100214811147,0.8,-61.59820074786104,"0.2030648148148148,0.28613615023474176,0.37228571428571433,0.8,0.11,0.874198322236906","0,0,0"
13.75,163,AV,0,0,0,26,2744.255474143275,0.3,-3.358599452232578,"0.21074444444444443,0.2845924479166667,0.35655405405405405,0.3,0.26,0.13559090844222083","0,0,0"
30.9,143,AV,1,0,0,56,2250.3510049999354,0.1,-1.755955708446919,"0.17099206349206353,0.28032613908872894,0.3376444444444444,0.1,0.56,0.11118758437643748","0,0,0"
21.25,93,AV,2,0,0,1,1496.328062426438,0.1,-0.8029538213778235,"0.20227499999999995,0.2988415977961433,0.37050877192982457,0.1,0.01,0.07393206763132296","0,0,0"
38.81666666666667,97,AV,1,0,0,79,1546.5147326922538,0.2,-3.03184580171739,"0.18268666666666664,0.27345238095238095,0.3461666666666667,0.2,0.79,0.07641174063449208","0,0,0"
23.866666666666667,92,AV,0,0,0,53,1490.1599361877834,0.2,-2.2962197210613686,"0.19360784313725493,0.26700839328537174,0.3383480392156861,0.2,0.53,0.0736273067051025","0,0,0"
42.88333333333333,162,AV,1,0,0,87,2629.980017260476,0.1,-2.8480381247521906,"0.20489999999999997,0.30648226950354607,0.34994791666666664,0.1,0.87,0.1299446728211638","0,0,0"
27.3,88,AV,1,0,0,45,1460.106853854364,0.8,-8.052710527318009,"0.17826190476190476,0.2610143229166667,0.3294736842105263,0.8,0.45,0.07214241407266661","0,0,0"
26.033333333333335,173,AV,1,0,0,38,2942.323800284961,0.3,-5.802916383895341,"0.1852307692307692,0.2846006944444444,0.34317676767676764,0.3,0.38,0.14537726562660996","0,0,0"
36.28333333333333,178,AV,1,0,0,69,2987.078671303881,0.1,-2.736898260702252,"0.18364,0.264674300254453,0.3430441176470589,0.1,0.69,0.14758855888113623","0,0,0"
32.63333333333333,240,AV,1,0,0,60,4934.883137056144,0.6,-24.400255510999823,"0.2295061728395062,0.2778934837092732,0.37607142857142856,0.6,0.6,0.2438276224331965","0,0,0"
28.416666666666668,205,AV,1,0,0,50,3608.770587345788,0.4,-10.35850816738143,"0.20331481481481478,0.2860499999999999,0.3306145833333333,0.4,0.5,0.17830573243205106","0,0,0"
12.333333333333334,226,AV,1,0,0,1,4504.939201911708,0.1,-1.403053455140852,"0.21428472222222225,0.3110863746958638,0.35657471264367807,0.1,0.01,0.2225845241521748","0,0,0"
43.083333333333336,107,AV,1,0,0,94,1628.9397076974285,0.1,-1.7722260708745172,"0.17251666666666665,0.2560050125313283,0.3266488095238095,0.1,0.94,0.0804842759157665","0,0,0"
35.05,43,AV,1,0,0,69,857.6590975250949,0.5,-3.7955746677089106,"0.2099420289855072,0.28158088235294115,0.3617857142857143,0.5,0.69,0.04237607513690668","0,0,0"
32.53333333333333,238,AV,1,0,0,60,4864.205776554158,0.2,-7.992365046998077,"0.18859803921568627,0.28887218045112784,0.3465645161290323,0.2,0.6,0.24033552499290464","0,0,0"
42.266666666666666,124,AV,1,0,0,88,1950.0200213032829,0.8,-16.650676006818607,"0.18967391304347828,0.2912293333333333,0.34796354166666676,0.8,0.88,0.09634853192798135","0,0,0"
24.833333333333332,259,AV,1,0,0,36,5984.209260784091,0.4,-15.010895283785011,"0.1888910256410257,0.29334047619047615,0.35837037037037045,0.4,0.36,0.2956737729497932","0,0,0"
18.55,176,AV,1,0,0,15,2966.188350320237,0.1,-1.3894644923848585,"0.18371666666666667,0.2612210648148148,0.3102361111111112,0.1,0.15,0.14655638908990856","0,0,0"
32.18333333333333,287,AV,1,0,0,60,10751.672106064549,0.2,-17.475992286877645,"0.22097727272727272,0.2932961711711711,0.34418333333333334,0.2,0.6,0.5312293268137855","0,0,0"
