travel_time,id,kind,action,origin,destination,start_time,income,urgency,reward,observation,cost_table
12.816666666666666,101,AV,2,0,0,23,1503.4428459110418,0.9,-1.0281666666666667,"0.05279444444444445,0.08297417840375587,0.11911475409836067,0.9,0.23,0.0723041696201366","0,0,0"
24.916666666666668,255,AV,2,0,0,51,5590.116807812239,0.3,-0.5491666666666667,"0.17272619047619045,0.2550864583333333,0.23617744252873563,0.3,0.51,0.26884211459565416","0,0,0"
35.266666666666666,99,AV,2,0,0,78,1485.5718097438446,0.3,-0.6526666666666667,"0.28863095238095243,0.4294123376623377,0.3495280112044818,0.3,0.78,0.07144470866102204","0,0,0"
25.616666666666667,52,AV,2,0,0,55,946.1123250925148,0.5,-0.7561666666666667,"0.2034938271604938,0.2930245726495727,0.26006751054852323,0.5,0.55,0.04550080917225548","0,0,0"
4.9,299,AV,0,0,0,14,20793.30768626012,0.1,-0.16054217518546066,"0.051444444444444445,0.07610810810810811,0.11442028985507248,0.1,0.14,1.0","0,0,0"
18.85,278,AV,1,0,0,48,8029.700924090037,0.1,-0.2885,"0.1584358974358974,0.23040728476821193,0.21775651577503433,0.1,0.48,0.386167561469594","0,0,0"
20.116666666666667,199,AV,2,0,0,41,3257.3450634265246,0.3,-0.5011666666666666,"0.12329674796747969,0.17157241379310345,0.17921438746438745,0.3,0.41,0.15665353067318508","0,0,0"
35.983333333333334,157,AV,2,0,0,80,2411.397471856681,0.7,-1.0598333333333332,"0.2889885057471265,0.43075,0.3499184247538678,0.7,0.8,0.11596988359144483","0,0,0"
10.65,23,AV,1,0,0,28,646.5589615252754,0.1,-0.20650000000000002,"0.05885470085470085,0.090825311942959,0.12286340206185566,0.1,0.28,0.031094570006892704","0,0,0"
8.133333333333333,40,AV,1,0,0,17,857.6590975250949,0.1,-0.18133333333333335,"0.0503939393939394,0.07569883040935672,0.10997872340425532,0.1,0.17,0.041246881470994735","0,0,0"
29.283333333333335,162,AV,2,0,0,59,2476.7673195544394,0.3,-0.5928333333333333,"0.2165,0.32431481481481483,0.2768413978494624,0.3,0.59,0.11911367623300487","0,0,0"
10.633333333333333,239,AV,1,0,0,27,4577.590037133467,0.4,-0.5063333333333333,"0.0584957264957265,0.08941534391534392,0.1225486111111111,0.4,0.27,0.22014727556589106","0,0,0"
29.683333333333334,106,AV,2,0,0,59,1567.0706205360798,0.1,-0.39683333333333337,"0.2165,0.32431481481481483,0.2768413978494624,0.1,0.59,0.07536418179256658","0,0,0"
28.183333333333334,251,AV,2,0,0,55,5003.647877951615,0.4,-0.6818333333333333,"0.2034938271604938,0.2930245726495727,0.26006751054852323,0.4,0.55,0.24063741822365012","0,0,0"
10.133333333333333,4,AV,1,0,0,28,465.3670128771111,0.3,-0.4013333333333333,"0.05885470085470085,0.090825311942959,0.12286340206185566,0.3,0.28,0.0223806149506756","0,0,0"
22.766666666666666,26,AV,2,0,0,50,676.2529471816457,0.6,-0.8276666666666667,"0.1674733333333333,0.24658966244725739,0.22848101265822784,0.6,0.5,0.03252262494189429","0,0,0"
22.433333333333334,229,AV,2,0,0,45,4223.122456076251,0.3,-0.5243333333333333,"0.14044086021505378,0.2019260416666666,0.19696943231441047,0.3,0.45,0.20310008007368746","0,0,0"
16.666666666666668,282,AV,1,0,0,41,8475.089255911002,0.1,-0.2666666666666667,"0.12329674796747969,0.17157241379310345,0.17921438746438745,0.1,0.41,0.40758735376725097","0,0,0"
25.366666666666667,39,AV,0,0,0,64,849.0657401736111,0.7,-1.236330291689302,"0.24600000000000002,0.36143333333333333,0.3084773082942098,0.7,0.64,0.040833606321069346","0,0,0"
27.183333333333334,258,AV,0,0,0,73,5721.231751015957,0.7,-1.0137823419462744,"0.2780797101449276,0.4068213572854291,0.33649492753623184,0.7,0.73,0.2751477464451918","0,0,0"
28.45,167,AV,1,0,0,65,2561.5826276178027,0.2,-0.4845,"0.25118604651162796,0.37010975609756097,0.313329420970266,0.2,0.65,0.12319264766665551","0,0,0"
7.983333333333333,116,AV,1,0,0,12,1716.9764066453156,0.3,-0.37983333333333336,"0.05141666666666667,0.0678690476190476,0.10003333333333334,0.3,0.12,0.08257351031167907","0,0,0"
15.5,68,AV,1,0,0,38,1100.389953660579,0.3,-0.45499999999999996,"0.10659909909909908,0.15341079812206573,0.1661265560165975,0.3,0.38,0.052920390072797266","0,0,0"
14.833333333333334,179,AV,2,0,0,36,2818.3733061874163,0.7,-0.8483333333333333,"0.09437037037037035,0.13695020325203255,0.15407132459970888,0.7,0.36,0.13554232682517134","0,0,0"
14.9,6,AV,1,0,0,37,491.0984231068265,0.4,-0.549,"0.10273809523809524,0.14623118279569894,0.15890857946554152,0.4,0.37,0.023618100136676975","0,0,0"
8.483333333333333,169,AV,1,0,0,17,2645.062412614309,0.1,-0.18483333333333335,"0.0503939393939394,0.07569883040935672,0.10997872340425532,0.1,0.17,0.1272073905952983","0,0,0"
26.933333333333334,264,AV,2,0,0,56,5912.288420941998,0.1,-0.3693333333333333,"0.2070555555555556,0.3062421171171172,0.26774724517906334,0.1,0.56,0.28433611958951305","0,0,0"
15.516666666666667,12,AV,1,0,0,40,571.0932451196882,0.2,-0.3551666666666667,"0.11324786324786328,0.16429577464788733,0.17296234309623432,0.2,0.4,0.027465242843352784","0,0,0"
31.933333333333334,93,AV,2,0,0,69,1434.4967426379471,0.2,-0.5193333333333334,"0.2656049382716049,0.38759627329192553,0.3249561781609195,0.2,0.69,0.06898838627708276","0,0,0"
16.116666666666667,297,AV,2,0,0,36,17693.100214811147,0.1,-0.26116666666666666,"0.09437037037037035,0.13695020325203255,0.15407132459970888,0.1,0.36,0.8509035927219247","0,0,0"
37.983333333333334,187,AV,2,0,0,85,2909.8477340427667,0.1,-0.47983333333333333,"0.2925238095238095,0.43898648648648647,0.3534198312236287,0.1,0.85,0.13994155128890565","0,0,0"
26.9,22,AV,2,0,0,54,640.5426603936758,0.6,-0.869,"0.19220000000000004,0.2805631163708086,0.2495959595959596,0.6,0.54,0.03080523166677017","0,0,0"
11.083333333333334,166,AV,1,0,0,30,2553.8725848963804,0.3,-0.41083333333333333,"0.07228125000000002,0.10034210526315789,0.1296893939393939,0.3,0.3,0.122821853234247","0,0,0"
23.133333333333333,245,AV,1,0,0,54,4689.4303597647895,0.6,-0.8313333333333333,"0.19220000000000004,0.2805631163708086,0.2495959595959596,0.6,0.54,0.22552594471842924","0,0,0"
14.266666666666667,0,AV,1,0,0,35,417.8295094645922,0.2,-0.3426666666666667,"0.08952450980392156,0.12795528455284552,0.14557957957957957,0.2,0.35,0.02009442248289757","0,0,0"
18.3,242,AV,0,0,0,54,4635.813442599864,0.2,-0.43477084948988,"0.19220000000000004,0.2805631163708086,0.2495959595959596,0.2,0.54,0.222947378673338","0,0,0"
23.616666666666667,79,AV,2,0,0,49,1260.3927948639828,0.3,-0.5361666666666667,"0.16189506172839502,0.23759912854030504,0.22268194444444445,0.3,0.49,0.06061531017005197","0,0,0"
27.233333333333334,244,AV,1,0,0,64,4687.914961676448,0.8,-1.0723333333333334,"0.24600000000000002,0.36143333333333333,0.3084773082942098,0.8,0.64,0.22545306559254863","0,0,0"
28.633333333333333,32,AV,2,0,0,57,806.3598325453933,0.3,-0.5863333333333334,"0.20892857142857144,0.31494481981981987,0.2700737704918033,0.3,0.57,0.03877977687399022","0,0,0"
18.916666666666668,215,AV,1,0,0,48,3742.7752140142647,0.1,-0.2891666666666667,"0.1584358974358974,0.23040728476821193,0.21775651577503433,0.1,0.48,0.17999902999980277","0,0,0"
21.35,91,AV,2,0,0,47,1405.7852601227096,0.3,-0.5135000000000001,"0.15005208333333336,0.2209534632034632,0.2113717948717948,0.3,0.47,0.06760758227281125","0,0,0"
33.25,102,AV,2,0,0,69,1509.578116022191,0.8,-1.1325,"0.2656049382716049,0.38759627329192553,0.3249561781609195,0.8,0.69,0.07259922946360745","0,0,0"
32.983333333333334,214,AV,2,0,0,65,3628.2404526711953,0.8,-1.1298333333333335,"0.25118604651162796,0.37010975609756097,0.313329420970266,0.8,0.65,0.17449077883210845","0,0,0"
37.416666666666664,226,AV,2,0,0,71,4116.183110063293,0.2,-0.5741666666666667,"0.26968589743589744,0.39798033126293997,0.33101716738197423,0.2,0.71,0.1979571106324368","0,0,0"
14.983333333333333,147,AV,2,0,0,31,2276.662146114732,0.4,-0.5498333333333334,"0.07658333333333334,0.10738380952380952,0.13294202898550725,0.4,0.31,0.1094901388690128","0,0,0"
23.25,89,AV,2,0,0,51,1348.5865378412918,0.9,-1.1325,"0.17272619047619045,0.2550864583333333,0.23617744252873563,0.9,0.51,0.06485675863549194","0,0,0"
19.183333333333334,262,AV,2,0,0,40,5899.132481879994,0.3,-0.49183333333333334,"0.11324786324786328,0.16429577464788733,0.17296234309623432,0.3,0.4,0.2837034189504176","0,0,0"
38.05,217,AV,2,0,0,90,3759.463069718096,0.5,-0.8805,"0.2970787037037037,0.44618111111111103,0.35837321937321936,0.5,0.9,0.18080158897481655","0,0,0"
18.766666666666666,153,AV,2,0,0,40,2337.3116255789537,0.9,-1.0876666666666668,"0.11324786324786328,0.16429577464788733,0.17296234309623432,0.9,0.4,0.11240691768935884","0,0,0"
28.516666666666666,143,AV,2,0,0,59,2212.8825544422834,0.6,-0.8851666666666667,"0.2165,0.32431481481481483,0.2768413978494624,0.6,0.59,0.1064228254509272","0,0,0"
23.866666666666667,63,AV,2,0,0,53,1046.6558973464134,0.8,-1.0386666666666666,"0.18319871794871795,0.2729583333333333,0.24494347826086954,0.8,0.53,0.05033619052528265","0,0,0"
33.916666666666664,8,AV,2,0,0,66,541.9839687696077,0.5,-0.8391666666666666,"0.25308527131782943,0.3736262939958592,0.31570447530864204,0.5,0.66,0.026065307980208553","0,0,0"
18.383333333333333,33,AV,2,0,0,39,807.7368269013535,0.9,-1.0838333333333334,"0.11169512195121951,0.16021445221445224,0.1690649717514124,0.9,0.39,0.0388459998326814","0,0,0"
16.633333333333333,100,AV,0,0,0,51,1490.1599361877834,0.2,-0.5273898710724854,"0.17272619047619045,0.2550864583333333,0.23617744252873563,0.2,0.51,0.07166536265764283","0,0,0"
15.916666666666666,56,AV,2,0,0,36,968.7072844723906,0.9,-1.0591666666666666,"0.09437037037037035,0.13695020325203255,0.15407132459970888,0.9,0.36,0.04658745492005087","0,0,0"
8.616666666666667,19,AV,1,0,0,18,626.2908344343901,0.3,-0.38616666666666666,"0.05043055555555557,0.07750617283950617,0.11063756613756613,0.3,0.18,0.03011982720037529","0,0,0"
9.133333333333333,81,AV,1,0,0,26,1261.43865123121,0.6,-0.6913333333333334,"0.05799583333333334,0.08675222816399286,0.12256686046511628,0.6,0.26,0.060665607909257666","0,0,0"
18.3,73,AV,1,0,0,47,1135.438045570021,0.1,-0.28300000000000003,"0.15005208333333336,0.2209534632034632,0.2113717948717948,0.1,0.47,0.0546059368091927","0,0,0"
23.05,95,AV,2,0,0,50,1457.5875839824732,0.5,-0.7305,"0.1674733333333333,0.24658966244725739,0.22848101265822784,0.5,0.5,0.07009888017699192","0,0,0"
17.15,121,AV,1,0,0,43,1836.3970218708375,0.1,-0.27149999999999996,"0.13180952380952382,0.18976143790849676,0.19244468390804592,0.1,0.43,0.08831673390204767","0,0,0"
28.716666666666665,256,AV,1,0,0,66,5611.673516276995,0.6,-0.8871666666666667,"0.25308527131782943,0.3736262939958592,0.31570447530864204,0.6,0.66,0.26987882836866295","0,0,0"
30.166666666666668,287,AV,2,0,0,57,10751.672106064549,0.3,-0.6016666666666667,"0.20892857142857144,0.31494481981981987,0.2700737704918033,0.3,0.57,0.5170736791034491","0,0,0"
33.7,193,AV,2,0,0,67,3064.640983136323,0.1,-0.43700000000000006,"0.2579342105263158,0.3789820675105486,0.3198348214285715,0.1,0.67,0.14738592961625765","0,0,0"
29.55,270,AV,2,0,0,60,6709.13861087917,0.7,-0.9954999999999999,"0.22378472222222226,0.33390182648401834,0.28496999999999995,0.7,0.6,0.32265855495960655","0,0,0"
23.133333333333333,133,AV,2,0,0,51,2044.1603053436156,0.1,-0.33133333333333337,"0.17272619047619045,0.2550864583333333,0.23617744252873563,0.1,0.51,0.09830856813100321","0,0,0"
25.9,275,AV,2,0,0,54,7336.658338656486,0.2,-0.459,"0.19220000000000004,0.2805631163708086,0.2495959595959596,0.2,0.54,0.35283748258601644","0,0,0"
30.15,172,AV,2,0,0,62,2744.255474143275,0.1,-0.40149999999999997,"0.23751960784313725,0.35749552572706933,0.3000337552742616,0.1,0.62,0.13197782265092123","0,0,0"
27.133333333333333,206,AV,0,0,0,66,3438.9188747307694,0.2,-0.5411227086406498,"0.25308527131782943,0.3736262939958592,0.31570447530864204,0.2,0.66,0.16538585041970746","0,0,0"
25.466666666666665,97,AV,0,0,0,62,1474.5167950508735,0.8,-1.2174318523909293,"0.23751960784313725,0.35749552572706933,0.3000337552742616,0.8,0.62,0.07091304650992157","0,0,0"
16.65,3,AV,1,0,0,43,457.16351791608827,0.8,-0.9665,"0.13180952380952382,0.18976143790849676,0.19244468390804592,0.8,0.43,0.021986089217454062","0,0,0"
31.416666666666668,7,AV,2,0,0,65,508.6019702527906,0.4,-0.7141666666666667,"0.25118604651162796,0.37010975609756097,0.313329420970266,0.4,0.65,0.024459887668034006","0,0,0"
33.05,246,AV,2,0,0,67,4818.617258984985,0.7,-1.0305,"0.2579342105263158,0.3789820675105486,0.3198348214285715,0.7,0.67,0.23173885231203734","0,0,0"
11.616666666666667,66,AV,1,0,0,30,1089.3140785512585,0.3,-0.4161666666666667,"0.07228125000000002,0.10034210526315789,0.1296893939393939,0.3,0.3,0.052387724694280345","0,0,0"
22.083333333333332,254,AV,0,0,0,55,5557.427333357366,0.2,-0.46401878329134666,"0.2034938271604938,0.2930245726495727,0.26006751054852323,0.2,0.55,0.26726999942532587","0,0,0"
26.916666666666668,90,AV,2,0,0,56,1365.417472605012,0.9,-1.1691666666666667,"0.2070555555555556,0.3062421171171172,0.26774724517906334,0.9,0.56,0.06566619862539994","0,0,0"
19.683333333333334,27,AV,1,0,0,49,720.4688823460104,0.2,-0.39683333333333337,"0.16189506172839502,0.23759912854030504,0.22268194444444445,0.2,0.49,0.034649075232127916","0,0,0"
15.683333333333334,189,AV,1,0,0,40,2965.4163440895786,0.2,-0.35683333333333334,"0.11324786324786328,0.16429577464788733,0.17296234309623432,0.2,0.4,0.14261397892212588","0,0,0"
7.1,250,AV,0,0,0,21,4967.653125719208,0.6,-0.7193125520092052,"0.05102469135802469,0.08007977207977207,0.11267241379310343,0.6,0.21,0.2389063443235514","0,0,0"
30.216666666666665,252,AV,2,0,0,64,5144.150368411208,0.3,-0.6021666666666666,"0.24600000000000002,0.36143333333333333,0.3084773082942098,0.3,0.64,0.2473945197189757","0,0,0"
8.983333333333333,85,AV,1,0,0,24,1282.6858023855964,0.3,-0.3898333333333333,"0.055912037037037045,0.08489662447257385,0.1218368544600939,0.3,0.24,0.06168743432932387","0,0,0"
34.68333333333333,51,AV,2,0,0,75,943.1907669438916,0.3,-0.6468333333333334,"0.2798012820512821,0.4176025641025641,0.34126540616246487,0.3,0.75,0.04536030443906415","0,0,0"
33.0,42,AV,2,0,0,71,870.7377108213431,0.3,-0.63,"0.26968589743589744,0.39798033126293997,0.33101716738197423,0.3,0.71,0.04187586332869553","0,0,0"
12.366666666666667,149,AV,1,0,0,32,2294.767722006211,0.3,-0.42366666666666664,"0.082075,0.11572761904761904,0.13712926829268293,0.3,0.32,0.11036087940556741","0,0,0"
22.566666666666666,141,AV,2,0,0,45,2139.4702648744856,0.3,-0.5256666666666666,"0.14044086021505378,0.2019260416666666,0.19696943231441047,0.3,0.45,0.10289225250527183","0,0,0"
32.583333333333336,160,AV,2,0,0,70,2436.431929205765,0.3,-0.6258333333333334,"0.26545238095238094,0.38899382716049385,0.3253847826086956,0.3,0.7,0.11717385064309511","0,0,0"
26.616666666666667,291,AV,1,0,0,61,11515.391842589095,0.7,-0.9661666666666666,"0.22817307692307692,0.3462676056338028,0.2903478835978836,0.7,0.61,0.5538027915682833","0,0,0"
21.433333333333334,113,AV,2,0,0,46,1635.9686818612918,0.3,-0.5143333333333333,"0.14798076923076922,0.213690625,0.20599287749287748,0.3,0.46,0.07867765468320913","0,0,0"
8.566666666666666,120,AV,1,0,0,20,1809.16611953512,0.1,-0.18566666666666667,"0.051108974358974366,0.07964779874213837,0.11283760683760685,0.1,0.2,0.08700713454697676","0,0,0"
17.783333333333335,203,AV,2,0,0,39,3382.383844415393,0.4,-0.5778333333333334,"0.11169512195121951,0.16021445221445224,0.1690649717514124,0.4,0.39,0.16266694531964326","0,0,0"
25.816666666666666,98,AV,2,0,0,52,1474.807688008607,0.7,-0.9581666666666666,"0.1811896551724138,0.26574598393574295,0.24297777777777782,0.7,0.52,0.07092703624941481","0,0,0"
21.083333333333332,28,AV,2,0,0,47,736.5379020629116,0.4,-0.6108333333333333,"0.15005208333333336,0.2209534632034632,0.2113717948717948,0.4,0.47,0.03542187290142414","0,0,0"
22.716666666666665,257,AV,2,0,0,50,5702.891177591027,0.7,-0.9271666666666666,"0.1674733333333333,0.24658966244725739,0.22848101265822784,0.7,0.5,0.27426570431405706","0,0,0"
18.3,159,AV,2,0,0,42,2421.0391237858234,0.3,-0.483,"0.12750000000000003,0.17866122004357302,0.18543919885550786,0.3,0.42,0.11643357373995898","0,0,0"
8.083333333333334,112,AV,1,0,0,13,1628.9397076974285,0.2,-0.2808333333333334,"0.051444444444444445,0.07329333333333332,0.11183333333333334,0.2,0.13,0.07833961446998668","0,0,0"
30.216666666666665,237,AV,2,0,0,61,4559.760277629775,0.5,-0.8021666666666667,"0.22817307692307692,0.3462676056338028,0.2903478835978836,0.5,0.61,0.21928979970044837","0,0,0"
14.616666666666667,86,AV,2,0,0,31,1293.252850487379,0.1,-0.24616666666666667,"0.07658333333333334,0.10738380952380952,0.13294202898550725,0.1,0.31,0.06219562899759039","0,0,0"
10.666666666666666,170,AV,1,0,0,23,2667.9339807116767,0.1,-0.20666666666666667,"0.05279444444444445,0.08297417840375587,0.11911475409836067,0.1,0.23,0.12830733911924","0,0,0"
11.733333333333333,49,AV,0,0,0,42,932.0432837729122,0.3,-0.6748321042364182,"0.12750000000000003,0.17866122004357302,0.18543919885550786,0.3,0.42,0.04482419525724574","0,0,0"
31.8,186,AV,2,0,0,61,2909.5116230827134,0.7,-1.018,"0.22817307692307692,0.3462676056338028,0.2903478835978836,0.7,0.61,0.13992538690731113","0,0,0"
12.833333333333334,103,AV,1,0,0,33,1527.6889462703334,0.1,-0.22833333333333333,"0.08297916666666667,0.11808712121212123,0.1390580065359477,0.1,0.33,0.07347022269476662","0,0,0"
15.616666666666667,44,AV,1,0,0,37,877.2934597877683,0.3,-0.45616666666666666,"0.10273809523809524,0.14623118279569894,0.15890857946554152,0.3,0.37,0.04219114500803879","0,0,0"
26.733333333333334,30,AV,2,0,0,57,777.0630287344238,0.1,-0.3673333333333334,"0.20892857142857144,0.31494481981981987,0.2700737704918033,0.1,0.57,0.037370823365822384","0,0,0"
20.066666666666666,82,AV,2,0,0,42,1265.4739572733297,0.9,-1.1006666666666667,"0.12750000000000003,0.17866122004357302,0.18543919885550786,0.9,0.42,0.060859675447862215","0,0,0"
37.666666666666664,50,AV,2,0,0,85,938.3100494872764,0.3,-0.6766666666666666,"0.2925238095238095,0.43898648648648647,0.3534198312236287,0.3,0.85,0.04512557903941836","0,0,0"
20.183333333333334,138,AV,2,0,0,41,2105.159940183184,0.3,-0.5018333333333334,"0.12329674796747969,0.17157241379310345,0.17921438746438745,0.3,0.41,0.10124218676253416","0,0,0"
18.433333333333334,92,AV,2,0,0,41,1434.2863071033526,0.3,-0.48433333333333334,"0.12329674796747969,0.17157241379310345,0.17921438746438745,0.3,0.41,0.06897826592789302","0,0,0"
20.183333333333334,71,AV,0,0,0,54,1117.0806745336297,0.9,-1.3166790517056413,"0.19220000000000004,0.2805631163708086,0.2495959595959596,0.9,0.54,0.05372308684066549","0,0,0"
25.4,273,AV,2,0,0,54,7099.697064525982,0.3,-0.554,"0.19220000000000004,0.2805631163708086,0.2495959595959596,0.3,0.54,0.3414414470102487","0,0,0"
15.133333333333333,41,AV,2,0,0,36,861.805442805673,0.9,-1.0513333333333335,"0.09437037037037035,0.13695020325203255,0.15407132459970888,0.9,0.36,0.04144628915269407","0,0,0"
34.96666666666667,267,AV,2,0,0,72,6427.339783247283,0.7,-1.0496666666666665,"0.2737361111111111,0.401144578313253,0.33394927536231883,0.7,0.72,0.3091061739780037","0,0,0"
23.7,148,AV,0,0,0,56,2280.385817754286,0.3,-0.6422453484543904,"0.2070555555555556,0.3062421171171172,0.26774724517906334,0.3,0.56,0.10966921916233309","0,0,0"
17.15,174,AV,2,0,0,39,2753.3979495063454,0.8,-0.9715,"0.11169512195121951,0.16021445221445224,0.1690649717514124,0.8,0.39,0.13241750620204337","0,0,0"
30.816666666666666,115,AV,1,0,0,72,1703.2333497257905,0.6,-0.9081666666666666,"0.2737361111111111,0.401144578313253,0.33394927536231883,0.6,0.72,0.08191257376772525","0,0,0"
31.716666666666665,80,AV,2,0,0,70,1260.6549751070208,0.4,-0.7171666666666667,"0.26545238095238094,0.38899382716049385,0.3253847826086956,0.4,0.7,0.06062791904628244","0,0,0"
14.483333333333333,241,AV,1,0,0,35,4630.913868273173,0.2,-0.3448333333333333,"0.08952450980392156,0.12795528455284552,0.14557957957957957,0.2,0.35,0.22271174640161776","0,0,0"
25.966666666666665,216,AV,2,0,0,53,3758.845856207275,0.1,-0.3596666666666667,"0.18319871794871795,0.2729583333333333,0.24494347826086954,0.1,0.53,0.18077190569786353","0,0,0"
21.066666666666666,140,AV,2,0,0,45,2137.1188228190404,0.2,-0.4106666666666667,"0.14044086021505378,0.2019260416666666,0.19696943231441047,0.2,0.45,0.10277916602134513","0,0,0"
27.65,57,AV,2,0,0,58,969.457736312404,0.1,-0.37649999999999995,"0.21344117647058825,0.3221794055201699,0.2759539295392953,0.1,0.58,0.04662354594757456","0,0,0"
21.75,36,AV,2,0,0,47,818.0604611907775,0.3,-0.5175,"0.15005208333333336,0.2209534632034632,0.2113717948717948,0.3,0.47,0.03934248814734457","0,0,0"
29.0,290,AV,1,0,0,68,11185.875164713363,0.2,-0.49,"0.26404761904761903,0.38404498977505114,0.32381149927219793,0.2,0.68,0.5379555448075637","0,0,0"
23.05,150,AV,1,0,0,53,2302.618320259251,0.2,-0.4305,"0.18319871794871795,0.2729583333333333,0.24494347826086954,0.2,0.53,0.11073843349034766","0,0,0"
30.75,185,AV,2,0,0,61,2891.134206742707,0.1,-0.4075,"0.22817307692307692,0.3462676056338028,0.2903478835978836,0.1,0.61,0.13904157291209238","0,0,0"
23.15,207,AV,2,0,0,48,3465.4556083993225,0.1,-0.3315,"0.1584358974358974,0.23040728476821193,0.21775651577503433,0.1,0.48,0.1666620655399256","0,0,0"
33.43333333333333,298,AV,2,0,0,67,19040.472291926453,0.2,-0.5343333333333333,"0.2579342105263158,0.3789820675105486,0.3198348214285715,0.2,0.67,0.91570194503052","0,0,0"
19.383333333333333,191,AV,2,0,0,44,2969.8754393798326,0.5,-0.6938333333333333,"0.1385320512820513,0.19890184049079757,0.19625324675324674,0.5,0.44,0.1428284275013291","0,0,0"
25.9,178,AV,2,0,0,51,2815.231094880572,0.3,-0.5589999999999999,"0.17272619047619045,0.2550864583333333,0.23617744252873563,0.3,0.51,0.13539121035278245","0,0,0"
9.983333333333333,183,AV,2,0,0,0,2857.712092786687,0.9,-0.9998333333333334,"0.0,0.0,0.0,0.9,0.0,0.13743422335230565","0,0,0"
17.566666666666666,35,AV,2,0,0,41,816.2772675203604,0.7,-0.8756666666666666,"0.12329674796747969,0.17157241379310345,0.17921438746438745,0.7,0.41,0.03925673009012141","0,0,0"
17.6,171,AV,1,0,0,45,2675.3892374750885,0.1,-0.276,"0.14044086021505378,0.2019260416666666,0.19696943231441047,0.1,0.45,0.1286658802843062","0,0,0"
29.716666666666665,260,AV,2,0,0,59,5849.7981009167725,0.8,-1.0971666666666666,"0.2165,0.32431481481481483,0.2768413978494624,0.8,0.59,0.28133081033481866","0,0,0"
19.416666666666668,195,AV,2,0,0,43,3119.7161673652217,0.5,-0.6941666666666667,"0.13180952380952382,0.18976143790849676,0.19244468390804592,0.5,0.43,0.1500346272193471","0,0,0"
27.35,231,AV,2,0,0,55,4304.4895651906745,0.2,-0.47350000000000003,"0.2034938271604938,0.2930245726495727,0.26006751054852323,0.2,0.55,0.207013219355909","0,0,0"
13.216666666666667,83,AV,1,0,0,33,1267.69032506861,0.3,-0.43216666666666664,"0.08297916666666667,0.11808712121212123,0.1390580065359477,0.3,0.33,0.0609662658868978","0,0,0"
23.516666666666666,127,AV,2,0,0,49,1921.5023446668008,0.6,-0.8351666666666666,"0.16189506172839502,0.23759912854030504,0.22268194444444445,0.6,0.49,0.09240965283924012","0,0,0"
32.55,139,AV,2,0,0,69,2113.1349678504243,0.3,-0.6255,"0.2656049382716049,0.38759627329192553,0.3249561781609195,0.3,0.69,0.10162572495605159","0,0,0"
31.9,182,AV,2,0,0,62,2853.537244729806,0.6,-0.919,"0.23751960784313725,0.35749552572706933,0.3000337552742616,0.6,0.62,0.13723344490378397","0,0,0"
30.433333333333334,225,AV,2,0,0,62,4113.319853961603,0.2,-0.5043333333333333,"0.23751960784313725,0.35749552572706933,0.3000337552742616,0.2,0.62,0.19781940978440954","0,0,0"
35.46666666666667,263,AV,2,0,0,77,5911.733280178027,0.1,-0.45466666666666666,"0.28676282051282054,0.4279599567099567,0.3467618055555555,0.1,0.77,0.28430942153971994","0,0,0"
16.466666666666665,31,AV,1,0,0,42,802.5586880039084,0.2,-0.3646666666666667,"0.12750000000000003,0.17866122004357302,0.18543919885550786,0.2,0.42,0.038596970723144074","0,0,0"
28.633333333333333,259,AV,2,0,0,54,5807.233742044462,0.5,-0.7863333333333333,"0.19220000000000004,0.2805631163708086,0.2495959595959596,0.5,0.54,0.27928378830664774","0,0,0"
10.066666666666666,70,AV,0,0,0,37,1111.987968807459,0.1,-0.41649633994756174,"0.10273809523809524,0.14623118279569894,0.15890857946554152,0.1,0.37,0.05347816641708441","0,0,0"
24.316666666666666,29,AV,2,0,0,52,763.1985099142711,0.7,-0.9431666666666666,"0.1811896551724138,0.26574598393574295,0.24297777777777782,0.7,0.52,0.03670404542797105","0,0,0"
16.433333333333334,177,AV,1,0,0,40,2797.307504072895,0.1,-0.2643333333333333,"0.11324786324786328,0.16429577464788733,0.17296234309623432,0.1,0.4,0.13452922191505445","0,0,0"
10.783333333333333,9,AV,1,0,0,28,546.8646928603165,0.5,-0.6078333333333333,"0.05885470085470085,0.090825311942959,0.12286340206185566,0.5,0.28,0.026300033698903796","0,0,0"
29.116666666666667,168,AV,2,0,0,59,2574.4307659940623,0.7,-0.9911666666666666,"0.2165,0.32431481481481483,0.2768413978494624,0.7,0.59,0.12381054543309646","0,0,0"
27.6,188,AV,2,0,0,57,2946.490055333797,0.2,-0.47600000000000003,"0.20892857142857144,0.31494481981981987,0.2700737704918033,0.2,0.57,0.14170376833700152","0,0,0"
10.95,212,AV,1,0,0,29,3539.477986656502,0.3,-0.4095,"0.07122988505747126,0.09703264604810996,0.12792047377326565,0.3,0.29,0.17022197911279557","0,0,0"
14.333333333333334,292,AV,1,0,0,37,11861.36896338871,0.1,-0.24333333333333335,"0.10273809523809524,0.14623118279569894,0.15890857946554152,0.1,0.37,0.57044166047841","0,0,0"
30.283333333333335,213,AV,2,0,0,63,3608.770587345788,0.3,-0.6028333333333333,"0.2421571428571429,0.3587331288343559,0.3036959459459459,0.3,0.63,0.17355442634701188","0,0,0"
35.75,269,AV,2,0,0,83,6563.608435155774,0.1,-0.4575,"0.29026344086021505,0.4345381263616559,0.35233050847457625,0.1,0.83,0.31565966003056356","0,0,0"
9.95,202,AV,1,0,0,22,3361.758609282253,0.3,-0.39949999999999997,"0.052218390804597704,0.0821246913580247,0.11618654434250765,0.3,0.22,0.16167502833152653","0,0,0"
34.333333333333336,78,AV,2,0,0,64,1251.6500609663929,0.2,-0.5433333333333334,"0.24600000000000002,0.36143333333333333,0.3084773082942098,0.2,0.64,0.0601948511440276","0,0,0"
22.1,59,AV,2,0,0,47,985.0802174553831,0.3,-0.521,"0.15005208333333336,0.2209534632034632,0.2113717948717948,0.3,0.47,0.047374868506673815","0,0,0"
31.166666666666668,119,AV,2,0,0,63,1804.2001824470888,0.4,-0.7116666666666667,"0.2421571428571429,0.3587331288343559,0.3036959459459459,0.4,0.63,0.08676831073101827","0,0,0"
24.2,211,AV,2,0,0,49,3523.1638559153366,0.1,-0.34199999999999997,"0.16189506172839502,0.23759912854030504,0.22268194444444445,0.1,0.49,0.16943739346690792","0,0,0"
17.233333333333334,272,AV,1,0,0,42,7081.334819999852,0.1,-0.2723333333333333,"0.12750000000000003,0.17866122004357302,0.18543919885550786,0.1,0.42,0.34055836266392014","0,0,0"
20.65,58,AV,2,0,0,44,978.4447105201264,0.4,-0.6065,"0.1385320512820513,0.19890184049079757,0.19625324675324674,0.4,0.44,0.04705575107546101","0,0,0"
19.183333333333334,118,AV,2,0,0,43,1794.439334206041,0.3,-0.49183333333333334,"0.13180952380952382,0.18976143790849676,0.19244468390804592,0.3,0.43,0.08629888814619799","0,0,0"
34.483333333333334,67,AV,2,0,0,74,1097.8259349569896,0.1,-0.4448333333333333,"0.2783409090909091,0.4165654008438819,0.3403652777777777,0.1,0.74,0.05279708026839882","0,0,0"
33.8,221,AV,2,0,0,82,3941.04555698938,0.1,-0.43799999999999994,"0.2902142857142857,0.43531688596491236,0.35277291666666666,0.1,0.82,0.18953432596938674","0,0,0"
10.466666666666667,227,AV,2,0,0,16,4159.866430607663,0.8,-0.9046666666666667,"0.049658730158730166,0.07634722222222223,0.1120185185185185,0.8,0.16,0.20005794620912742","0,0,0"
28.283333333333335,277,AV,2,0,0,57,7958.958807233507,0.1,-0.38283333333333336,"0.20892857142857144,0.31494481981981987,0.2700737704918033,0.1,0.57,0.38276540352897576","0,0,0"
30.95,289,AV,2,0,0,60,10838.007207066395,0.7,-1.0095,"0.22378472222222226,0.33390182648401834,0.28496999999999995,0.7,0.6,0.5212257410218565","0,0,0"
14.166666666666666,123,AV,2,0,0,31,1869.7531794209297,0.9,-1.0416666666666667,"0.07658333333333334,0.10738380952380952,0.13294202898550725,0.9,0.31,0.0899209114602018","0,0,0"
33.1,228,AV,2,0,0,67,4164.701887555128,0.2,-0.531,"0.2579342105263158,0.3789820675105486,0.3198348214285715,0.2,0.67,0.2002904949224166","0,0,0"
24.466666666666665,43,AV,1,0,0,58,873.8892656114449,0.5,-0.7446666666666666,"0.21344117647058825,0.3221794055201699,0.2759539295392953,0.5,0.58,0.04202742915158692","0,0,0"
9.566666666666666,154,AV,1,0,0,26,2344.9936519099742,0.4,-0.4956666666666667,"0.05799583333333334,0.08675222816399286,0.12256686046511628,0.4,0.26,0.11277636474640867","0,0,0"
27.516666666666666,261,AV,1,0,0,61,5882.279762541917,0.1,-0.37516666666666665,"0.22817307692307692,0.3462676056338028,0.2903478835978836,0.1,0.61,0.2828929312881198","0,0,0"
31.833333333333332,249,AV,2,0,0,64,4951.479839002994,0.1,-0.41833333333333333,"0.24600000000000002,0.36143333333333333,0.3084773082942098,0.1,0.64,0.23812853220437127","0,0,0"
36.9,2,AV,2,0,0,76,437.8567856598078,0.9,-1.2690000000000001,"0.2837133333333333,0.4252554112554112,0.3438734439834025,0.9,0.76,0.021057582192617507","0,0,0"
29.766666666666666,210,AV,2,0,0,62,3520.054626539052,0.1,-0.3976666666666666,"0.23751960784313725,0.35749552572706933,0.3000337552742616,0.1,0.62,0.16928786317460437","0,0,0"
16.7,117,AV,1,0,0,42,1718.6657268339234,0.1,-0.267,"0.12750000000000003,0.17866122004357302,0.18543919885550786,0.1,0.42,0.08265475376818426","0,0,0"
31.7,164,AV,2,0,0,68,2497.1975937909187,0.4,-0.7170000000000001,"0.26404761904761903,0.38404498977505114,0.32381149927219793,0.4,0.68,0.12009621708435674","0,0,0"
21.416666666666668,145,AV,2,0,0,44,2222.040577514192,0.3,-0.5141666666666667,"0.1385320512820513,0.19890184049079757,0.19625324675324674,0.3,0.44,0.10686325672862912","0,0,0"
13.733333333333333,253,AV,1,0,0,35,5480.041794665195,0.3,-0.43733333333333335,"0.08952450980392156,0.12795528455284552,0.14557957957957957,0.3,0.35,0.26354834340696637","0,0,0"
10.15,84,AV,1,0,0,24,1275.6237969650936,0.2,-0.3015,"0.055912037037037045,0.08489662447257385,0.1218368544600939,0.2,0.24,0.06134780556380672","0,0,0"
21.983333333333334,296,AV,2,0,0,46,14754.343640924068,0.2,-0.4198333333333334,"0.14798076923076922,0.213690625,0.20599287749287748,0.2,0.46,0.7095717460418045","0,0,0"
22.583333333333332,55,AV,2,0,0,51,961.7772661313056,0.5,-0.7258333333333333,"0.17272619047619045,0.2550864583333333,0.23617744252873563,0.5,0.51,0.04625417372950396","0,0,0"
20.1,124,AV,2,0,0,43,1888.2149669861096,0.2,-0.401,"0.13180952380952382,0.18976143790849676,0.19244468390804592,0.2,0.43,0.09080878306984375","0,0,0"
26.716666666666665,218,AV,2,0,0,52,3778.090807703549,0.6,-0.8671666666666666,"0.1811896551724138,0.26574598393574295,0.24297777777777782,0.6,0.52,0.18169744153788722","0,0,0"
13.683333333333334,94,AV,1,0,0,35,1444.5182772575097,0.3,-0.4368333333333333,"0.08952450980392156,0.12795528455284552,0.14557957957957957,0.3,0.35,0.06947034589460839","0,0,0"
12.933333333333334,232,AV,1,0,0,34,4343.557359248321,0.1,-0.22933333333333333,"0.0857927927927928,0.12487202380952381,0.1449193798449612,0.1,0.34,0.2088920832022542","0,0,0"
14.933333333333334,111,AV,1,0,0,38,1614.9573615816892,0.1,-0.24933333333333335,"0.10659909909909908,0.15341079812206573,0.1661265560165975,0.1,0.38,0.07766716993510497","0,0,0"
11.9,285,AV,1,0,0,30,9280.176126726552,0.2,-0.319,"0.07228125000000002,0.10034210526315789,0.1296893939393939,0.2,0.3,0.4463059108608652","0,0,0"
22.583333333333332,284,AV,2,0,0,47,8987.033628468456,0.3,-0.5258333333333334,"0.15005208333333336,0.2209534632034632,0.2113717948717948,0.3,0.47,0.432207985572538","0,0,0"
21.783333333333335,247,AV,2,0,0,47,4925.450001742355,0.3,-0.5178333333333334,"0.15005208333333336,0.2209534632034632,0.2113717948717948,0.3,0.47,0.23687669494724078","0,0,0"
32.25,77,AV,2,0,0,64,1249.5878531833848,0.3,-0.6225,"0.24600000000000002,0.36143333333333333,0.3084773082942098,0.3,0.64,0.06009567462944302","0,0,0"
34.35,280,AV,2,0,0,75,8331.964781214912,0.9,-1.2435,"0.2798012820512821,0.4176025641025641,0.34126540616246487,0.9,0.75,0.4007041547661289","0,0,0"
34.233333333333334,60,AV,2,0,0,77,985.8695826897422,0.8,-1.1423333333333334,"0.28676282051282054,0.4279599567099567,0.3467618055555555,0.8,0.77,0.04741283097259167","0,0,0"
33.93333333333333,14,AV,2,0,0,73,586.3474640105957,0.2,-0.5393333333333333,"0.2780797101449276,0.4068213572854291,0.33649492753623184,0.2,0.73,0.028198854788170358","0,0,0"
28.283333333333335,114,AV,2,0,0,60,1691.6338586686718,0.2,-0.48283333333333334,"0.22378472222222226,0.33390182648401834,0.28496999999999995,0.2,0.6,0.08135472644337755","0,0,0"
32.0,24,AV,1,0,0,100,650.412147456106,0.9,-1.22,"0.298527027027027,0.44686313465783667,0.36054669540229883,0.9,1.0,0.0312798789528752","0,0,0"
34.233333333333334,271,AV,2,0,0,72,6783.106781750961,0.1,-0.44233333333333336,"0.2737361111111111,0.401144578313253,0.33394927536231883,0.1,0.72,0.32621586156939947","0,0,0"
18.033333333333335,48,AV,1,0,0,45,931.9887487728153,0.2,-0.38033333333333336,"0.14044086021505378,0.2019260416666666,0.19696943231441047,0.2,0.45,0.04482157253839216","0,0,0"
29.7,87,AV,2,0,0,55,1297.4303329633815,0.7,-0.9969999999999999,"0.2034938271604938,0.2930245726495727,0.26006751054852323,0.7,0.55,0.06239653414164128","0,0,0"
13.316666666666666,276,AV,1,0,0,31,7912.643587116454,0.4,-0.5331666666666667,"0.07658333333333334,0.10738380952380952,0.13294202898550725,0.4,0.31,0.38053799359420826","0,0,0"
14.016666666666667,230,AV,1,0,0,35,4227.85786318916,0.1,-0.24016666666666667,"0.08952450980392156,0.12795528455284552,0.14557957957957957,0.1,0.35,0.20332781715065273","0,0,0"
14.383333333333333,107,AV,1,0,0,37,1572.8756307612184,0.1,-0.24383333333333335,"0.10273809523809524,0.14623118279569894,0.15890857946554152,0.1,0.37,0.07564335864661634","0,0,0"
22.1,125,AV,2,0,0,46,1899.102970895097,0.5,-0.721,"0.14798076923076922,0.213690625,0.20599287749287748,0.5,0.46,0.09133241327208338","0,0,0"
31.35,209,AV,2,0,0,61,3487.44186130441,0.1,-0.4135,"0.22817307692307692,0.3462676056338028,0.2903478835978836,0.1,0.61,0.16771943713451876","0,0,0"
10.016666666666667,137,AV,0,0,0,35,2088.64210540395,0.1,-0.3150738589419958,"0.08952450980392156,0.12795528455284552,0.14557957957957957,0.1,0.35,0.10044780450125744","0,0,0"
13.683333333333334,11,AV,2,0,0,29,567.550811201735,0.5,-0.6368333333333334,"0.07122988505747126,0.09703264604810996,0.12792047377326565,0.5,0.29,0.027294878706419726","0,0,0"
25.833333333333332,184,AV,2,0,0,50,2857.8751728516777,0.1,-0.3583333333333333,"0.1674733333333333,0.24658966244725739,0.22848101265822784,0.1,0.5,0.13744206626346972","0,0,0"
22.766666666666666,34,AV,1,0,0,52,813.126641713825,0.1,-0.32766666666666666,"0.1811896551724138,0.26574598393574295,0.24297777777777782,0.1,0.52,0.03910520894427614","0,0,0"
12.333333333333334,69,AV,1,0,0,31,1104.4445206976068,0.3,-0.42333333333333334,"0.07658333333333334,0.10738380952380952,0.13294202898550725,0.3,0.31,0.05311538391880796","0,0,0"
18.766666666666666,223,AV,2,0,0,36,3971.0791127863904,0.9,-1.0876666666666668,"0.09437037037037035,0.13695020325203255,0.15407132459970888,0.9,0.36,0.19097871164626756","0,0,0"
19.266666666666666,155,AV,2,0,0,41,2382.718205806423,0.7,-0.8926666666666666,"0.12329674796747969,0.17157241379310345,0.17921438746438745,0.7,0.41,0.11459062895418437","0,0,0"
15.416666666666666,192,AV,2,0,0,33,3031.4508351358254,0.6,-0.7541666666666667,"0.08297916666666667,0.11808712121212123,0.1390580065359477,0.6,0.33,0.14578973585520302","0,0,0"
26.733333333333334,175,AV,2,0,0,55,2756.9260540590044,0.4,-0.6673333333333333,"0.2034938271604938,0.2930245726495727,0.26006751054852323,0.4,0.55,0.1325871812054576","0,0,0"
23.5,144,AV,1,0,0,56,2218.7455195521825,0.3,-0.5349999999999999,"0.2070555555555556,0.3062421171171172,0.26774724517906334,0.3,0.56,0.1067047894942801","0,0,0"
19.066666666666666,176,AV,2,0,0,42,2793.3389947689566,0.2,-0.39066666666666666,"0.12750000000000003,0.17866122004357302,0.18543919885550786,0.2,0.42,0.1343383667916745","0,0,0"
33.5,38,AV,2,0,0,72,837.3801312568858,0.2,-0.535,"0.2737361111111111,0.401144578313253,0.33394927536231883,0.2,0.72,0.04027161738246258","0,0,0"
12.1,10,AV,1,0,0,31,548.7192496267361,0.2,-0.321,"0.07658333333333334,0.10738380952380952,0.13294202898550725,0.2,0.31,0.02638922377844295","0,0,0"
20.516666666666666,128,AV,2,0,0,45,1922.439846447592,0.4,-0.6051666666666666,"0.14044086021505378,0.2019260416666666,0.19696943231441047,0.4,0.45,0.09245473954670083","0,0,0"
8.8,75,AV,1,0,0,21,1167.011530479414,0.1,-0.188,"0.05102469135802469,0.08007977207977207,0.11267241379310343,0.1,0.21,0.0561243813676915","0,0,0"
26.883333333333333,122,AV,2,0,0,54,1848.7234685638712,0.2,-0.4688333333333333,"0.19220000000000004,0.2805631163708086,0.2495959595959596,0.2,0.54,0.08890954226515282","0,0,0"
23.7,21,AV,0,0,0,61,636.6552097563458,0.9,-1.5139701344183618,"0.22817307692307692,0.3462676056338028,0.2903478835978836,0.9,0.61,0.030618274848933116","0,0,0"
23.733333333333334,5,AV,2,0,0,52,473.5024380788758,0.9,-1.1373333333333333,"0.1811896551724138,0.26574598393574295,0.24297777777777782,0.9,0.52,0.022771867046038015","0,0,0"
17.433333333333334,15,AV,1,0,0,42,595.9176043698985,0.3,-0.47433333333333333,"0.12750000000000003,0.17866122004357302,0.18543919885550786,0.3,0.42,0.028659105773905864","0,0,0"
22.783333333333335,61,AV,1,0,0,53,1020.5842314575186,0.1,-0.32783333333333337,"0.18319871794871795,0.2729583333333333,0.24494347826086954,0.1,0.53,0.04908234162917255","0,0,0"
16.216666666666665,204,AV,2,0,0,35,3387.2787239910285,0.7,-0.8621666666666666,"0.08952450980392156,0.12795528455284552,0.14557957957957957,0.7,0.35,0.16290235180953377","0,0,0"
8.116666666666667,132,AV,1,0,0,14,1993.780724220221,0.1,-0.18116666666666667,"0.051444444444444445,0.07610810810810811,0.11442028985507248,0.1,0.14,0.09588569333476842","0,0,0"
23.233333333333334,105,AV,2,0,0,47,1552.9853059451273,0.3,-0.5323333333333333,"0.15005208333333336,0.2209534632034632,0.2113717948717948,0.3,0.47,0.074686785256937","0,0,0"
19.283333333333335,129,AV,2,0,0,43,1929.5758599688188,0.1,-0.2928333333333334,"0.13180952380952382,0.18976143790849676,0.19244468390804592,0.1,0.43,0.09279792753915007","0,0,0"
20.766666666666666,235,AV,2,0,0,43,4549.070920567666,0.2,-0.4076666666666667,"0.13180952380952382,0.18976143790849676,0.19244468390804592,0.2,0.43,0.21877572290115335","0,0,0"
18.116666666666667,109,AV,1,0,0,45,1597.8734280578535,0.4,-0.5811666666666667,"0.14044086021505378,0.2019260416666666,0.19696943231441047,0.4,0.45,0.07684556262848466","0,0,0"
16.166666666666668,190,AV,1,0,0,40,2968.817229463249,0.1,-0.2616666666666667,"0.11324786324786328,0.16429577464788733,0.17296234309623432,0.1,0.4,0.14277753565032827","0,0,0"
29.45,62,AV,2,0,0,60,1020.7360413649084,0.6,-0.8945,"0.22378472222222226,0.33390182648401834,0.28496999999999995,0.6,0.6,0.04908964253144747","0,0,0"
22.733333333333334,293,AV,2,0,0,46,12051.378145129962,0.2,-0.42733333333333334,"0.14798076923076922,0.213690625,0.20599287749287748,0.2,0.46,0.5795796574055083","0,0,0"
16.6,236,AV,2,0,0,36,4549.115907877681,0.5,-0.666,"0.09437037037037035,0.13695020325203255,0.15407132459970888,0.5,0.36,0.21877788644870882","0,0,0"
17.95,288,AV,2,0,0,38,10783.100237376317,0.7,-0.8795,"0.10659909909909908,0.15341079812206573,0.1661265560165975,0.7,0.38,0.518585133259083","0,0,0"
19.0,47,AV,1,0,0,48,923.9636394510808,0.2,-0.39,"0.1584358974358974,0.23040728476821193,0.21775651577503433,0.2,0.48,0.04443562579808411","0,0,0"
11.133333333333333,74,AV,1,0,0,30,1150.2916000513435,0.1,-0.21133333333333332,"0.07228125000000002,0.10034210526315789,0.1296893939393939,0.1,0.3,0.05532027984231857","0,0,0"
22.483333333333334,240,AV,2,0,0,45,4609.601315671212,0.4,-0.6248333333333334,"0.14044086021505378,0.2019260416666666,0.19696943231441047,0.4,0.45,0.2216867746691962","0,0,0"
25.2,233,AV,2,0,0,49,4459.768546990965,0.4,-0.652,"0.16189506172839502,0.23759912854030504,0.22268194444444445,0.4,0.49,0.21448095773323778","0,0,0"
30.616666666666667,25,AV,2,0,0,61,658.4091024775607,0.4,-0.7061666666666667,"0.22817307692307692,0.3462676056338028,0.2903478835978836,0.4,0.61,0.03166447168540803","0,0,0"
28.5,274,AV,2,0,0,57,7130.271245067938,0.1,-0.385,"0.20892857142857144,0.31494481981981987,0.2700737704918033,0.1,0.57,0.34291183262677855","0,0,0"
14.75,283,AV,1,0,0,37,8795.495569618428,0.3,-0.4475,"0.10273809523809524,0.14623118279569894,0.15890857946554152,0.3,0.37,0.42299646128116253","0,0,0"
33.56666666666667,108,AV,2,0,0,70,1596.1763216794554,0.3,-0.6356666666666667,"0.26545238095238094,0.38899382716049385,0.3253847826086956,0.3,0.7,0.07676394471545202","0,0,0"
34.31666666666667,18,AV,2,0,0,70,617.4453946714843,0.1,-0.4431666666666667,"0.26545238095238094,0.38899382716049385,0.3253847826086956,0.1,0.7,0.02969442880314238","0,0,0"
24.066666666666666,286,AV,2,0,0,51,9667.56212442905,0.3,-0.5406666666666666,"0.17272619047619045,0.2550864583333333,0.23617744252873563,0.3,0.51,0.4649362319020181","0,0,0"
24.716666666666665,200,AV,2,0,0,50,3269.866339895674,0.6,-0.8471666666666666,"0.1674733333333333,0.24658966244725739,0.22848101265822784,0.6,0.5,0.15725570886715387","0,0,0"
8.916666666666666,194,AV,1,0,0,19,3097.4575811220984,0.1,-0.18916666666666665,"0.051108974358974366,0.0788213058419244,0.11115151515151515,0.1,0.19,0.14896415846185204","0,0,0"
23.566666666666666,130,AV,1,0,0,56,1942.5668635563816,0.4,-0.6356666666666667,"0.2070555555555556,0.3062421171171172,0.26774724517906334,0.4,0.56,0.09342269603599423","0,0,0"
22.35,104,AV,2,0,0,45,1530.0661682302475,0.1,-0.3235,"0.14044086021505378,0.2019260416666666,0.19696943231441047,0.1,0.45,0.07358454899608351","0,0,0"
22.05,76,AV,0,0,0,55,1240.6560786390864,0.1,-0.513946035635648,"0.2034938271604938,0.2930245726495727,0.26006751054852323,0.1,0.55,0.05966612418566248","0,0,0"
20.133333333333333,46,AV,1,0,0,49,892.1845339920479,0.2,-0.4013333333333333,"0.16189506172839502,0.23759912854030504,0.22268194444444445,0.2,0.49,0.042907292454561666","0,0,0"
37.38333333333333,180,AV,2,0,0,80,2835.850686157305,0.2,-0.5738333333333334,"0.2889885057471265,0.43075,0.3499184247538678,0.2,0.8,0.13638285591431848","0,0,0"
16.2,220,AV,1,0,0,39,3849.958431883558,0.1,-0.262,"0.11169512195121951,0.16021445221445224,0.1690649717514124,0.1,0.39,0.18515372782308936","0,0,0"
23.216666666666665,20,AV,1,0,0,50,632.5893922142865,0.2,-0.4321666666666667,"0.1674733333333333,0.24658966244725739,0.22848101265822784,0.2,0.5,0.030422739939172414","0,0,0"
32.6,181,AV,2,0,0,64,2850.5966631146844,0.1,-0.42600000000000005,"0.24600000000000002,0.36143333333333333,0.3084773082942098,0.1,0.64,0.13709202528649697","0,0,0"
24.916666666666668,16,AV,1,0,0,58,614.9217871931492,0.1,-0.3491666666666667,"0.21344117647058825,0.3221794055201699,0.2759539295392953,0.1,0.58,0.029573062471416202","0,0,0"
31.383333333333333,142,AV,2,0,0,63,2141.869626207308,0.1,-0.4138333333333334,"0.2421571428571429,0.3587331288343559,0.3036959459459459,0.1,0.63,0.10300764354209123","0,0,0"
24.283333333333335,295,AV,1,0,0,57,13430.196447392702,0.4,-0.6428333333333334,"0.20892857142857144,0.31494481981981987,0.2700737704918033,0.4,0.57,0.6458903340456582","0,0,0"
29.733333333333334,265,AV,2,0,0,59,6081.635477498837,0.8,-1.0973333333333333,"0.2165,0.32431481481481483,0.2768413978494624,0.8,0.59,0.29248042539751784","0,0,0"
30.55,197,AV,2,0,0,61,3206.59631480788,0.2,-0.5055000000000001,"0.22817307692307692,0.3462676056338028,0.2903478835978836,0.2,0.61,0.15421290172735466","0,0,0"
35.11666666666667,88,AV,2,0,0,83,1310.9401185904849,0.3,-0.6511666666666667,"0.29026344086021505,0.4345381263616559,0.35233050847457625,0.3,0.83,0.06304625211008313","0,0,0"
14.966666666666667,163,AV,2,0,0,36,2476.7926805910606,0.7,-0.8496666666666666,"0.09437037037037035,0.13695020325203255,0.15407132459970888,0.7,0.36,0.1191148959060364","0,0,0"
35.483333333333334,222,AV,2,0,0,85,3958.913906791885,0.5,-0.8548333333333333,"0.2925238095238095,0.43898648648648647,0.3534198312236287,0.5,0.85,0.1903936577347851","0,0,0"
19.616666666666667,126,AV,1,0,0,48,1900.764377468582,0.1,-0.2961666666666667,"0.1584358974358974,0.23040728476821193,0.21775651577503433,0.1,0.48,0.09141231429593938","0,0,0"
35.9,281,AV,2,0,0,70,8348.421721831439,0.2,-0.5589999999999999,"0.26545238095238094,0.38899382716049385,0.3253847826086956,0.2,0.7,0.4014956084811817","0,0,0"
36.36666666666667,146,AV,2,0,0,75,2255.9253983027734,0.6,-0.9636666666666667,"0.2798012820512821,0.4176025641025641,0.34126540616246487,0.6,0.75,0.1084928589689197","0,0,0"
25.25,224,AV,2,0,0,51,3987.5502105766736,0.9,-1.1525,"0.17272619047619045,0.2550864583333333,0.23617744252873563,0.9,0.51,0.1917708462137355","0,0,0"
17.083333333333332,266,AV,2,0,0,38,6130.868263041086,0.6,-0.7708333333333333,"0.10659909909909908,0.15341079812206573,0.1661265560165975,0.6,0.38,0.29484814804583803","0,0,0"
14.016666666666667,205,AV,2,0,0,32,3389.778327720714,0.6,-0.7401666666666666,"0.082075,0.11572761904761904,0.13712926829268293,0.6,0.32,0.16302256374345986","0,0,0"
20.283333333333335,161,AV,0,0,0,54,2446.4664131825853,0.1,-0.400934005677241,"0.19220000000000004,0.2805631163708086,0.2495959595959596,0.1,0.54,0.11765643302624577","0,0,0"
15.383333333333333,152,AV,1,0,0,37,2326.172138461347,0.2,-0.35383333333333333,"0.10273809523809524,0.14623118279569894,0.15890857946554152,0.2,0.37,0.11187119305691051","0,0,0"
28.0,208,AV,2,0,0,55,3480.90175047103,0.2,-0.48000000000000004,"0.2034938271604938,0.2930245726495727,0.26006751054852323,0.2,0.55,0.1674049075304721","0,0,0"
34.266666666666666,72,AV,2,0,0,73,1122.7546975855585,0.7,-1.0426666666666666,"0.2780797101449276,0.4068213572854291,0.33649492753623184,0.7,0.73,0.05399596420763093","0,0,0"
28.116666666666667,110,AV,2,0,0,56,1614.9493849180149,0.1,-0.38116666666666665,"0.2070555555555556,0.3062421171171172,0.26774724517906334,0.1,0.56,0.07766678631823196","0,0,0"
35.93333333333333,294,AV,2,0,0,78,12197.400506638176,0.1,-0.45933333333333326,"0.28863095238095243,0.4294123376623377,0.3495280112044818,0.1,0.78,0.5866022227285186","0,0,0"
9.966666666666667,198,AV,1,0,0,25,3245.380745418587,0.4,-0.4996666666666667,"0.05624774774774775,0.08584737827715355,0.12210020449897752,0.4,0.25,0.156078137946426","0,0,0"
17.683333333333334,165,AV,1,0,0,42,2530.9644311939346,0.1,-0.2768333333333334,"0.12750000000000003,0.17866122004357302,0.18543919885550786,0.1,0.42,0.12172014522087579","0,0,0"
13.583333333333334,13,AV,1,0,0,33,583.3206434887895,0.2,-0.3358333333333333,"0.08297916666666667,0.11808712121212123,0.1390580065359477,0.2,0.33,0.028053287735180215","0,0,0"
33.63333333333333,37,AV,2,0,0,73,832.4581618945489,0.3,-0.6363333333333333,"0.2780797101449276,0.4068213572854291,0.33649492753623184,0.3,0.73,0.040034908079806066","0,0,0"
20.8,173,AV,2,0,0,46,2747.619709803412,0.7,-0.9079999999999999,"0.14798076923076922,0.213690625,0.20599287749287748,0.7,0.46,0.13213961680656489","0,0,0"
8.266666666666667,65,AV,0,0,0,30,1083.524948441525,0.1,-0.40416595041200276,"0.07228125000000002,0.10034210526315789,0.1296893939393939,0.1,0.3,0.05210931155303881","0,0,0"
12.666666666666666,158,AV,1,0,0,28,2417.357356239525,0.1,-0.22666666666666666,"0.05885470085470085,0.090825311942959,0.12286340206185566,0.1,0.28,0.11625650871491097","0,0,0"
24.416666666666668,238,AV,2,0,0,51,4569.840806868062,0.4,-0.6441666666666667,"0.17272619047619045,0.2550864583333333,0.23617744252873563,0.4,0.51,0.21977459651057532","0,0,0"
15.366666666666667,135,AV,1,0,0,38,2052.607856914241,0.1,-0.2536666666666667,"0.10659909909909908,0.15341079812206573,0.1661265560165975,0.1,0.38,0.09871483113148809","0,0,0"
35.2,156,AV,2,0,0,84,2401.1770329784995,0.3,-0.652,"0.2927156862745098,0.4386441441441441,0.352516106442577,0.3,0.84,0.11547835819142706","0,0,0"
29.966666666666665,219,AV,1,0,0,70,3824.993837156676,0.7,-0.9996666666666666,"0.26545238095238094,0.38899382716049385,0.3253847826086956,0.7,0.7,0.18395312063237393","0,0,0"
31.983333333333334,96,AV,2,0,0,63,1460.8215047913693,0.4,-0.7198333333333333,"0.2421571428571429,0.3587331288343559,0.3036959459459459,0.4,0.63,0.07025440717912602","0,0,0"
32.11666666666667,234,AV,2,0,0,66,4547.885280126284,0.2,-0.5211666666666667,"0.25308527131782943,0.3736262939958592,0.31570447530864204,0.2,0.66,0.2187187026108142","0,0,0"
26.883333333333333,17,AV,2,0,0,53,615.3970356119416,0.3,-0.5688333333333333,"0.18319871794871795,0.2729583333333333,0.24494347826086954,0.3,0.53,0.029595918306859183","0,0,0"
29.75,248,AV,2,0,0,60,4950.268578812107,0.3,-0.5974999999999999,"0.22378472222222226,0.33390182648401834,0.28496999999999995,0.3,0.6,0.238070279798878","0,0,0"
16.216666666666665,136,AV,2,0,0,38,2078.9202215407213,0.6,-0.7621666666666667,"0.10659909909909908,0.15341079812206573,0.1661265560165975,0.6,0.38,0.09998025580674873","0,0,0"
30.933333333333334,134,AV,2,0,0,59,2046.5713793034688,0.4,-0.7093333333333334,"0.2165,0.32431481481481483,0.2768413978494624,0.4,0.59,0.09842452245612708","0,0,0"
24.616666666666667,201,AV,2,0,0,53,3274.575105225111,0.1,-0.3461666666666667,"0.18319871794871795,0.2729583333333333,0.24494347826086954,0.1,0.53,0.15748216467690215","0,0,0"
32.6,268,AV,1,0,0,76,6434.117121135291,0.4,-0.726,"0.2837133333333333,0.4252554112554112,0.3438734439834025,0.4,0.76,0.3094321123996473","0,0,0"
34.96666666666667,1,AV,2,0,0,75,424.9057127261393,0.3,-0.6496666666666666,"0.2798012820512821,0.4176025641025641,0.34126540616246487,0.3,0.75,0.020434734056617176","0,0,0"
13.316666666666666,151,AV,1,0,0,34,2318.2944376966047,0.1,-0.23316666666666666,"0.0857927927927928,0.12487202380952381,0.1449193798449612,0.1,0.34,0.11149233554738845","0,0,0"
28.8,131,AV,2,0,0,60,1945.516475481125,0.7,-0.988,"0.22378472222222226,0.33390182648401834,0.28496999999999995,0.7,0.6,0.09356454994251304","0,0,0"
35.733333333333334,279,AV,2,0,0,87,8134.997760071039,0.1,-0.45733333333333337,"0.295280701754386,0.444271111111111,0.35785488505747126,0.1,0.87,0.39123153866695837","0,0,0"
37.28333333333333,54,AV,2,0,0,91,954.0002559944874,0.2,-0.5728333333333333,"0.2972927927927928,0.4467130242825606,0.3600639367816092,0.2,0.91,0.045880158673594545","0,0,0"
35.61666666666667,45,AV,2,0,0,73,877.6907461205365,0.1,-0.4561666666666667,"0.2780797101449276,0.4068213572854291,0.33649492753623184,0.1,0.73,0.04221025145992046","0,0,0"
24.333333333333332,243,AV,2,0,0,51,4645.51881630073,0.1,-0.3433333333333333,"0.17272619047619045,0.2550864583333333,0.23617744252873563,0.1,0.51,0.22341413335457028","0,0,0"
27.583333333333332,53,AV,2,0,0,55,946.2003450753726,0.6,-0.8758333333333332,"0.2034938271604938,0.2930245726495727,0.26006751054852323,0.6,0.55,0.04550504226418034","0,0,0"
14.716666666666667,64,AV,2,0,0,33,1052.4070316009115,0.7,-0.8471666666666666,"0.08297916666666667,0.11808712121212123,0.1390580065359477,0.7,0.33,0.05061277635478482","0,0,0"
17.483333333333334,196,AV,1,0,0,43,3197.7177395395383,0.1,-0.2748333333333334,"0.13180952380952382,0.18976143790849676,0.19244468390804592,0.1,0.43,0.15378590976425258","0,0,0"
