travel_time,id,kind,action,origin,destination,start_time,income,urgency,reward,observation,cost_table
15.433333333333334,122,AV,0,0,0,33,1832.3133019091129,0.1,-15.433333333333334,"0.13114285714285714,0.11571111111111114,0.1429322033898305,0.1,0.33,0.0962325552547376","0,0,0"
29.2,247,AV,1,0,0,61,5304.212874057136,0.4,-29.2,"0.42106572769953055,0.29050980392156867,0.2914871794871795,0.4,0.61,0.2785756987922106","0,0,0"
34.5,58,AV,0,0,0,52,1020.7360413649084,0.1,-34.5,"0.32148507462686565,0.23240358744394615,0.24447,0.1,0.52,0.053608756427629224","0,0,0"
39.78333333333333,260,AV,0,0,0,56,5985.732437913218,0.1,-39.78333333333333,"0.368497512437811,0.2581310606060606,0.2678427672955974,0.1,0.56,0.31436890567316916","0,0,0"
23.65,160,AV,1,0,0,52,2756.9260540590044,0.3,-23.65,"0.32148507462686565,0.23240358744394615,0.24447,0.3,0.52,0.14479294482773922","0,0,0"
19.733333333333334,264,AV,1,0,0,45,6081.635477498837,0.2,-19.733333333333334,"0.2508924731182796,0.1860422031473534,0.20089259259259257,0.2,0.45,0.31940570508209365","0,0,0"
55.53333333333333,186,AV,0,0,0,78,3251.3322332141274,0.2,-55.53333333333333,"0.5050844155844156,0.3405661375661376,0.335545045045045,0.2,0.78,0.17075901182308162","0,0,0"
5.183333333333334,142,AV,0,0,0,8,2361.523720441912,0.3,-5.183333333333334,"0.05283333333333332,0.07616666666666666,0.11375,0.3,0.08,0.12402653065718573","0,0,0"
35.333333333333336,141,AV,2,0,0,77,2360.1328348572283,0.2,-35.333333333333336,"0.5004035087719299,0.337580310880829,0.33157042253521135,0.2,0.77,0.12395348175570059","0,0,0"
13.833333333333334,298,AV,1,0,0,35,17693.100214811147,0.2,-13.833333333333334,"0.15107692307692303,0.12654323899371064,0.14946031746031746,0.2,0.35,0.9292364151236616","0,0,0"
10.25,98,AV,1,0,0,28,1538.317647081207,0.1,-10.25,"0.10792488262910796,0.09336178861788617,0.12315625,0.1,0.28,0.08079199000402343","0,0,0"
22.983333333333334,147,AV,2,0,0,47,2456.6540037696086,0.4,-22.983333333333334,"0.26117213114754095,0.19912577160493825,0.21427248677248673,0.4,0.47,0.12902274513491346","0,0,0"
28.0,125,AV,1,0,0,58,2011.9739719035176,0.1,-28.0,"0.40607179487179473,0.2768609865470852,0.28309294871794877,0.1,0.58,0.10566828075775386","0,0,0"
27.416666666666668,99,AV,2,0,0,52,1541.4014724042315,0.4,-27.416666666666668,"0.32148507462686565,0.23240358744394615,0.24447,0.4,0.52,0.08095395160223084","0,0,0"
10.883333333333333,132,AV,1,0,0,29,2108.868816674547,0.2,-10.883333333333333,"0.11882485875706215,0.09839779874213836,0.12764975845410628,0.2,0.29,0.1107571694830674","0,0,0"
18.366666666666667,271,AV,1,0,0,43,7177.938863287724,0.1,-18.366666666666667,"0.21600512820512818,0.16956650641025642,0.18757213930348257,0.1,0.43,0.3769832361947931","0,0,0"
39.833333333333336,103,AV,0,0,0,56,1564.487892525026,0.1,-39.833333333333336,"0.368497512437811,0.2581310606060606,0.2678427672955974,0.1,0.56,0.08216644359123385","0,0,0"
34.483333333333334,20,AV,0,0,0,50,597.1498506777683,0.2,-34.483333333333334,"0.2999460784313725,0.22133494363929146,0.23447179487179487,0.2,0.5,0.03136213437998447","0,0,0"
8.666666666666666,32,AV,1,0,0,25,761.8437659652793,0.9,-8.666666666666666,"0.07716106442577031,0.08487891737891738,0.11830188679245285,0.9,0.25,0.04001181033142316","0,0,0"
18.566666666666666,4,AV,2,0,0,37,457.16351791608827,0.2,-18.566666666666666,"0.1706111111111111,0.13720112179487182,0.15693915343915343,0.2,0.37,0.02401009338985435","0,0,0"
20.55,151,AV,2,0,0,44,2574.4307659940623,0.5,-20.55,"0.22802011494252875,0.17653333333333332,0.19235380116959064,0.5,0.44,0.13520834601805928","0,0,0"
10.066666666666666,144,AV,0,0,0,23,2417.357356239525,0.6,-10.066666666666666,"0.07473333333333333,0.0822739726027397,0.1162982456140351,0.6,0.23,0.12695889677403294","0,0,0"
26.55,234,AV,1,0,0,55,4662.282088415262,0.8,-26.55,"0.35989999999999994,0.25405218068535823,0.26550595238095237,0.8,0.55,0.24486168288967095","0,0,0"
30.216666666666665,14,AV,1,0,0,60,567.550811201735,0.1,-30.216666666666665,"0.41884429824561403,0.286825,0.28922916666666665,0.1,0.6,0.0298076015395053","0,0,0"
31.266666666666666,22,AV,1,0,0,64,627.4062491148882,0.1,-31.266666666666666,"0.4496380208333333,0.30392703533026116,0.3041468926553672,0.1,0.64,0.03295119151959908","0,0,0"
15.7,57,AV,2,0,0,36,1005.9867386644172,0.1,-15.7,"0.15842786069651743,0.13171090047393366,0.15307258064516127,0.1,0.36,0.052834127391418545","0,0,0"
33.0,124,AV,1,0,0,68,1927.298426803608,0.5,-33.0,"0.4763070175438595,0.31665658914728684,0.3144877450980392,0.5,0.68,0.10122114605428258","0,0,0"
6.933333333333334,162,AV,0,0,0,8,2780.081336731352,0.4,-6.933333333333334,"0.05283333333333332,0.07616666666666666,0.11375,0.4,0.08,0.14600905345767937","0,0,0"
17.016666666666666,42,AV,1,0,0,41,863.3540159882258,0.5,-17.016666666666666,"0.20711025641025646,0.16102287581699343,0.1843098591549296,0.5,0.41,0.0453430987819722","0,0,0"
36.5,50,AV,1,0,0,86,914.1934345695068,0.2,-36.5,"0.5322089201877934,0.35280833333333333,0.3489541062801933,0.2,0.86,0.048013170080720285","0,0,0"
25.466666666666665,91,AV,1,0,0,54,1474.807688008607,0.1,-25.466666666666665,"0.35247826086956524,0.2484303599374022,0.26195689655172416,0.1,0.54,0.07745646564838392","0,0,0"
33.983333333333334,137,AV,2,0,0,76,2239.194506681481,0.1,-33.983333333333334,"0.4992407407407407,0.3333743718592965,0.3288599033816425,0.1,0.76,0.11760183635943447","0,0,0"
36.61666666666667,217,AV,1,0,0,87,4164.701887555128,0.3,-36.61666666666667,"0.5372857142857143,0.35461407766990294,0.3524947916666667,0.3,0.87,0.21872891720868953","0,0,0"
9.266666666666667,279,AV,1,0,0,25,8333.728817076937,0.2,-9.266666666666667,"0.07716106442577031,0.08487891737891738,0.11830188679245285,0.2,0.25,0.4376849843483456","0,0,0"
28.75,277,AV,1,0,0,59,7958.958807233507,0.6,-28.75,"0.4090525114155251,0.28083333333333327,0.28597798742138364,0.6,0.59,0.4180021737490339","0,0,0"
41.46666666666667,207,AV,0,0,0,58,3849.958431883558,0.3,-41.46666666666667,"0.40607179487179473,0.2768609865470852,0.28309294871794877,0.3,0.58,0.20219868356500897","0,0,0"
15.3,120,AV,1,0,0,38,1823.811293294481,0.3,-15.3,"0.18141421568627453,0.1426707317073171,0.1637139303482587,0.3,0.38,0.09578603226495669","0,0,0"
35.31666666666667,200,AV,1,0,0,79,3520.054626539052,0.6,-35.31666666666667,"0.5114583333333333,0.34304273504273497,0.3401884057971015,0.6,0.79,0.18487223281912113","0,0,0"
17.733333333333334,203,AV,1,0,0,42,3667.3634505223554,0.3,-17.733333333333334,"0.20768840579710143,0.16483830845771144,0.1853952380952381,0.3,0.42,0.19260884889275526","0,0,0"
13.7,291,AV,2,0,0,29,11861.36896338871,0.2,-13.7,"0.11882485875706215,0.09839779874213836,0.12764975845410628,0.2,0.29,0.622955606433049","0,0,0"
20.883333333333333,77,AV,1,0,0,47,1265.4739572733297,0.3,-20.883333333333333,"0.26117213114754095,0.19912577160493825,0.21427248677248673,0.3,0.47,0.0664623197298481","0,0,0"
33.983333333333334,44,AV,1,0,0,71,870.7377108213431,0.6,-33.983333333333334,"0.48821890547263685,0.3257434640522876,0.3212270531400966,0.6,0.71,0.045730888261135916","0,0,0"
56.81666666666667,71,AV,0,0,0,87,1167.011530479414,0.4,-56.81666666666667,"0.5372857142857143,0.35461407766990294,0.3524947916666667,0.4,0.87,0.061291102058127545","0,0,0"
20.75,267,AV,2,0,0,46,6254.49597505133,0.4,-20.75,"0.26128142076502725,0.19235491071428573,0.20980909090909092,0.4,0.46,0.3284842875301661","0,0,0"
6.85,129,AV,0,0,0,15,2044.1603053436156,0.3,-6.85,"0.055476190476190484,0.07635714285714286,0.11399999999999999,0.3,0.15,0.10735869751562734","0,0,0"
24.183333333333334,135,AV,2,0,0,53,2147.781038516846,0.6,-24.183333333333334,"0.3366517412935323,0.2401082554517134,0.2518022598870056,0.6,0.53,0.1128008279199854","0,0,0"
43.0,128,AV,0,0,0,59,2035.9911412414244,0.3,-43.0,"0.4090525114155251,0.28083333333333327,0.28597798742138364,0.3,0.59,0.10692965542166336","0,0,0"
20.5,228,AV,0,0,0,41,4549.070920567666,0.1,-20.5,"0.20711025641025646,0.16102287581699343,0.1843098591549296,0.1,0.41,0.2389158656792649","0,0,0"
12.116666666666667,78,AV,1,0,0,33,1282.6858023855964,0.1,-12.116666666666667,"0.13114285714285714,0.11571111111111114,0.1429322033898305,0.1,0.33,0.06736628076864885","0,0,0"
29.633333333333333,116,AV,1,0,0,61,1703.2333497257905,0.3,-29.633333333333333,"0.42106572769953055,0.29050980392156867,0.2914871794871795,0.3,0.61,0.08945331416217002","0,0,0"
15.816666666666666,249,AV,2,0,0,36,5386.149373461946,0.4,-15.816666666666666,"0.15842786069651743,0.13171090047393366,0.15307258064516127,0.4,0.36,0.28287897962204345","0,0,0"
34.05,45,AV,2,0,0,80,873.8892656114449,0.1,-34.05,"0.5185717592592592,0.34480527210884354,0.341712962962963,0.1,0.8,0.045896406991017324","0,0,0"
36.46666666666667,112,AV,1,0,0,85,1635.9686818612918,0.4,-36.46666666666667,"0.5272785714285715,0.34995709570957095,0.3446495098039216,0.4,0.85,0.08592059360601972","0,0,0"
12.35,47,AV,1,0,0,33,892.1845339920479,0.4,-12.35,"0.13114285714285714,0.11571111111111114,0.1429322033898305,0.4,0.33,0.046857269100953565","0,0,0"
17.816666666666666,208,AV,1,0,0,43,3863.855435177377,0.1,-17.816666666666666,"0.21600512820512818,0.16956650641025642,0.18757213930348257,0.1,0.43,0.2029285500872649","0,0,0"
24.683333333333334,262,AV,1,0,0,52,6020.57275324985,0.6,-24.683333333333334,"0.32148507462686565,0.23240358744394615,0.24447,0.6,0.52,0.3161987087790199","0,0,0"
11.483333333333333,190,AV,1,0,0,30,3323.1633986738134,0.5,-11.483333333333333,"0.11983918128654972,0.10251003086419753,0.12928358208955223,0.5,0.3,0.17453156348873247","0,0,0"
34.666666666666664,101,AV,1,0,0,76,1552.9853059451273,0.2,-34.666666666666664,"0.4992407407407407,0.3333743718592965,0.3288599033816425,0.2,0.76,0.08156233112997016","0,0,0"
17.05,89,AV,0,0,0,35,1447.5744631551047,0.5,-17.05,"0.15107692307692303,0.12654323899371064,0.14946031746031746,0.5,0.35,0.07602618469547658","0,0,0"
34.5,179,AV,2,0,0,80,3065.2253709468137,0.2,-34.5,"0.5185717592592592,0.34480527210884354,0.341712962962963,0.2,0.8,0.16098473419939963","0,0,0"
22.833333333333332,243,AV,1,0,0,50,5009.92015912814,0.3,-22.833333333333332,"0.2999460784313725,0.22133494363929146,0.23447179487179487,0.3,0.5,0.2631195320324301","0,0,0"
31.6,240,AV,1,0,0,65,4967.653125719208,0.4,-31.6,"0.4625277777777777,0.308503144654088,0.3109264705882353,0.4,0.65,0.26089967987955814","0,0,0"
24.85,268,AV,1,0,0,53,6563.608435155774,0.4,-24.85,"0.3366517412935323,0.2401082554517134,0.2518022598870056,0.4,0.53,0.34471878294420655","0,0,0"
33.03333333333333,297,AV,1,0,0,68,15387.119225735782,0.1,-33.03333333333333,"0.4763070175438595,0.31665658914728684,0.3144877450980392,0.1,0.68,0.8081269723682344","0,0,0"
13.716666666666667,59,AV,1,0,0,36,1022.032321197676,0.1,-13.716666666666667,"0.15842786069651743,0.13171090047393366,0.15307258064516127,0.1,0.36,0.053676836662871985","0,0,0"
36.233333333333334,145,AV,0,0,0,54,2421.0391237858234,0.2,-36.233333333333334,"0.35247826086956524,0.2484303599374022,0.26195689655172416,0.2,0.54,0.12715226212179587","0,0,0"
38.1,215,AV,1,0,0,87,4090.160813256426,0.7,-38.1,"0.5372857142857143,0.35461407766990294,0.3524947916666667,0.7,0.87,0.21481404192850495","0,0,0"
21.183333333333334,118,AV,1,0,0,46,1799.695682844959,0.4,-21.183333333333334,"0.26128142076502725,0.19235491071428573,0.20980909090909092,0.4,0.46,0.09451948750284238","0,0,0"
20.483333333333334,193,AV,0,0,0,42,3387.2787239910285,0.4,-20.483333333333334,"0.20768840579710143,0.16483830845771144,0.1853952380952381,0.4,0.42,0.17789888150134298","0,0,0"
18.483333333333334,28,AV,1,0,0,43,679.8949342204361,0.3,-18.483333333333334,"0.21600512820512818,0.16956650641025642,0.18757213930348257,0.3,0.43,0.03570788181072196","0,0,0"
31.833333333333332,159,AV,1,0,0,67,2744.8905386527767,0.5,-31.833333333333332,"0.4700649717514123,0.3112186046511628,0.3115732323232323,0.5,0.67,0.14416084310139018","0,0,0"
29.783333333333335,293,AV,1,0,0,61,13351.937436366714,0.1,-29.783333333333335,"0.42106572769953055,0.29050980392156867,0.2914871794871795,0.1,0.61,0.7012398238686656","0,0,0"
14.783333333333333,105,AV,1,0,0,37,1587.6148581174584,0.1,-14.783333333333333,"0.1706111111111111,0.13720112179487182,0.15693915343915343,0.1,0.37,0.08338106501647227","0,0,0"
35.71666666666667,24,AV,1,0,0,82,646.5589615252754,0.3,-35.71666666666667,"0.529648148148148,0.34802177554438857,0.34352657004830917,0.3,0.82,0.03395708633758153","0,0,0"
23.85,187,AV,0,0,0,44,3257.969850357721,0.3,-23.85,"0.22802011494252875,0.17653333333333332,0.19235380116959064,0.3,0.44,0.17110761752160772","0,0,0"
26.3,26,AV,2,0,0,52,670.158540600369,0.2,-26.3,"0.32148507462686565,0.23240358744394615,0.24447,0.2,0.52,0.03519652928381035","0,0,0"
11.5,154,AV,2,0,0,20,2645.062412614309,0.1,-11.5,"0.06405936073059361,0.07843055555555555,0.11535606060606061,0.1,0.2,0.13891789930735432","0,0,0"
38.18333333333333,197,AV,0,0,0,54,3438.9188747307694,0.2,-38.18333333333333,"0.35247826086956524,0.2484303599374022,0.26195689655172416,0.2,0.54,0.18061100701734908","0,0,0"
16.433333333333334,199,AV,1,0,0,40,3508.846318545673,0.1,-16.433333333333334,"0.20095707070707072,0.15398543689320385,0.1756323529411765,0.1,0.4,0.18428357578259733","0,0,0"
12.083333333333334,172,AV,1,0,0,32,2965.4163440895786,0.1,-12.083333333333334,"0.123525,0.10870570570570569,0.1345948275862069,0.1,0.32,0.15574279348874007","0,0,0"
39.75,284,AV,0,0,0,55,8987.822610831106,0.8,-39.75,"0.35989999999999994,0.25405218068535823,0.26550595238095237,0.8,0.55,0.472037797856628","0,0,0"
15.466666666666667,239,AV,1,0,0,38,4934.883137056144,0.2,-15.466666666666667,"0.18141421568627453,0.1426707317073171,0.1637139303482587,0.2,0.38,0.2591786097211798","0,0,0"
32.583333333333336,166,AV,1,0,0,67,2857.6088215719105,0.4,-32.583333333333336,"0.4700649717514123,0.3112186046511628,0.3115732323232323,0.4,0.67,0.1500807741404395","0,0,0"
53.38333333333333,97,AV,0,0,0,76,1530.6528609905624,0.1,-53.38333333333333,"0.4992407407407407,0.3333743718592965,0.3288599033816425,0.1,0.76,0.08038943769475668","0,0,0"
7.833333333333333,290,AV,1,0,0,20,11515.391842589095,0.2,-7.833333333333333,"0.06405936073059361,0.07843055555555555,0.11535606060606061,0.2,0.2,0.6047849898908156","0,0,0"
37.38333333333333,275,AV,1,0,0,86,7864.29237148983,0.4,-37.38333333333333,"0.5322089201877934,0.35280833333333333,0.3489541062801933,0.4,0.86,0.41303032040988025","0,0,0"
21.0,2,AV,1,0,0,47,437.8567856598078,0.2,-21.0,"0.26117213114754095,0.19912577160493825,0.21427248677248673,0.2,0.47,0.022996109494903022","0,0,0"
29.283333333333335,25,AV,0,0,0,46,649.7132696839626,0.1,-29.283333333333335,"0.26128142076502725,0.19235491071428573,0.20980909090909092,0.1,0.46,0.034122749673570554","0,0,0"
24.116666666666667,108,AV,0,0,0,44,1592.6375082496468,0.1,-24.116666666666667,"0.22802011494252875,0.17653333333333332,0.19235380116959064,0.1,0.44,0.08364485312294262","0,0,0"
21.216666666666665,73,AV,1,0,0,47,1239.4416864014672,0.3,-21.216666666666665,"0.26117213114754095,0.19912577160493825,0.21427248677248673,0.3,0.47,0.06509511252654251","0,0,0"
9.766666666666667,241,AV,1,0,0,26,4968.170350229253,0.3,-9.766666666666667,"0.0928581560283688,0.08906497175141244,0.11964975845410628,0.3,0.26,0.260926844358575","0,0,0"
14.333333333333334,222,AV,2,0,0,25,4376.119511966378,0.1,-14.333333333333334,"0.07716106442577031,0.08487891737891738,0.11830188679245285,0.1,0.25,0.22983250860967044","0,0,0"
33.55,29,AV,1,0,0,67,742.4887258523852,0.6,-33.55,"0.4700649717514123,0.3112186046511628,0.3115732323232323,0.6,0.67,0.03899528932206243","0,0,0"
25.05,255,AV,1,0,0,53,5825.994272151124,0.8,-25.05,"0.3366517412935323,0.2401082554517134,0.2518022598870056,0.8,0.53,0.3059795042280261","0,0,0"
23.266666666666666,109,AV,2,0,0,49,1596.1763216794554,0.9,-23.266666666666666,"0.288351282051282,0.21254326923076922,0.22869402985074624,0.9,0.49,0.0838307105625876","0,0,0"
34.1,184,AV,1,0,0,70,3236.647802754315,0.9,-34.1,"0.48589682539682544,0.32319484702093393,0.3180642857142857,0.9,0.7,0.16998778985785554","0,0,0"
17.783333333333335,272,AV,2,0,0,39,7572.106998522375,0.1,-17.783333333333335,"0.1920698924731183,0.1486539682539682,0.17043872549019604,0.1,0.39,0.3976848306296006","0,0,0"
16.216666666666665,287,AV,1,0,0,39,9280.176126726552,0.2,-16.216666666666665,"0.1920698924731183,0.1486539682539682,0.17043872549019604,0.2,0.39,0.48739211845399105","0,0,0"
30.866666666666667,258,AV,1,0,0,63,5911.733280178027,0.3,-30.866666666666667,"0.44859343434343446,0.3007357142857143,0.30015625,0.3,0.63,0.3104824916913811","0,0,0"
11.016666666666667,119,AV,1,0,0,31,1822.2981036688468,0.6,-11.016666666666667,"0.12096388888888888,0.10644266055045874,0.13230645161290325,0.6,0.31,0.09570655999124235","0,0,0"
48.483333333333334,100,AV,0,0,0,64,1546.5147326922538,0.1,-48.483333333333334,"0.4496380208333333,0.30392703533026116,0.3041468926553672,0.1,0.64,0.08122249852741349","0,0,0"
32.75,52,AV,1,0,0,67,959.5289757906356,0.8,-32.75,"0.4700649717514123,0.3112186046511628,0.3115732323232323,0.8,0.67,0.05039417936063988","0,0,0"
22.3,80,AV,1,0,0,49,1294.2551843223837,0.3,-22.3,"0.288351282051282,0.21254326923076922,0.22869402985074624,0.3,0.49,0.06797390130239438","0,0,0"
55.166666666666664,140,AV,0,0,0,78,2347.541384251396,0.9,-55.166666666666664,"0.5050844155844156,0.3405661375661376,0.335545045045045,0.9,0.78,0.12329218247631395","0,0,0"
30.85,253,AV,1,0,0,62,5670.319740923212,0.2,-30.85,"0.43340952380952386,0.29637621359223304,0.296671875,0.2,0.62,0.29780352367244284","0,0,0"
18.816666666666666,283,AV,1,0,0,43,8975.220492497892,0.8,-18.816666666666666,"0.21600512820512818,0.16956650641025642,0.18757213930348257,0.8,0.43,0.47137593831133945","0,0,0"
12.5,127,AV,1,0,0,33,2030.86588445069,0.3,-12.5,"0.13114285714285714,0.11571111111111114,0.1429322033898305,0.3,0.33,0.10666047844368956","0,0,0"
38.85,149,AV,2,0,0,87,2472.005569054355,0.1,-38.85,"0.5372857142857143,0.35461407766990294,0.3524947916666667,0.1,0.87,0.12982900482476664","0,0,0"
31.316666666666666,41,AV,1,0,0,63,861.805442805673,0.2,-31.316666666666666,"0.44859343434343446,0.3007357142857143,0.30015625,0.2,0.63,0.04526176817426404","0,0,0"
6.766666666666667,130,AV,0,0,0,18,2052.607856914241,0.3,-6.766666666666667,"0.05897756410256409,0.07778703703703703,0.11465555555555557,0.3,0.18,0.10780236043748707","0,0,0"
53.43333333333333,285,AV,0,0,0,72,9030.678864893336,0.1,-53.43333333333333,"0.4960292792792792,0.33106600660066016,0.3266770833333334,0.1,0.72,0.47428859570476767","0,0,0"
9.4,178,AV,1,0,0,25,3046.5766145774583,0.6,-9.4,"0.07716106442577031,0.08487891737891738,0.11830188679245285,0.6,0.25,0.16000530700434717","0,0,0"
27.033333333333335,227,AV,1,0,0,56,4547.885280126284,0.2,-27.033333333333335,"0.368497512437811,0.2581310606060606,0.2678427672955974,0.2,0.56,0.2388535961922898","0,0,0"
27.8,237,AV,2,0,0,56,4843.3187157075145,0.8,-27.8,"0.368497512437811,0.2581310606060606,0.2678427672955974,0.8,0.56,0.2543696732649421","0,0,0"
26.633333333333333,280,AV,1,0,0,56,8348.421721831439,0.1,-26.633333333333333,"0.368497512437811,0.2581310606060606,0.2678427672955974,0.1,0.56,0.43845665138103423","0,0,0"
13.066666666666666,106,AV,1,0,0,33,1588.8002265047048,0.4,-13.066666666666666,"0.13114285714285714,0.11571111111111114,0.1429322033898305,0.4,0.33,0.08344332021524425","0,0,0"
25.6,181,AV,1,0,0,54,3169.820795106812,0.1,-25.6,"0.35247826086956524,0.2484303599374022,0.26195689655172416,0.1,0.54,0.16647805508747177","0,0,0"
33.46666666666667,218,AV,1,0,0,68,4196.147454418583,0.5,-33.46666666666667,"0.4763070175438595,0.31665658914728684,0.3144877450980392,0.5,0.68,0.22038042912401049","0,0,0"
22.083333333333332,121,AV,0,0,0,42,1830.3424648913517,0.7,-22.083333333333332,"0.20768840579710143,0.16483830845771144,0.1853952380952381,0.7,0.42,0.0961290474747023","0,0,0"
21.6,192,AV,1,0,0,48,3362.377553451843,0.4,-21.6,"0.2779322916666667,0.20668269230769226,0.22076225490196083,0.4,0.48,0.17659107935455778","0,0,0"
11.933333333333334,133,AV,0,0,0,25,2123.4400354784907,0.1,-11.933333333333334,"0.07716106442577031,0.08487891737891738,0.11830188679245285,0.1,0.25,0.11152244560545237","0,0,0"
20.166666666666668,82,AV,1,0,0,45,1348.5865378412918,0.5,-20.166666666666668,"0.2508924731182796,0.1860422031473534,0.20089259259259257,0.5,0.45,0.07082736799617727","0,0,0"
25.183333333333334,171,AV,1,0,0,53,2964.6777926145683,0.9,-25.183333333333334,"0.3366517412935323,0.2401082554517134,0.2518022598870056,0.9,0.53,0.15570400498267326","0,0,0"
32.0,221,AV,2,0,0,57,4343.557359248321,0.1,-32.0,"0.39202604166666666,0.2697019089574156,0.27547959183673476,0.1,0.57,0.22812235393394506","0,0,0"
22.166666666666668,92,AV,1,0,0,50,1475.2077210572677,0.4,-22.166666666666668,"0.2999460784313725,0.22133494363929146,0.23447179487179487,0.4,0.5,0.07747747526634545","0,0,0"
33.61666666666667,31,AV,1,0,0,68,743.7818724069466,0.1,-33.61666666666667,"0.4763070175438595,0.31665658914728684,0.3144877450980392,0.1,0.68,0.039063204998456114","0,0,0"
24.75,161,AV,1,0,0,52,2761.3662775036096,0.1,-24.75,"0.32148507462686565,0.23240358744394615,0.24447,0.1,0.52,0.14502614405602138","0,0,0"
22.266666666666666,164,AV,2,0,0,46,2835.850686157305,0.3,-22.266666666666666,"0.26128142076502725,0.19235491071428573,0.20980909090909092,0.3,0.46,0.14893804327321036","0,0,0"
10.7,8,AV,1,0,0,27,497.26542980048754,0.2,-10.7,"0.09878059071729957,0.0917017094017094,0.12060101010101011,0.2,0.27,0.026116233997585142","0,0,0"
15.55,167,AV,1,0,0,39,2891.134206742707,0.4,-15.55,"0.1920698924731183,0.1486539682539682,0.17043872549019604,0.4,0.39,0.1518415175010447","0,0,0"
13.333333333333334,180,AV,1,0,0,35,3119.7161673652217,0.2,-13.333333333333334,"0.15107692307692303,0.12654323899371064,0.14946031746031746,0.2,0.35,0.1638465747873305","0,0,0"
18.7,261,AV,0,0,0,40,6007.794801579103,0.1,-18.7,"0.20095707070707072,0.15398543689320385,0.1756323529411765,0.1,0.4,0.31552761451860256","0,0,0"
24.65,176,AV,1,0,0,51,3031.4508351358254,0.8,-24.65,"0.31684761904761904,0.2288325581395349,0.24008181818181815,0.8,0.51,0.15921090552051181","0,0,0"
27.033333333333335,74,AV,1,0,0,56,1240.6560786390864,0.4,-27.033333333333335,"0.368497512437811,0.2581310606060606,0.2678427672955974,0.4,0.56,0.06515889204939258","0,0,0"
31.866666666666667,256,AV,1,0,0,64,5844.130995646287,0.4,-31.866666666666667,"0.4496380208333333,0.30392703533026116,0.3041468926553672,0.4,0.64,0.30693203960724846","0,0,0"
14.5,170,AV,1,0,0,37,2942.323800284961,0.3,-14.5,"0.1706111111111111,0.13720112179487182,0.15693915343915343,0.3,0.37,0.15452997988566525","0,0,0"
34.333333333333336,183,AV,1,0,0,71,3227.056348793521,0.7,-34.333333333333336,"0.48821890547263685,0.3257434640522876,0.3212270531400966,0.7,0.71,0.1694840495191844","0,0,0"
22.266666666666666,250,AV,1,0,0,50,5480.041794665195,0.4,-22.266666666666666,"0.2999460784313725,0.22133494363929146,0.23447179487179487,0.4,0.5,0.2878101819453735","0,0,0"
19.466666666666665,62,AV,1,0,0,44,1046.6558973464134,0.2,-19.466666666666665,"0.22802011494252875,0.17653333333333332,0.19235380116959064,0.2,0.44,0.054970059633983805","0,0,0"
27.466666666666665,281,AV,0,0,0,45,8436.938288223368,0.3,-27.466666666666665,"0.2508924731182796,0.1860422031473534,0.20089259259259257,0.3,0.45,0.4431055153921156","0,0,0"
20.7,266,AV,1,0,0,46,6248.181898567973,0.1,-20.7,"0.26128142076502725,0.19235491071428573,0.20980909090909092,0.1,0.46,0.3281526740918779","0,0,0"
8.55,69,AV,0,0,0,21,1141.5133047894662,0.2,-8.55,"0.06753183520599251,0.07841666666666666,0.11457777777777776,0.2,0.21,0.059951942750574055","0,0,0"
26.2,70,AV,1,0,0,54,1150.2916000513435,0.2,-26.2,"0.35247826086956524,0.2484303599374022,0.26195689655172416,0.2,0.54,0.0604129762337403","0,0,0"
29.25,35,AV,1,0,0,61,777.0630287344238,0.2,-29.25,"0.42106572769953055,0.29050980392156867,0.2914871794871795,0.2,0.61,0.04081112153210161","0,0,0"
46.75,220,AV,0,0,0,63,4304.4895651906745,0.3,-46.75,"0.44859343434343446,0.3007357142857143,0.30015625,0.3,0.63,0.22607052489007143","0,0,0"
31.266666666666666,134,AV,1,0,0,66,2131.3254046090938,0.1,-31.266666666666666,"0.4632950819672131,0.3089350961538462,0.31074178403755864,0.1,0.66,0.11193658287104669","0,0,0"
14.833333333333334,7,AV,1,0,0,37,491.8679742725259,0.1,-14.833333333333334,"0.1706111111111111,0.13720112179487182,0.15693915343915343,0.1,0.37,0.025832761222056865","0,0,0"
15.55,94,AV,1,0,0,38,1496.328062426438,0.4,-15.55,"0.18141421568627453,0.1426707317073171,0.1637139303482587,0.4,0.38,0.07858670937805001","0,0,0"
26.6,254,AV,2,0,0,53,5721.231751015957,0.2,-26.6,"0.3366517412935323,0.2401082554517134,0.2518022598870056,0.2,0.53,0.30047740745600493","0,0,0"
28.483333333333334,19,AV,2,0,0,56,595.9176043698985,0.1,-28.483333333333334,"0.368497512437811,0.2581310606060606,0.2678427672955974,0.1,0.56,0.03129741716662037","0,0,0"
34.56666666666667,276,AV,1,0,0,72,7897.119961473183,0.1,-34.56666666666667,"0.4960292792792792,0.33106600660066016,0.3266770833333334,0.1,0.72,0.4147544157726446","0,0,0"
15.433333333333334,67,AV,2,0,0,36,1122.7546975855585,0.5,-15.433333333333334,"0.15842786069651743,0.13171090047393366,0.15307258064516127,0.5,0.36,0.05896674622202671","0,0,0"
30.3,295,AV,1,0,0,62,13460.811009378149,0.2,-30.3,"0.43340952380952386,0.29637621359223304,0.296671875,0.2,0.62,0.7069578318750951","0,0,0"
27.4,152,AV,2,0,0,57,2612.3907844155665,0.8,-27.4,"0.39202604166666666,0.2697019089574156,0.27547959183673476,0.8,0.57,0.13720199501160868","0,0,0"
37.1,9,AV,1,0,0,85,506.5869000089976,0.1,-37.1,"0.5272785714285715,0.34995709570957095,0.3446495098039216,0.1,0.85,0.02660579486905904","0,0,0"
18.883333333333333,219,AV,0,0,0,40,4227.85786318916,0.1,-18.883333333333333,"0.20095707070707072,0.15398543689320385,0.1756323529411765,0.1,0.4,0.22204585045833433","0,0,0"
14.366666666666667,30,AV,1,0,0,36,743.7553910389753,0.2,-14.366666666666667,"0.15842786069651743,0.13171090047393366,0.15307258064516127,0.2,0.36,0.03906181420480535","0,0,0"
28.35,292,AV,1,0,0,58,12197.400506638176,0.1,-28.35,"0.40607179487179473,0.2768609865470852,0.28309294871794877,0.1,0.58,0.6406038841699384","0,0,0"
27.483333333333334,163,AV,0,0,0,45,2797.307504072895,0.2,-27.483333333333334,"0.2508924731182796,0.1860422031473534,0.20089259259259257,0.2,0.45,0.1469137666957458","0,0,0"
14.633333333333333,296,AV,2,0,0,32,14312.770160915026,0.3,-14.633333333333333,"0.123525,0.10870570570570569,0.1345948275862069,0.3,0.32,0.7517024757302859","0,0,0"
10.35,39,AV,0,0,0,23,857.6590975250949,0.8,-10.35,"0.07473333333333333,0.0822739726027397,0.1162982456140351,0.8,0.23,0.04504400334065031","0,0,0"
7.866666666666666,185,AV,1,0,0,16,3245.380745418587,0.3,-7.866666666666666,"0.05690530303030303,0.07701515151515151,0.11447435897435898,0.3,0.16,0.1704464414359456","0,0,0"
12.616666666666667,38,AV,1,0,0,33,837.3801312568858,0.2,-12.616666666666667,"0.13114285714285714,0.11571111111111114,0.1429322033898305,0.2,0.33,0.04397895800158024","0,0,0"
8.733333333333333,150,AV,1,0,0,18,2533.2754137277425,0.3,-8.733333333333333,"0.05897756410256409,0.07778703703703703,0.11465555555555557,0.3,0.18,0.13304687903156176","0,0,0"
17.966666666666665,53,AV,1,0,0,40,969.457736312404,0.1,-17.966666666666665,"0.20095707070707072,0.15398543689320385,0.1756323529411765,0.1,0.4,0.050915634940603534","0,0,0"
11.8,177,AV,1,0,0,30,3032.1279287666234,0.2,-11.8,"0.11983918128654972,0.10251003086419753,0.12928358208955223,0.2,0.3,0.15924646627869138","0,0,0"
13.133333333333333,43,AV,1,0,0,33,863.5619359671642,0.3,-13.133333333333333,"0.13114285714285714,0.11571111111111114,0.1429322033898305,0.3,0.33,0.04535401867806252","0,0,0"
31.516666666666666,11,AV,1,0,0,64,539.5213747330826,0.5,-31.516666666666666,"0.4496380208333333,0.30392703533026116,0.3041468926553672,0.5,0.64,0.028335503786943907","0,0,0"
29.016666666666666,76,AV,1,0,0,58,1261.43865123121,0.7,-29.016666666666666,"0.40607179487179473,0.2768609865470852,0.28309294871794877,0.7,0.58,0.06625038664435261","0,0,0"
41.43333333333333,54,AV,0,0,0,57,978.4447105201264,0.9,-41.43333333333333,"0.39202604166666666,0.2697019089574156,0.27547959183673476,0.9,0.57,0.051387628180578626","0,0,0"
34.016666666666666,242,AV,2,0,0,77,5004.1281918097375,0.5,-34.016666666666666,"0.5004035087719299,0.337580310880829,0.33157042253521135,0.5,0.77,0.2628153396137967","0,0,0"
28.783333333333335,143,AV,1,0,0,59,2398.572127464108,0.9,-28.783333333333335,"0.4090525114155251,0.28083333333333327,0.28597798742138364,0.9,0.59,0.12597230208838628","0,0,0"
20.216666666666665,123,AV,1,0,0,45,1848.7234685638712,0.1,-20.216666666666665,"0.2508924731182796,0.1860422031473534,0.20089259259259257,0.1,0.45,0.09709441237693286","0,0,0"
13.966666666666667,148,AV,1,0,0,36,2458.2611968747465,0.3,-13.966666666666667,"0.15842786069651743,0.13171090047393366,0.15307258064516127,0.3,0.36,0.12910715444370038","0,0,0"
17.566666666666666,229,AV,1,0,0,40,4549.115907877681,0.5,-17.566666666666666,"0.20095707070707072,0.15398543689320385,0.1756323529411765,0.5,0.4,0.2389182283995444","0,0,0"
25.8,273,AV,1,0,0,54,7612.519032757181,0.7,-25.8,"0.35247826086956524,0.2484303599374022,0.26195689655172416,0.7,0.54,0.39980725877188683","0,0,0"
51.75,158,AV,0,0,0,71,2744.255474143275,0.2,-51.75,"0.48821890547263685,0.3257434640522876,0.3212270531400966,0.2,0.71,0.14412748970028938","0,0,0"
16.9,90,AV,1,0,0,39,1454.957177165027,0.4,-16.9,"0.1920698924731183,0.1486539682539682,0.17043872549019604,0.4,0.39,0.0764139226620948","0,0,0"
22.633333333333333,232,AV,2,0,0,48,4635.813442599864,0.1,-22.633333333333333,"0.2779322916666667,0.20668269230769226,0.22076225490196083,0.1,0.48,0.24347155740278267","0,0,0"
32.96666666666667,138,AV,0,0,0,49,2239.257430619588,0.1,-32.96666666666667,"0.288351282051282,0.21254326923076922,0.22869402985074624,0.1,0.49,0.1176051411061415","0,0,0"
35.7,111,AV,1,0,0,77,1626.914224999384,0.1,-35.7,"0.5004035087719299,0.337580310880829,0.33157042253521135,0.1,0.77,0.08544505619691108","0,0,0"
27.25,95,AV,1,0,0,56,1507.5005543882637,0.7,-27.25,"0.368497512437811,0.2581310606060606,0.2678427672955974,0.7,0.56,0.07917348536713947","0,0,0"
12.05,93,AV,0,0,0,28,1485.5718097438446,0.2,-12.05,"0.10792488262910796,0.09336178861788617,0.12315625,0.2,0.28,0.07802179415338123","0,0,0"
9.7,257,AV,1,0,0,25,5862.8833826120845,0.8,-9.7,"0.07716106442577031,0.08487891737891738,0.11830188679245285,0.8,0.25,0.30791690945072125","0,0,0"
11.966666666666667,88,AV,1,0,0,32,1446.9812594843625,0.2,-11.966666666666667,"0.123525,0.10870570570570569,0.1345948275862069,0.2,0.32,0.0759950298133052","0,0,0"
32.71666666666667,223,AV,1,0,0,64,4381.240268036911,0.4,-32.71666666666667,"0.4496380208333333,0.30392703533026116,0.3041468926553672,0.4,0.64,0.23010144921114412","0,0,0"
48.45,36,AV,0,0,0,66,802.5586880039084,0.1,-48.45,"0.4632950819672131,0.3089350961538462,0.31074178403755864,0.1,0.66,0.042150146052007835","0,0,0"
22.883333333333333,174,AV,1,0,0,50,3001.8426729260827,0.1,-22.883333333333333,"0.2999460784313725,0.22133494363929146,0.23447179487179487,0.1,0.5,0.1576558935567436","0,0,0"
22.9,173,AV,2,0,0,46,2966.188350320237,0.3,-22.9,"0.26128142076502725,0.19235491071428573,0.20980909090909092,0.3,0.46,0.15578333902872574","0,0,0"
25.883333333333333,195,AV,0,0,0,44,3398.605365942332,0.4,-25.883333333333333,"0.22802011494252875,0.17653333333333332,0.19235380116959064,0.4,0.44,0.17849375340250406","0,0,0"
30.55,278,AV,1,0,0,61,8326.33528790118,0.4,-30.55,"0.42106572769953055,0.29050980392156867,0.2914871794871795,0.4,0.61,0.43729667837240127","0,0,0"
13.216666666666667,245,AV,1,0,0,33,5064.807770076448,0.2,-13.216666666666667,"0.13114285714285714,0.11571111111111114,0.1429322033898305,0.2,0.33,0.2660022132026646","0,0,0"
33.38333333333333,16,AV,2,0,0,70,583.3206434887895,0.1,-33.38333333333333,"0.48589682539682544,0.32319484702093393,0.3180642857142857,0.1,0.7,0.030635828489198207","0,0,0"
32.18333333333333,244,AV,1,0,0,66,5051.78348307234,0.1,-32.18333333333333,"0.4632950819672131,0.3089350961538462,0.31074178403755864,0.1,0.66,0.26531818148305064","0,0,0"
35.05,214,AV,2,0,0,86,4015.909421979459,0.2,-35.05,"0.5322089201877934,0.35280833333333333,0.3489541062801933,0.2,0.86,0.21091438071535054","0,0,0"
15.666666666666666,10,AV,1,0,0,38,513.3463032142733,0.3,-15.666666666666666,"0.18141421568627453,0.1426707317073171,0.1637139303482587,0.3,0.38,0.026960796735695607","0,0,0"
19.133333333333333,146,AV,1,0,0,44,2421.832203454489,0.9,-19.133333333333333,"0.22802011494252875,0.17653333333333332,0.19235380116959064,0.9,0.44,0.12719391443254247","0,0,0"
35.15,274,AV,1,0,0,76,7658.5640246764915,0.1,-35.15,"0.4992407407407407,0.3333743718592965,0.3288599033816425,0.1,0.76,0.4022255281936403","0,0,0"
34.8,236,AV,1,0,0,71,4754.245589533712,0.1,-34.8,"0.48821890547263685,0.3257434640522876,0.3212270531400966,0.1,0.71,0.24969157889794616","0,0,0"
50.05,113,AV,0,0,0,68,1639.6236094811811,0.6,-50.05,"0.4763070175438595,0.31665658914728684,0.3144877450980392,0.6,0.68,0.08611254932874826","0,0,0"
14.233333333333333,0,AV,1,0,0,35,388.2787303527966,0.1,-14.233333333333333,"0.15107692307692303,0.12654323899371064,0.14946031746031746,0.1,0.35,0.02039228462402346","0,0,0"
11.366666666666667,136,AV,1,0,0,26,2164.09247058771,0.4,-11.366666666666667,"0.0928581560283688,0.08906497175141244,0.11964975845410628,0.4,0.26,0.11365749953089815","0,0,0"
30.1,27,AV,1,0,0,60,676.2529471816457,0.1,-30.1,"0.41884429824561403,0.286825,0.28922916666666665,0.1,0.6,0.03551660572350354","0,0,0"
25.666666666666668,191,AV,2,0,0,52,3352.9358316496982,0.1,-25.666666666666668,"0.32148507462686565,0.23240358744394615,0.24447,0.1,0.52,0.17609520290478356","0,0,0"
35.96666666666667,211,AV,1,0,0,83,3942.222625638348,0.7,-35.96666666666667,"0.525074074074074,0.3489433164128596,0.34400704225352113,0.7,0.83,0.20704437186203256","0,0,0"
10.633333333333333,248,AV,1,0,0,28,5307.329693361759,0.2,-10.633333333333333,"0.10792488262910796,0.09336178861788617,0.12315625,0.2,0.28,0.2787393932246195","0,0,0"
17.666666666666668,6,AV,1,0,0,41,477.1303205766694,0.1,-17.666666666666668,"0.20711025641025646,0.16102287581699343,0.1843098591549296,0.1,0.41,0.025058743988140585","0,0,0"
30.883333333333333,210,AV,0,0,0,47,3941.04555698938,0.4,-30.883333333333333,"0.26117213114754095,0.19912577160493825,0.21427248677248673,0.4,0.47,0.20698255256307185","0,0,0"
16.116666666666667,139,AV,2,0,0,34,2344.9936519099742,0.2,-16.116666666666667,"0.14625287356321837,0.12494369369369371,0.14915,0.2,0.34,0.12315837632369546","0,0,0"
34.86666666666667,299,AV,1,0,0,75,19040.472291926453,0.4,-34.86666666666667,"0.49933333333333335,0.33253676470588234,0.32878787878787874,0.4,0.75,1.0","0,0,0"
35.56666666666667,3,AV,1,0,0,76,449.0833195935783,0.8,-35.56666666666667,"0.4992407407407407,0.3333743718592965,0.3288599033816425,0.8,0.76,0.02358572375245118","0,0,0"
19.7,48,AV,1,0,0,44,898.3728471886773,0.2,-19.7,"0.22802011494252875,0.17653333333333332,0.19235380116959064,0.2,0.44,0.047182277488442635","0,0,0"
17.433333333333334,188,AV,0,0,0,35,3274.575105225111,0.4,-17.433333333333334,"0.15107692307692303,0.12654323899371064,0.14946031746031746,0.4,0.35,0.17197972061930406","0,0,0"
13.583333333333334,189,AV,0,0,0,32,3301.717979419838,0.2,-13.583333333333334,"0.123525,0.10870570570570569,0.1345948275862069,0.2,0.32,0.1734052563822082","0,0,0"
49.96666666666667,60,AV,0,0,0,70,1025.7249596144625,0.9,-49.96666666666667,"0.48589682539682544,0.32319484702093393,0.3180642857142857,0.9,0.7,0.05387077294555297","0,0,0"
30.9,86,AV,1,0,0,61,1411.5824788559885,0.7,-30.9,"0.42106572769953055,0.29050980392156867,0.2914871794871795,0.7,0.61,0.07413589627472256","0,0,0"
27.75,64,AV,1,0,0,57,1074.3823512953045,0.7,-27.75,"0.39202604166666666,0.2697019089574156,0.27547959183673476,0.7,0.57,0.05642624483379356","0,0,0"
23.116666666666667,289,AV,1,0,0,50,10838.007207066395,0.8,-23.116666666666667,"0.2999460784313725,0.22133494363929146,0.23447179487179487,0.8,0.5,0.5692089482287648","0,0,0"
22.416666666666668,175,AV,1,0,0,49,3024.224513765153,0.2,-22.416666666666668,"0.288351282051282,0.21254326923076922,0.22869402985074624,0.2,0.49,0.1588313812492711","0,0,0"
38.13333333333333,66,AV,0,0,0,53,1097.8259349569896,0.1,-38.13333333333333,"0.3366517412935323,0.2401082554517134,0.2518022598870056,0.1,0.53,0.05765749494682913","0,0,0"
18.133333333333333,155,AV,2,0,0,39,2648.588416164911,0.1,-18.133333333333333,"0.1920698924731183,0.1486539682539682,0.17043872549019604,0.1,0.39,0.1391030839759141","0,0,0"
31.166666666666668,83,AV,0,0,0,48,1373.5659577718477,0.4,-31.166666666666668,"0.2779322916666667,0.20668269230769226,0.22076225490196083,0.4,0.48,0.07213927977796368","0,0,0"
7.95,201,AV,1,0,0,22,3608.770587345788,0.8,-7.95,"0.06999298245614036,0.08027131782945736,0.11532291666666664,0.8,0.22,0.18953156896617424","0,0,0"
57.06666666666667,212,AV,0,0,0,79,3958.913906791885,0.9,-57.06666666666667,"0.5114583333333333,0.34304273504273497,0.3401884057971015,0.9,0.79,0.20792099303495454","0,0,0"
23.183333333333334,259,AV,1,0,0,50,5913.041300376779,0.5,-23.183333333333334,"0.2999460784313725,0.22133494363929146,0.23447179487179487,0.5,0.5,0.31055118852718944","0,0,0"
28.55,126,AV,2,0,0,59,2015.5588757501516,0.6,-28.55,"0.4090525114155251,0.28083333333333327,0.28597798742138364,0.6,0.59,0.10585655885252329","0,0,0"
17.066666666666666,115,AV,1,0,0,41,1682.490559712908,0.1,-17.066666666666666,"0.20711025641025646,0.16102287581699343,0.1843098591549296,0.1,0.41,0.0883639089365613","0,0,0"
26.133333333333333,21,AV,1,0,0,54,623.7253316558669,0.1,-26.133333333333333,"0.35247826086956524,0.2484303599374022,0.26195689655172416,0.1,0.54,0.03275787081816973","0,0,0"
36.416666666666664,238,AV,0,0,0,52,4925.450001742355,0.3,-36.416666666666664,"0.32148507462686565,0.23240358744394615,0.24447,0.3,0.52,0.25868318423124653","0,0,0"
35.71666666666667,165,AV,1,0,0,81,2838.632091159661,0.2,-35.71666666666667,"0.5226118721461187,0.3466768189509306,0.34288095238095245,0.2,0.81,0.149084121845197","0,0,0"
43.266666666666666,51,AV,0,0,0,59,932.0432837729122,0.2,-43.266666666666666,"0.4090525114155251,0.28083333333333327,0.28597798742138364,0.2,0.59,0.04895063890658413","0,0,0"
25.866666666666667,168,AV,1,0,0,52,2909.8477340427667,0.1,-25.866666666666667,"0.32148507462686565,0.23240358744394615,0.24447,0.1,0.52,0.15282434644631168","0,0,0"
5.283333333333333,68,AV,0,0,0,1,1141.0395517097602,0.4,-5.283333333333333,"0.0,0.0,0.0,0.4,0.01,0.05992706137828231","0,0,0"
58.733333333333334,81,AV,0,0,0,88,1297.4303329633815,0.1,-58.733333333333334,"0.55835,0.35926452599388375,0.36355107526881725,0.1,0.88,0.06814065917437974","0,0,0"
25.85,23,AV,0,0,0,44,632.5893922142865,0.3,-25.85,"0.22802011494252875,0.17653333333333332,0.19235380116959064,0.3,0.44,0.033223408669464424","0,0,0"
11.75,265,AV,1,0,0,31,6130.868263041086,0.2,-11.75,"0.12096388888888888,0.10644266055045874,0.13230645161290325,0.2,0.31,0.3219913964865619","0,0,0"
16.183333333333334,12,AV,1,0,0,38,541.9839687696077,0.5,-16.183333333333334,"0.18141421568627453,0.1426707317073171,0.1637139303482587,0.5,0.38,0.028464838500850628","0,0,0"
51.81666666666667,196,AV,0,0,0,71,3427.0421228311798,0.6,-51.81666666666667,"0.48821890547263685,0.3257434640522876,0.3212270531400966,0.6,0.71,0.1799872435036349","0,0,0"
9.216666666666667,131,AV,1,0,0,24,2088.64210540395,0.2,-9.216666666666667,"0.07641737891737893,0.08360243055555555,0.11661507936507937,0.2,0.24,0.10969486856109009","0,0,0"
21.7,286,AV,1,0,0,48,9095.945853089892,0.1,-21.7,"0.2779322916666667,0.20668269230769226,0.22076225490196083,0.1,0.48,0.47771639871279653","0,0,0"
8.716666666666667,246,AV,1,0,0,24,5200.876525735832,0.8,-8.716666666666667,"0.07641737891737893,0.08360243055555555,0.11661507936507937,0.8,0.24,0.27314850419656395","0,0,0"
18.216666666666665,13,AV,1,0,0,42,566.7055292848979,0.7,-18.216666666666665,"0.20768840579710143,0.16483830845771144,0.1853952380952381,0.7,0.42,0.02976320758205103","0,0,0"
18.5,85,AV,1,0,0,43,1391.0507319816634,0.9,-18.5,"0.21600512820512818,0.16956650641025642,0.18757213930348257,0.9,0.43,0.07305757497262802","0,0,0"
23.083333333333332,34,AV,1,0,0,49,776.0711537761008,0.2,-23.083333333333332,"0.288351282051282,0.21254326923076922,0.22869402985074624,0.2,0.49,0.04075902855125977","0,0,0"
33.85,61,AV,1,0,0,68,1038.299283744561,0.9,-33.85,"0.4763070175438595,0.31665658914728684,0.3144877450980392,0.9,0.68,0.054531172747475445","0,0,0"
24.233333333333334,56,AV,1,0,0,49,981.8973671489576,0.4,-24.233333333333334,"0.288351282051282,0.21254326923076922,0.22869402985074624,0.4,0.49,0.05156896069039748","0,0,0"
13.9,110,AV,2,0,0,29,1614.9493849180149,0.1,-13.9,"0.11882485875706215,0.09839779874213836,0.12764975845410628,0.1,0.29,0.08481666631781955","0,0,0"
26.416666666666668,72,AV,1,0,0,55,1205.4292211271013,0.1,-26.416666666666668,"0.35989999999999994,0.25405218068535823,0.26550595238095237,0.1,0.55,0.06330878786227523","0,0,0"
34.68333333333333,224,AV,1,0,0,68,4416.224882412617,0.6,-34.68333333333333,"0.4763070175438595,0.31665658914728684,0.3144877450980392,0.6,0.68,0.23193883086005102","0,0,0"
8.583333333333334,84,AV,0,0,0,22,1386.7650627050614,0.1,-8.583333333333334,"0.06999298245614036,0.08027131782945736,0.11532291666666664,0.1,0.22,0.07283249288375467","0,0,0"
37.13333333333333,230,AV,1,0,0,87,4572.8741748457805,0.7,-37.13333333333333,"0.5372857142857143,0.35461407766990294,0.3524947916666667,0.7,0.87,0.24016600558720239","0,0,0"
32.63333333333333,270,AV,1,0,0,67,7128.986247371214,0.7,-32.63333333333333,"0.4700649717514123,0.3112186046511628,0.3115732323232323,0.7,0.67,0.3744122592165977","0,0,0"
24.816666666666666,204,AV,2,0,0,49,3773.073658575576,0.1,-24.816666666666666,"0.288351282051282,0.21254326923076922,0.22869402985074624,0.1,0.49,0.19816071790275053","0,0,0"
28.933333333333334,233,AV,1,0,0,59,4639.089550420253,0.1,-28.933333333333334,"0.4090525114155251,0.28083333333333327,0.28597798742138364,0.1,0.59,0.24364361762115117","0,0,0"
13.416666666666666,209,AV,1,0,0,33,3898.759045987068,0.2,-13.416666666666666,"0.13114285714285714,0.11571111111111114,0.1429322033898305,0.2,0.33,0.204761677452729","0,0,0"
13.683333333333334,79,AV,0,0,0,28,1293.252850487379,0.3,-13.683333333333334,"0.10792488262910796,0.09336178861788617,0.12315625,0.3,0.28,0.0679212590244279","0,0,0"
24.283333333333335,202,AV,1,0,0,50,3630.005597296026,0.2,-24.283333333333335,"0.2999460784313725,0.22133494363929146,0.23447179487179487,0.2,0.5,0.1906468254380025","0,0,0"
31.15,63,AV,1,0,0,62,1068.5648373754009,0.1,-31.15,"0.43340952380952386,0.29637621359223304,0.296671875,0.1,0.62,0.05612071071516929","0,0,0"
25.116666666666667,107,AV,2,0,0,50,1592.2311391495805,0.2,-25.116666666666667,"0.2999460784313725,0.22133494363929146,0.23447179487179487,0.2,0.5,0.08362351073742634","0,0,0"
23.333333333333332,198,AV,1,0,0,51,3480.90175047103,0.1,-23.333333333333332,"0.31684761904761904,0.2288325581395349,0.24008181818181815,0.1,0.51,0.18281593529310736","0,0,0"
24.15,65,AV,2,0,0,51,1089.3140785512585,0.2,-24.15,"0.31684761904761904,0.2288325581395349,0.24008181818181815,0.2,0.51,0.05721045475395848","0,0,0"
29.316666666666666,156,AV,0,0,0,45,2667.9339807116767,0.1,-29.316666666666666,"0.2508924731182796,0.1860422031473534,0.20089259259259257,0.1,0.45,0.140119107331331","0,0,0"
15.45,282,AV,0,0,0,32,8689.506535985933,0.4,-15.45,"0.123525,0.10870570570570569,0.1345948275862069,0.4,0.32,0.45637032541837","0,0,0"
20.383333333333333,288,AV,1,0,0,45,10213.823531357188,0.9,-20.383333333333333,"0.2508924731182796,0.1860422031473534,0.20089259259259257,0.9,0.45,0.5364270053158322","0,0,0"
16.666666666666668,235,AV,2,0,0,32,4705.31956239884,0.1,-16.666666666666668,"0.123525,0.10870570570570569,0.1345948275862069,0.1,0.32,0.24712199835473575","0,0,0"
11.533333333333333,114,AV,1,0,0,30,1659.6531244520008,0.1,-11.533333333333333,"0.11983918128654972,0.10251003086419753,0.12928358208955223,0.1,0.3,0.08716449355910817","0,0,0"
27.416666666666668,263,AV,1,0,0,56,6031.594525491932,0.1,-27.416666666666668,"0.368497512437811,0.2581310606060606,0.2678427672955974,0.1,0.56,0.3167775690127944","0,0,0"
36.266666666666666,216,AV,1,0,0,80,4113.319853961603,0.2,-36.266666666666666,"0.5185717592592592,0.34480527210884354,0.341712962962963,0.2,0.8,0.21603034792922307","0,0,0"
9.866666666666667,194,AV,1,0,0,27,3393.6426315430986,0.6,-9.866666666666667,"0.09878059071729957,0.0917017094017094,0.12060101010101011,0.6,0.27,0.17823311205269168","0,0,0"
28.2,205,AV,2,0,0,56,3773.692032315799,0.1,-28.2,"0.368497512437811,0.2581310606060606,0.2678427672955974,0.1,0.56,0.19819319470956198","0,0,0"
32.93333333333333,153,AV,0,0,0,48,2619.168197182975,0.1,-32.93333333333333,"0.2779322916666667,0.20668269230769226,0.22076225490196083,0.1,0.48,0.13755794273514713","0,0,0"
44.95,231,AV,0,0,0,62,4609.601315671212,0.2,-44.95,"0.43340952380952386,0.29637621359223304,0.296671875,0.2,0.62,0.2420949042123171","0,0,0"
19.666666666666668,15,AV,2,0,0,41,571.0932451196882,0.4,-19.666666666666668,"0.20711025641025646,0.16102287581699343,0.1843098591549296,0.4,0.41,0.029993649126121902","0,0,0"
28.816666666666666,117,AV,2,0,0,59,1794.439334206041,0.7,-28.816666666666666,"0.4090525114155251,0.28083333333333327,0.28597798742138364,0.7,0.59,0.09424342561959032","0,0,0"
9.083333333333334,46,AV,1,0,0,25,881.2906222289953,0.3,-9.083333333333334,"0.07716106442577031,0.08487891737891738,0.11830188679245285,0.3,0.25,0.04628512406190052","0,0,0"
22.016666666666666,102,AV,1,0,0,48,1564.4426034616197,0.2,-22.016666666666666,"0.2779322916666667,0.20668269230769226,0.22076225490196083,0.2,0.48,0.08216406502295508","0,0,0"
27.45,5,AV,1,0,0,57,465.3670128771111,0.1,-27.45,"0.39202604166666666,0.2697019089574156,0.27547959183673476,0.1,0.57,0.0244409385304185","0,0,0"
16.2,49,AV,1,0,0,38,904.859336063587,0.2,-16.2,"0.18141421568627453,0.1426707317073171,0.1637139303482587,0.2,0.38,0.04752294597478371","0,0,0"
22.233333333333334,37,AV,0,0,0,42,832.4581618945489,0.5,-22.233333333333334,"0.20768840579710143,0.16483830845771144,0.1853952380952381,0.5,0.42,0.043720457619506006","0,0,0"
20.333333333333332,182,AV,1,0,0,46,3225.188153267811,0.4,-20.333333333333332,"0.26128142076502725,0.19235491071428573,0.20980909090909092,0.4,0.46,0.16938593244009792","0,0,0"
19.333333333333332,251,AV,1,0,0,44,5557.427333357366,0.3,-19.333333333333332,"0.22802011494252875,0.17653333333333332,0.19235380116959064,0.3,0.44,0.2918744476582037","0,0,0"
29.016666666666666,252,AV,1,0,0,60,5611.673516276995,0.3,-29.016666666666666,"0.41884429824561403,0.286825,0.28922916666666665,0.3,0.6,0.29472344121718336","0,0,0"
27.683333333333334,96,AV,1,0,0,57,1530.0661682302475,0.3,-27.683333333333334,"0.39202604166666666,0.2697019089574156,0.27547959183673476,0.3,0.57,0.08035862476368438","0,0,0"
36.63333333333333,17,AV,1,0,0,100,586.8516376274475,0.1,-36.63333333333333,"0.5588497267759562,0.360453488372093,0.36448697916666667,0.1,1.0,0.03082127526197365","0,0,0"
46.43333333333333,104,AV,0,0,0,62,1579.1767070066765,0.4,-46.43333333333333,"0.43340952380952386,0.29637621359223304,0.296671875,0.4,0.62,0.08293789580399638","0,0,0"
21.85,294,AV,1,0,0,47,13430.196447392702,0.2,-21.85,"0.26117213114754095,0.19912577160493825,0.21427248677248673,0.2,0.47,0.7053499640913518","0,0,0"
17.016666666666666,1,AV,0,0,0,34,419.7646265090227,0.8,-17.016666666666666,"0.14625287356321837,0.12494369369369371,0.14915,0.8,0.34,0.022045914621929386","0,0,0"
44.85,169,AV,0,0,0,61,2927.9701715656583,0.6,-44.85,"0.42106572769953055,0.29050980392156867,0.2914871794871795,0.6,0.61,0.1537761315304756","0,0,0"
16.316666666666666,87,AV,1,0,0,39,1434.4967426379471,0.2,-16.316666666666666,"0.1920698924731183,0.1486539682539682,0.17043872549019604,0.2,0.39,0.07533934666348602","0,0,0"
18.75,213,AV,1,0,0,43,3971.0791127863904,0.2,-18.75,"0.21600512820512818,0.16956650641025642,0.18757213930348257,0.2,0.43,0.20855990607282407","0,0,0"
24.233333333333334,55,AV,1,0,0,51,979.573716991658,0.3,-24.233333333333334,"0.31684761904761904,0.2288325581395349,0.24008181818181815,0.3,0.51,0.051446923268128025","0,0,0"
12.983333333333333,225,AV,2,0,0,28,4459.768546990965,0.6,-12.983333333333333,"0.10792488262910796,0.09336178861788617,0.12315625,0.6,0.28,0.23422573130615026","0,0,0"
19.033333333333335,40,AV,1,0,0,43,859.2772315809713,0.2,-19.033333333333335,"0.21600512820512818,0.16956650641025642,0.18757213930348257,0.2,0.43,0.045128987264949426","0,0,0"
8.7,157,AV,1,0,0,22,2675.3892374750885,0.2,-8.7,"0.06999298245614036,0.08027131782945736,0.11532291666666664,0.2,0.22,0.14051065522200876","0,0,0"
25.25,33,AV,1,0,0,53,763.1985099142711,0.1,-25.25,"0.3366517412935323,0.2401082554517134,0.2518022598870056,0.1,0.53,0.04008296108484046","0,0,0"
16.883333333333333,206,AV,1,0,0,40,3824.993837156676,0.3,-16.883333333333333,"0.20095707070707072,0.15398543689320385,0.1756323529411765,0.3,0.4,0.20088755039855555","0,0,0"
28.133333333333333,75,AV,1,0,0,57,1249.5878531833848,0.5,-28.133333333333333,"0.39202604166666666,0.2697019089574156,0.27547959183673476,0.5,0.57,0.06562798621929328","0,0,0"
14.433333333333334,226,AV,1,0,0,36,4504.939201911708,0.1,-14.433333333333334,"0.15842786069651743,0.13171090047393366,0.15307258064516127,0.1,0.36,0.2365980808061097","0,0,0"
14.95,18,AV,1,0,0,37,591.6693204447811,0.2,-14.95,"0.1706111111111111,0.13720112179487182,0.15693915343915343,0.2,0.37,0.0310742985454022","0,0,0"
26.616666666666667,269,AV,1,0,0,55,6709.13861087917,0.4,-26.616666666666667,"0.35989999999999994,0.25405218068535823,0.26550595238095237,0.4,0.55,0.352361984934795","0,0,0"
