travel_time,id,kind,action,origin,destination,start_time,income,urgency,reward,observation,cost_table
12.533333333333333,122,AV,1,0,0,33,1832.3133019091129,0.1,-12.533333333333333,"0.13051136363636362,0.11552366863905325,0.14227304964539006,0.1,0.33,0.0962325552547376","0,0,0"
30.833333333333332,247,AV,1,0,0,61,5304.212874057136,0.8,-30.833333333333332,"0.3913037037037037,0.29401294498381875,0.2934494047619048,0.8,0.61,0.2785756987922106","0,0,0"
24.733333333333334,58,AV,2,0,0,52,1020.7360413649084,0.1,-24.733333333333334,"0.3032234042553192,0.2366808943089431,0.24528571428571425,0.1,0.52,0.053608756427629224","0,0,0"
31.033333333333335,260,AV,0,0,0,56,5985.732437913218,0.7,-31.033333333333335,"0.34659259259259256,0.26402614379084965,0.26496236559139785,0.7,0.56,0.31436890567316916","0,0,0"
25.966666666666665,160,AV,1,0,0,52,2756.9260540590044,0.9,-25.966666666666665,"0.3032234042553192,0.2366808943089431,0.24528571428571425,0.9,0.52,0.14479294482773922","0,0,0"
20.05,264,AV,2,0,0,45,6081.635477498837,0.3,-20.05,"0.23370720720720722,0.18837362637362637,0.20099186991869922,0.3,0.45,0.31940570508209365","0,0,0"
36.13333333333333,186,AV,2,0,0,78,3251.3322332141274,0.6,-36.13333333333333,"0.45964285714285713,0.33731150793650805,0.33631869369369377,0.6,0.78,0.17075901182308162","0,0,0"
11.233333333333333,142,AV,2,0,0,8,2361.523720441912,0.2,-11.233333333333333,"0.05283333333333332,0.07604166666666667,0.11408333333333333,0.2,0.08,0.12402653065718573","0,0,0"
34.71666666666667,141,AV,2,0,0,77,2360.1328348572283,0.1,-34.71666666666667,"0.4521964285714285,0.33456504065040654,0.3337566666666667,0.1,0.77,0.12395348175570059","0,0,0"
14.8,298,AV,1,0,0,35,17693.100214811147,0.1,-14.8,"0.1421470588235294,0.12691032608695652,0.1505436507936508,0.1,0.35,0.9292364151236616","0,0,0"
10.683333333333334,98,AV,1,0,0,28,1538.317647081207,0.1,-10.683333333333334,"0.10306802721088436,0.09445196078431371,0.12517073170731707,0.1,0.28,0.08079199000402343","0,0,0"
22.7,147,AV,1,0,0,47,2456.6540037696086,0.3,-22.7,"0.2577692307692308,0.20293220338983053,0.2141212121212121,0.3,0.47,0.12902274513491346","0,0,0"
29.85,125,AV,1,0,0,58,2011.9739719035176,0.3,-29.85,"0.3659411764705882,0.281252380952381,0.2816937984496124,0.3,0.58,0.10566828075775386","0,0,0"
27.033333333333335,99,AV,1,0,0,52,1541.4014724042315,0.1,-27.033333333333335,"0.3032234042553192,0.2366808943089431,0.24528571428571425,0.1,0.52,0.08095395160223084","0,0,0"
12.616666666666667,132,AV,2,0,0,29,2108.868816674547,0.4,-12.616666666666667,"0.11148198198198196,0.09906010928961749,0.13192916666666668,0.4,0.29,0.1107571694830674","0,0,0"
19.4,271,AV,1,0,0,43,7177.938863287724,0.3,-19.4,"0.20436792452830185,0.17203750000000004,0.1877163120567376,0.3,0.43,0.3769832361947931","0,0,0"
28.683333333333334,103,AV,1,0,0,56,1564.487892525026,0.1,-28.683333333333334,"0.34659259259259256,0.26402614379084965,0.26496236559139785,0.1,0.56,0.08216644359123385","0,0,0"
24.616666666666667,20,AV,1,0,0,50,597.1498506777683,0.1,-24.616666666666667,"0.27350724637681156,0.2233834355828221,0.23583006535947706,0.1,0.5,0.03136213437998447","0,0,0"
9.016666666666667,32,AV,1,0,0,25,761.8437659652793,0.2,-9.016666666666667,"0.07869597069597069,0.08509601449275361,0.1171535087719298,0.2,0.25,0.04001181033142316","0,0,0"
15.683333333333334,4,AV,1,0,0,37,457.16351791608827,0.2,-15.683333333333334,"0.16080555555555556,0.1376903409090909,0.16170634920634921,0.2,0.37,0.02401009338985435","0,0,0"
20.066666666666666,151,AV,1,0,0,44,2574.4307659940623,0.2,-20.066666666666666,"0.2186770833333333,0.17849101796407185,0.1912037037037037,0.2,0.44,0.13520834601805928","0,0,0"
7.816666666666666,144,AV,1,0,0,23,2417.357356239525,0.6,-7.816666666666666,"0.07567276422764228,0.08229761904761902,0.1166451612903226,0.6,0.23,0.12695889677403294","0,0,0"
30.933333333333334,234,AV,0,0,0,55,4662.282088415262,0.3,-30.933333333333334,"0.34028125,0.2589575371549894,0.2622363636363636,0.3,0.55,0.24486168288967095","0,0,0"
30.716666666666665,14,AV,1,0,0,60,567.550811201735,0.1,-30.716666666666665,"0.38481818181818184,0.2897454545454546,0.2902625786163522,0.1,0.6,0.0298076015395053","0,0,0"
30.266666666666666,22,AV,2,0,0,64,627.4062491148882,0.5,-30.266666666666666,"0.4000925925925926,0.3081111111111111,0.3058487394957983,0.5,0.64,0.03295119151959908","0,0,0"
14.866666666666667,57,AV,1,0,0,36,1005.9867386644172,0.2,-14.866666666666667,"0.14915714285714285,0.1320901639344262,0.15673015873015872,0.2,0.36,0.052834127391418545","0,0,0"
46.53333333333333,124,AV,0,0,0,68,1927.298426803608,0.1,-46.53333333333333,"0.4323979591836735,0.318135294117647,0.31467592592592586,0.1,0.68,0.10122114605428258","0,0,0"
11.7,162,AV,2,0,0,8,2780.081336731352,0.8,-11.7,"0.05283333333333332,0.07604166666666667,0.11408333333333333,0.8,0.08,0.14600905345767937","0,0,0"
16.983333333333334,42,AV,0,0,0,41,863.3540159882258,0.1,-16.983333333333334,"0.199297385620915,0.1634958847736626,0.18589361702127655,0.1,0.41,0.0453430987819722","0,0,0"
49.833333333333336,50,AV,0,0,0,86,914.1934345695068,0.1,-49.833333333333336,"0.4687207207207208,0.35232657657657657,0.348678970917226,0.1,0.86,0.048013170080720285","0,0,0"
27.65,91,AV,1,0,0,54,1474.807688008607,0.2,-27.65,"0.33189102564102557,0.2538641975308642,0.2574239130434782,0.2,0.54,0.07745646564838392","0,0,0"
33.45,137,AV,2,0,0,76,2239.194506681481,0.1,-33.45,"0.4526369047619048,0.33109126984126985,0.3294301801801801,0.1,0.76,0.11760183635943447","0,0,0"
35.28333333333333,217,AV,2,0,0,87,4164.701887555128,0.1,-35.28333333333333,"0.46531481481481485,0.35440625,0.3514039351851852,0.1,0.87,0.21872891720868953","0,0,0"
8.516666666666667,279,AV,0,0,0,25,8333.728817076937,0.1,-8.516666666666667,"0.07869597069597069,0.08509601449275361,0.1171535087719298,0.1,0.25,0.4376849843483456","0,0,0"
38.15,277,AV,0,0,0,59,7958.958807233507,0.2,-38.15,"0.3724517543859649,0.28447883597883594,0.2852326388888889,0.2,0.59,0.4180021737490339","0,0,0"
36.13333333333333,207,AV,0,0,0,58,3849.958431883558,0.1,-36.13333333333333,"0.3659411764705882,0.281252380952381,0.2816937984496124,0.1,0.58,0.20219868356500897","0,0,0"
13.7,120,AV,0,0,0,38,1823.811293294481,0.1,-13.7,"0.16961742424242426,0.1436803118908382,0.1686814814814815,0.1,0.38,0.09578603226495669","0,0,0"
33.11666666666667,200,AV,2,0,0,79,3520.054626539052,0.8,-33.11666666666667,"0.46040322580645154,0.34052777777777776,0.3389459770114943,0.8,0.79,0.18487223281912113","0,0,0"
18.566666666666666,203,AV,1,0,0,42,3667.3634505223554,0.4,-18.566666666666666,"0.2034642857142857,0.16715625,0.1856439393939394,0.4,0.42,0.19260884889275526","0,0,0"
11.516666666666667,291,AV,1,0,0,29,11861.36896338871,0.1,-11.516666666666667,"0.11148198198198196,0.09906010928961749,0.13192916666666668,0.1,0.29,0.622955606433049","0,0,0"
21.65,77,AV,2,0,0,47,1265.4739572733297,0.3,-21.65,"0.2577692307692308,0.20293220338983053,0.2141212121212121,0.3,0.47,0.0664623197298481","0,0,0"
48.166666666666664,44,AV,0,0,0,71,870.7377108213431,0.1,-48.166666666666664,"0.4503062015503876,0.3251315789473685,0.3216690307328606,0.1,0.71,0.045730888261135916","0,0,0"
34.166666666666664,71,AV,2,0,0,87,1167.011530479414,0.1,-34.166666666666664,"0.46531481481481485,0.35440625,0.3514039351851852,0.1,0.87,0.061291102058127545","0,0,0"
20.283333333333335,267,AV,0,0,0,46,6254.49597505133,0.2,-20.283333333333335,"0.24515277777777775,0.19652852049910874,0.2076396396396396,0.2,0.46,0.3284842875301661","0,0,0"
11.566666666666666,129,AV,2,0,0,15,2044.1603053436156,0.2,-11.566666666666666,"0.054270833333333324,0.07644444444444444,0.11513888888888892,0.2,0.15,0.10735869751562734","0,0,0"
25.683333333333334,135,AV,0,0,0,53,2147.781038516846,0.7,-25.683333333333334,"0.31718888888888885,0.24471470588235292,0.24691851851851848,0.7,0.53,0.1128008279199854","0,0,0"
27.416666666666668,128,AV,2,0,0,59,2035.9911412414244,0.4,-27.416666666666668,"0.3724517543859649,0.28447883597883594,0.2852326388888889,0.4,0.59,0.10692965542166336","0,0,0"
18.466666666666665,228,AV,1,0,0,41,4549.070920567666,0.7,-18.466666666666665,"0.199297385620915,0.1634958847736626,0.18589361702127655,0.7,0.41,0.2389158656792649","0,0,0"
12.566666666666666,78,AV,1,0,0,33,1282.6858023855964,0.1,-12.566666666666666,"0.13051136363636362,0.11552366863905325,0.14227304964539006,0.1,0.33,0.06736628076864885","0,0,0"
31.116666666666667,116,AV,1,0,0,61,1703.2333497257905,0.1,-31.116666666666667,"0.3913037037037037,0.29401294498381875,0.2934494047619048,0.1,0.61,0.08945331416217002","0,0,0"
14.333333333333334,249,AV,1,0,0,36,5386.149373461946,0.2,-14.333333333333334,"0.14915714285714285,0.1320901639344262,0.15673015873015872,0.2,0.36,0.28287897962204345","0,0,0"
33.28333333333333,45,AV,2,0,0,80,873.8892656114449,0.1,-33.28333333333333,"0.4572055555555555,0.3417718253968254,0.34019634703196344,0.1,0.8,0.045896406991017324","0,0,0"
48.21666666666667,112,AV,0,0,0,85,1635.9686818612918,0.1,-48.21666666666667,"0.4687731481481482,0.35000219298245616,0.34435247747747744,0.1,0.85,0.08592059360601972","0,0,0"
12.966666666666667,47,AV,1,0,0,33,892.1845339920479,0.1,-12.966666666666667,"0.13051136363636362,0.11552366863905325,0.14227304964539006,0.1,0.33,0.046857269100953565","0,0,0"
18.883333333333333,208,AV,2,0,0,43,3863.855435177377,0.3,-18.883333333333333,"0.20436792452830185,0.17203750000000004,0.1877163120567376,0.3,0.43,0.2029285500872649","0,0,0"
26.683333333333334,262,AV,1,0,0,52,6020.57275324985,0.1,-26.683333333333334,"0.3032234042553192,0.2366808943089431,0.24528571428571425,0.1,0.52,0.3161987087790199","0,0,0"
11.816666666666666,190,AV,1,0,0,30,3323.1633986738134,0.4,-11.816666666666666,"0.11623076923076925,0.10226685393258426,0.13448062015503875,0.4,0.3,0.17453156348873247","0,0,0"
32.083333333333336,101,AV,2,0,0,76,1552.9853059451273,0.4,-32.083333333333336,"0.4526369047619048,0.33109126984126985,0.3294301801801801,0.4,0.76,0.08156233112997016","0,0,0"
14.1,89,AV,1,0,0,35,1447.5744631551047,0.4,-14.1,"0.1421470588235294,0.12691032608695652,0.1505436507936508,0.4,0.35,0.07602618469547658","0,0,0"
32.75,179,AV,1,0,0,80,3065.2253709468137,0.4,-32.75,"0.4572055555555555,0.3417718253968254,0.34019634703196344,0.4,0.8,0.16098473419939963","0,0,0"
22.15,243,AV,0,0,0,50,5009.92015912814,0.8,-22.15,"0.27350724637681156,0.2233834355828221,0.23583006535947706,0.8,0.5,0.2631195320324301","0,0,0"
29.95,240,AV,2,0,0,65,4967.653125719208,0.2,-29.95,"0.4102173913043478,0.3113905228758169,0.3109300595238096,0.2,0.65,0.26089967987955814","0,0,0"
27.2,268,AV,1,0,0,53,6563.608435155774,0.6,-27.2,"0.31718888888888885,0.24471470588235292,0.24691851851851848,0.6,0.53,0.34471878294420655","0,0,0"
46.483333333333334,297,AV,0,0,0,68,15387.119225735782,0.7,-46.483333333333334,"0.4323979591836735,0.318135294117647,0.31467592592592586,0.7,0.68,0.8081269723682344","0,0,0"
15.016666666666667,59,AV,1,0,0,36,1022.032321197676,0.3,-15.016666666666667,"0.14915714285714285,0.1320901639344262,0.15673015873015872,0.3,0.36,0.053676836662871985","0,0,0"
27.316666666666666,145,AV,1,0,0,54,2421.0391237858234,0.7,-27.316666666666666,"0.33189102564102557,0.2538641975308642,0.2574239130434782,0.7,0.54,0.12715226212179587","0,0,0"
34.53333333333333,215,AV,1,0,0,87,4090.160813256426,0.1,-34.53333333333333,"0.46531481481481485,0.35440625,0.3514039351851852,0.1,0.87,0.21481404192850495","0,0,0"
22.833333333333332,118,AV,1,0,0,46,1799.695682844959,0.8,-22.833333333333332,"0.24515277777777775,0.19652852049910874,0.2076396396396396,0.8,0.46,0.09451948750284238","0,0,0"
18.633333333333333,193,AV,1,0,0,42,3387.2787239910285,0.4,-18.633333333333333,"0.2034642857142857,0.16715625,0.1856439393939394,0.4,0.42,0.17789888150134298","0,0,0"
19.666666666666668,28,AV,1,0,0,43,679.8949342204361,0.2,-19.666666666666668,"0.20436792452830185,0.17203750000000004,0.1877163120567376,0.2,0.43,0.03570788181072196","0,0,0"
32.06666666666667,159,AV,1,0,0,67,2744.8905386527767,0.1,-32.06666666666667,"0.42258169934640527,0.3142304964539007,0.31104492753623186,0.1,0.67,0.14416084310139018","0,0,0"
41.38333333333333,293,AV,0,0,0,61,13351.937436366714,0.2,-41.38333333333333,"0.3913037037037037,0.29401294498381875,0.2934494047619048,0.2,0.61,0.7012398238686656","0,0,0"
17.216666666666665,105,AV,2,0,0,37,1587.6148581174584,0.6,-17.216666666666665,"0.16080555555555556,0.1376903409090909,0.16170634920634921,0.6,0.37,0.08338106501647227","0,0,0"
33.6,24,AV,2,0,0,82,646.5589615252754,0.4,-33.6,"0.4678981481481481,0.3473518518518518,0.34248717948717944,0.4,0.82,0.03395708633758153","0,0,0"
18.566666666666666,187,AV,0,0,0,44,3257.969850357721,0.9,-18.566666666666666,"0.2186770833333333,0.17849101796407185,0.1912037037037037,0.9,0.44,0.17110761752160772","0,0,0"
27.0,26,AV,1,0,0,52,670.158540600369,0.1,-27.0,"0.3032234042553192,0.2366808943089431,0.24528571428571425,0.1,0.52,0.03519652928381035","0,0,0"
6.733333333333333,154,AV,0,0,0,20,2645.062412614309,0.2,-6.733333333333333,"0.06488364779874214,0.07889130434782608,0.11449999999999998,0.2,0.2,0.13891789930735432","0,0,0"
29.35,197,AV,0,0,0,54,3438.9188747307694,0.6,-29.35,"0.33189102564102557,0.2538641975308642,0.2574239130434782,0.6,0.54,0.18061100701734908","0,0,0"
17.2,199,AV,2,0,0,40,3508.846318545673,0.1,-17.2,"0.19310869565217392,0.15600000000000003,0.17710666666666663,0.1,0.4,0.18428357578259733","0,0,0"
12.1,172,AV,1,0,0,32,2965.4163440895786,0.7,-12.1,"0.12417117117117117,0.10805711610486891,0.13792592592592595,0.7,0.32,0.15574279348874007","0,0,0"
28.35,284,AV,1,0,0,55,8987.822610831106,0.4,-28.35,"0.34028125,0.2589575371549894,0.2622363636363636,0.4,0.55,0.472037797856628","0,0,0"
16.216666666666665,239,AV,1,0,0,38,4934.883137056144,0.1,-16.216666666666665,"0.16961742424242426,0.1436803118908382,0.1686814814814815,0.1,0.38,0.2591786097211798","0,0,0"
31.666666666666668,166,AV,2,0,0,67,2857.6088215719105,0.1,-31.666666666666668,"0.42258169934640527,0.3142304964539007,0.31104492753623186,0.1,0.67,0.1500807741404395","0,0,0"
32.18333333333333,97,AV,2,0,0,76,1530.6528609905624,0.7,-32.18333333333333,"0.4526369047619048,0.33109126984126985,0.3294301801801801,0.7,0.76,0.08038943769475668","0,0,0"
7.5,290,AV,1,0,0,20,11515.391842589095,0.3,-7.5,"0.06488364779874214,0.07889130434782608,0.11449999999999998,0.3,0.2,0.6047849898908156","0,0,0"
36.96666666666667,275,AV,2,0,0,86,7864.29237148983,0.1,-36.96666666666667,"0.4687207207207208,0.35232657657657657,0.348678970917226,0.1,0.86,0.41303032040988025","0,0,0"
22.183333333333334,2,AV,0,0,0,47,437.8567856598078,0.1,-22.183333333333334,"0.2577692307692308,0.20293220338983053,0.2141212121212121,0.1,0.47,0.022996109494903022","0,0,0"
21.866666666666667,25,AV,1,0,0,46,649.7132696839626,0.2,-21.866666666666667,"0.24515277777777775,0.19652852049910874,0.2076396396396396,0.2,0.46,0.034122749673570554","0,0,0"
20.216666666666665,108,AV,1,0,0,44,1592.6375082496468,0.4,-20.216666666666665,"0.2186770833333333,0.17849101796407185,0.1912037037037037,0.4,0.44,0.08364485312294262","0,0,0"
22.85,73,AV,1,0,0,47,1239.4416864014672,0.4,-22.85,"0.2577692307692308,0.20293220338983053,0.2141212121212121,0.4,0.47,0.06509511252654251","0,0,0"
10.233333333333333,241,AV,1,0,0,26,4968.170350229253,0.1,-10.233333333333333,"0.09424122807017543,0.08983215130023639,0.11967829457364339,0.1,0.26,0.260926844358575","0,0,0"
10.266666666666667,222,AV,1,0,0,25,4376.119511966378,0.2,-10.266666666666667,"0.07869597069597069,0.08509601449275361,0.1171535087719298,0.2,0.25,0.22983250860967044","0,0,0"
31.916666666666668,29,AV,2,0,0,67,742.4887258523852,0.1,-31.916666666666668,"0.42258169934640527,0.3142304964539007,0.31104492753623186,0.1,0.67,0.03899528932206243","0,0,0"
27.633333333333333,255,AV,0,0,0,53,5825.994272151124,0.9,-27.633333333333333,"0.31718888888888885,0.24471470588235292,0.24691851851851848,0.9,0.53,0.3059795042280261","0,0,0"
23.833333333333332,109,AV,1,0,0,49,1596.1763216794554,0.5,-23.833333333333332,"0.26651360544217684,0.21616361788617888,0.22451418439716314,0.5,0.49,0.0838307105625876","0,0,0"
33.38333333333333,184,AV,2,0,0,70,3236.647802754315,0.1,-33.38333333333333,"0.4455753968253968,0.32298577235772363,0.3192941176470588,0.1,0.7,0.16998778985785554","0,0,0"
16.866666666666667,272,AV,1,0,0,39,7572.106998522375,0.3,-16.866666666666667,"0.1798605442176871,0.1504777777777778,0.17247463768115942,0.3,0.39,0.3976848306296006","0,0,0"
15.2,287,AV,0,0,0,39,9280.176126726552,0.4,-15.2,"0.1798605442176871,0.1504777777777778,0.17247463768115942,0.4,0.39,0.48739211845399105","0,0,0"
29.9,258,AV,2,0,0,63,5911.733280178027,0.4,-29.9,"0.3978682170542635,0.30413804713804715,0.3030353107344632,0.4,0.63,0.3104824916913811","0,0,0"
11.7,119,AV,1,0,0,31,1822.2981036688468,0.1,-11.7,"0.11905833333333334,0.1058503787878788,0.1371969696969697,0.1,0.31,0.09570655999124235","0,0,0"
44.95,100,AV,0,0,0,64,1546.5147326922538,0.3,-44.95,"0.4000925925925926,0.3081111111111111,0.3058487394957983,0.3,0.64,0.08122249852741349","0,0,0"
31.033333333333335,52,AV,2,0,0,67,959.5289757906356,0.2,-31.033333333333335,"0.42258169934640527,0.3142304964539007,0.31104492753623186,0.2,0.67,0.05039417936063988","0,0,0"
24.233333333333334,80,AV,1,0,0,49,1294.2551843223837,0.1,-24.233333333333334,"0.26651360544217684,0.21616361788617888,0.22451418439716314,0.1,0.49,0.06797390130239438","0,0,0"
33.55,140,AV,2,0,0,78,2347.541384251396,0.2,-33.55,"0.45964285714285713,0.33731150793650805,0.33631869369369377,0.2,0.78,0.12329218247631395","0,0,0"
31.8,253,AV,1,0,0,62,5670.319740923212,0.3,-31.8,"0.3939756944444445,0.2998888888888889,0.2988347701149425,0.3,0.62,0.29780352367244284","0,0,0"
20.033333333333335,283,AV,1,0,0,43,8975.220492497892,0.4,-20.033333333333335,"0.20436792452830185,0.17203750000000004,0.1877163120567376,0.4,0.43,0.47137593831133945","0,0,0"
12.833333333333334,127,AV,1,0,0,33,2030.86588445069,0.9,-12.833333333333334,"0.13051136363636362,0.11552366863905325,0.14227304964539006,0.9,0.33,0.10666047844368956","0,0,0"
33.8,149,AV,1,0,0,87,2472.005569054355,0.5,-33.8,"0.46531481481481485,0.35440625,0.3514039351851852,0.5,0.87,0.12982900482476664","0,0,0"
31.433333333333334,41,AV,2,0,0,63,861.805442805673,0.8,-31.433333333333334,"0.3978682170542635,0.30413804713804715,0.3030353107344632,0.8,0.63,0.04526176817426404","0,0,0"
6.633333333333334,130,AV,0,0,0,18,2052.607856914241,0.1,-6.633333333333334,"0.05775675675675676,0.07804901960784313,0.11546969696969697,0.1,0.18,0.10780236043748707","0,0,0"
32.53333333333333,285,AV,1,0,0,72,9030.678864893336,0.6,-32.53333333333333,"0.45226881720430107,0.32892073170731706,0.32767233560090697,0.6,0.72,0.47428859570476767","0,0,0"
9.383333333333333,178,AV,1,0,0,25,3046.5766145774583,0.1,-9.383333333333333,"0.07869597069597069,0.08509601449275361,0.1171535087719298,0.1,0.25,0.16000530700434717","0,0,0"
29.016666666666666,227,AV,1,0,0,56,4547.885280126284,0.7,-29.016666666666666,"0.34659259259259256,0.26402614379084965,0.26496236559139785,0.7,0.56,0.2388535961922898","0,0,0"
29.083333333333332,237,AV,1,0,0,56,4843.3187157075145,0.2,-29.083333333333332,"0.34659259259259256,0.26402614379084965,0.26496236559139785,0.2,0.56,0.2543696732649421","0,0,0"
28.6,280,AV,1,0,0,56,8348.421721831439,0.2,-28.6,"0.34659259259259256,0.26402614379084965,0.26496236559139785,0.2,0.56,0.43845665138103423","0,0,0"
13.4,106,AV,1,0,0,33,1588.8002265047048,0.2,-13.4,"0.13051136363636362,0.11552366863905325,0.14227304964539006,0.2,0.33,0.08344332021524425","0,0,0"
27.75,181,AV,1,0,0,54,3169.820795106812,0.1,-27.75,"0.33189102564102557,0.2538641975308642,0.2574239130434782,0.1,0.54,0.16647805508747177","0,0,0"
32.75,218,AV,2,0,0,68,4196.147454418583,0.1,-32.75,"0.4323979591836735,0.318135294117647,0.31467592592592586,0.1,0.68,0.22038042912401049","0,0,0"
18.766666666666666,121,AV,1,0,0,42,1830.3424648913517,0.1,-18.766666666666666,"0.2034642857142857,0.16715625,0.1856439393939394,0.1,0.42,0.0961290474747023","0,0,0"
23.583333333333332,192,AV,2,0,0,48,3362.377553451843,0.7,-23.583333333333332,"0.2665416666666667,0.2105718390804598,0.21947619047619046,0.7,0.48,0.17659107935455778","0,0,0"
9.633333333333333,133,AV,1,0,0,25,2123.4400354784907,0.1,-9.633333333333333,"0.07869597069597069,0.08509601449275361,0.1171535087719298,0.1,0.25,0.11152244560545237","0,0,0"
21.35,82,AV,1,0,0,45,1348.5865378412918,0.1,-21.35,"0.23370720720720722,0.18837362637362637,0.20099186991869922,0.1,0.45,0.07082736799617727","0,0,0"
26.05,171,AV,2,0,0,53,2964.6777926145683,0.3,-26.05,"0.31718888888888885,0.24471470588235292,0.24691851851851848,0.3,0.53,0.15570400498267326","0,0,0"
31.4,221,AV,2,0,0,57,4343.557359248321,0.7,-31.4,"0.3554270833333333,0.27463267543859643,0.27555921052631577,0.7,0.57,0.22812235393394506","0,0,0"
24.766666666666666,92,AV,1,0,0,50,1475.2077210572677,0.3,-24.766666666666666,"0.27350724637681156,0.2233834355828221,0.23583006535947706,0.3,0.5,0.07747747526634545","0,0,0"
31.8,31,AV,2,0,0,68,743.7818724069466,0.6,-31.8,"0.4323979591836735,0.318135294117647,0.31467592592592586,0.6,0.68,0.039063204998456114","0,0,0"
25.633333333333333,161,AV,0,0,0,52,2761.3662775036096,0.6,-25.633333333333333,"0.3032234042553192,0.2366808943089431,0.24528571428571425,0.6,0.52,0.14502614405602138","0,0,0"
21.816666666666666,164,AV,1,0,0,46,2835.850686157305,0.9,-21.816666666666666,"0.24515277777777775,0.19652852049910874,0.2076396396396396,0.9,0.46,0.14893804327321036","0,0,0"
11.1,8,AV,1,0,0,27,497.26542980048754,0.8,-11.1,"0.0980215053763441,0.09217864923747275,0.12330740740740741,0.8,0.27,0.026116233997585142","0,0,0"
16.033333333333335,167,AV,2,0,0,39,2891.134206742707,0.8,-16.033333333333335,"0.1798605442176871,0.1504777777777778,0.17247463768115942,0.8,0.39,0.1518415175010447","0,0,0"
13.983333333333333,180,AV,1,0,0,35,3119.7161673652217,0.3,-13.983333333333333,"0.1421470588235294,0.12691032608695652,0.1505436507936508,0.3,0.35,0.1638465747873305","0,0,0"
17.283333333333335,261,AV,1,0,0,40,6007.794801579103,0.1,-17.283333333333335,"0.19310869565217392,0.15600000000000003,0.17710666666666663,0.1,0.4,0.31552761451860256","0,0,0"
26.083333333333332,176,AV,2,0,0,51,3031.4508351358254,0.2,-26.083333333333332,"0.2896701388888889,0.23191304347826086,0.2403986928104575,0.2,0.51,0.15921090552051181","0,0,0"
29.15,74,AV,1,0,0,56,1240.6560786390864,0.5,-29.15,"0.34659259259259256,0.26402614379084965,0.26496236559139785,0.5,0.56,0.06515889204939258","0,0,0"
30.3,256,AV,2,0,0,64,5844.130995646287,0.2,-30.3,"0.4000925925925926,0.3081111111111111,0.3058487394957983,0.2,0.64,0.30693203960724846","0,0,0"
15.883333333333333,170,AV,1,0,0,37,2942.323800284961,0.1,-15.883333333333333,"0.16080555555555556,0.1376903409090909,0.16170634920634921,0.1,0.37,0.15452997988566525","0,0,0"
33.233333333333334,183,AV,2,0,0,71,3227.056348793521,0.1,-33.233333333333334,"0.4503062015503876,0.3251315789473685,0.3216690307328606,0.1,0.71,0.1694840495191844","0,0,0"
24.133333333333333,250,AV,1,0,0,50,5480.041794665195,0.4,-24.133333333333333,"0.27350724637681156,0.2233834355828221,0.23583006535947706,0.4,0.5,0.2878101819453735","0,0,0"
20.466666666666665,62,AV,1,0,0,44,1046.6558973464134,0.4,-20.466666666666665,"0.2186770833333333,0.17849101796407185,0.1912037037037037,0.4,0.44,0.054970059633983805","0,0,0"
18.583333333333332,281,AV,0,0,0,45,8436.938288223368,0.5,-18.583333333333332,"0.23370720720720722,0.18837362637362637,0.20099186991869922,0.5,0.45,0.4431055153921156","0,0,0"
22.183333333333334,266,AV,1,0,0,46,6248.181898567973,0.4,-22.183333333333334,"0.24515277777777775,0.19652852049910874,0.2076396396396396,0.4,0.46,0.3281526740918779","0,0,0"
8.783333333333333,69,AV,1,0,0,21,1141.5133047894662,0.2,-8.783333333333333,"0.06903233830845772,0.07928125000000001,0.1141759259259259,0.2,0.21,0.059951942750574055","0,0,0"
28.183333333333334,70,AV,1,0,0,54,1150.2916000513435,0.9,-28.183333333333334,"0.33189102564102557,0.2538641975308642,0.2574239130434782,0.9,0.54,0.0604129762337403","0,0,0"
31.05,35,AV,1,0,0,61,777.0630287344238,0.1,-31.05,"0.3913037037037037,0.29401294498381875,0.2934494047619048,0.1,0.61,0.04081112153210161","0,0,0"
32.13333333333333,220,AV,1,0,0,63,4304.4895651906745,0.3,-32.13333333333333,"0.3978682170542635,0.30413804713804715,0.3030353107344632,0.3,0.63,0.22607052489007143","0,0,0"
44.78333333333333,134,AV,0,0,0,66,2131.3254046090938,0.1,-44.78333333333333,"0.4135381944444444,0.3118416666666667,0.3109627976190476,0.1,0.66,0.11193658287104669","0,0,0"
15.7,7,AV,1,0,0,37,491.8679742725259,0.3,-15.7,"0.16080555555555556,0.1376903409090909,0.16170634920634921,0.3,0.37,0.025832761222056865","0,0,0"
16.633333333333333,94,AV,1,0,0,38,1496.328062426438,0.4,-16.633333333333333,"0.16961742424242426,0.1436803118908382,0.1686814814814815,0.4,0.38,0.07858670937805001","0,0,0"
26.116666666666667,254,AV,2,0,0,53,5721.231751015957,0.6,-26.116666666666667,"0.31718888888888885,0.24471470588235292,0.24691851851851848,0.6,0.53,0.30047740745600493","0,0,0"
32.65,19,AV,0,0,0,56,595.9176043698985,0.1,-32.65,"0.34659259259259256,0.26402614379084965,0.26496236559139785,0.1,0.56,0.03129741716662037","0,0,0"
33.15,276,AV,2,0,0,72,7897.119961473183,0.5,-33.15,"0.45226881720430107,0.32892073170731706,0.32767233560090697,0.5,0.72,0.4147544157726446","0,0,0"
14.816666666666666,67,AV,2,0,0,36,1122.7546975855585,0.4,-14.816666666666666,"0.14915714285714285,0.1320901639344262,0.15673015873015872,0.4,0.36,0.05896674622202671","0,0,0"
29.2,295,AV,2,0,0,62,13460.811009378149,0.3,-29.2,"0.3939756944444445,0.2998888888888889,0.2988347701149425,0.3,0.62,0.7069578318750951","0,0,0"
29.45,152,AV,1,0,0,57,2612.3907844155665,0.1,-29.45,"0.3554270833333333,0.27463267543859643,0.27555921052631577,0.1,0.57,0.13720199501160868","0,0,0"
50.1,9,AV,0,0,0,85,506.5869000089976,0.7,-50.1,"0.4687731481481482,0.35000219298245616,0.34435247747747744,0.7,0.85,0.02660579486905904","0,0,0"
17.483333333333334,219,AV,1,0,0,40,4227.85786318916,0.7,-17.483333333333334,"0.19310869565217392,0.15600000000000003,0.17710666666666663,0.7,0.4,0.22204585045833433","0,0,0"
17.083333333333332,30,AV,2,0,0,36,743.7553910389753,0.8,-17.083333333333332,"0.14915714285714285,0.1320901639344262,0.15673015873015872,0.8,0.36,0.03906181420480535","0,0,0"
30.216666666666665,292,AV,1,0,0,58,12197.400506638176,0.1,-30.216666666666665,"0.3659411764705882,0.281252380952381,0.2816937984496124,0.1,0.58,0.6406038841699384","0,0,0"
21.183333333333334,163,AV,1,0,0,45,2797.307504072895,0.1,-21.183333333333334,"0.23370720720720722,0.18837362637362637,0.20099186991869922,0.1,0.45,0.1469137666957458","0,0,0"
12.3,296,AV,1,0,0,32,14312.770160915026,0.7,-12.3,"0.12417117117117117,0.10805711610486891,0.13792592592592595,0.7,0.32,0.7517024757302859","0,0,0"
9.033333333333333,39,AV,1,0,0,23,857.6590975250949,0.7,-9.033333333333333,"0.07567276422764228,0.08229761904761902,0.1166451612903226,0.7,0.23,0.04504400334065031","0,0,0"
5.083333333333333,185,AV,0,0,0,16,3245.380745418587,0.1,-5.083333333333333,"0.05630107526881721,0.07713888888888888,0.11537037037037036,0.1,0.16,0.1704464414359456","0,0,0"
13.283333333333333,38,AV,1,0,0,33,837.3801312568858,0.1,-13.283333333333333,"0.13051136363636362,0.11552366863905325,0.14227304964539006,0.1,0.33,0.04397895800158024","0,0,0"
8.666666666666666,150,AV,0,0,0,18,2533.2754137277425,0.4,-8.666666666666666,"0.05775675675675676,0.07804901960784313,0.11546969696969697,0.4,0.18,0.13304687903156176","0,0,0"
18.45,53,AV,1,0,0,40,969.457736312404,0.4,-18.45,"0.19310869565217392,0.15600000000000003,0.17710666666666663,0.4,0.4,0.050915634940603534","0,0,0"
10.233333333333333,177,AV,0,0,0,30,3032.1279287666234,0.4,-10.233333333333333,"0.11623076923076925,0.10226685393258426,0.13448062015503875,0.4,0.3,0.15924646627869138","0,0,0"
13.766666666666667,43,AV,1,0,0,33,863.5619359671642,0.3,-13.766666666666667,"0.13051136363636362,0.11552366863905325,0.14227304964539006,0.3,0.33,0.04535401867806252","0,0,0"
32.06666666666667,11,AV,1,0,0,64,539.5213747330826,0.2,-32.06666666666667,"0.4000925925925926,0.3081111111111111,0.3058487394957983,0.2,0.64,0.028335503786943907","0,0,0"
38.15,76,AV,0,0,0,58,1261.43865123121,0.1,-38.15,"0.3659411764705882,0.281252380952381,0.2816937984496124,0.1,0.58,0.06625038664435261","0,0,0"
29.733333333333334,54,AV,1,0,0,57,978.4447105201264,0.6,-29.733333333333334,"0.3554270833333333,0.27463267543859643,0.27555921052631577,0.6,0.57,0.051387628180578626","0,0,0"
32.63333333333333,242,AV,1,0,0,77,5004.1281918097375,0.1,-32.63333333333333,"0.4521964285714285,0.33456504065040654,0.3337566666666667,0.1,0.77,0.2628153396137967","0,0,0"
30.3,143,AV,1,0,0,59,2398.572127464108,0.3,-30.3,"0.3724517543859649,0.28447883597883594,0.2852326388888889,0.3,0.59,0.12597230208838628","0,0,0"
21.683333333333334,123,AV,1,0,0,45,1848.7234685638712,0.1,-21.683333333333334,"0.23370720720720722,0.18837362637362637,0.20099186991869922,0.1,0.45,0.09709441237693286","0,0,0"
15.2,148,AV,2,0,0,36,2458.2611968747465,0.5,-15.2,"0.14915714285714285,0.1320901639344262,0.15673015873015872,0.5,0.36,0.12910715444370038","0,0,0"
20.083333333333332,229,AV,2,0,0,40,4549.115907877681,0.8,-20.083333333333332,"0.19310869565217392,0.15600000000000003,0.17710666666666663,0.8,0.4,0.2389182283995444","0,0,0"
26.166666666666668,273,AV,2,0,0,54,7612.519032757181,0.4,-26.166666666666668,"0.33189102564102557,0.2538641975308642,0.2574239130434782,0.4,0.54,0.39980725877188683","0,0,0"
32.56666666666667,158,AV,2,0,0,71,2744.255474143275,0.3,-32.56666666666667,"0.4503062015503876,0.3251315789473685,0.3216690307328606,0.3,0.71,0.14412748970028938","0,0,0"
17.216666666666665,90,AV,1,0,0,39,1454.957177165027,0.1,-17.216666666666665,"0.1798605442176871,0.1504777777777778,0.17247463768115942,0.1,0.39,0.0764139226620948","0,0,0"
23.166666666666668,232,AV,1,0,0,48,4635.813442599864,0.1,-23.166666666666668,"0.2665416666666667,0.2105718390804598,0.21947619047619046,0.1,0.48,0.24347155740278267","0,0,0"
24.1,138,AV,1,0,0,49,2239.257430619588,0.2,-24.1,"0.26651360544217684,0.21616361788617888,0.22451418439716314,0.2,0.49,0.1176051411061415","0,0,0"
34.61666666666667,111,AV,2,0,0,77,1626.914224999384,0.2,-34.61666666666667,"0.4521964285714285,0.33456504065040654,0.3337566666666667,0.2,0.77,0.08544505619691108","0,0,0"
32.666666666666664,95,AV,0,0,0,56,1507.5005543882637,0.1,-32.666666666666664,"0.34659259259259256,0.26402614379084965,0.26496236559139785,0.1,0.56,0.07917348536713947","0,0,0"
11.1,93,AV,1,0,0,28,1485.5718097438446,0.2,-11.1,"0.10306802721088436,0.09445196078431371,0.12517073170731707,0.2,0.28,0.07802179415338123","0,0,0"
10.183333333333334,257,AV,1,0,0,25,5862.8833826120845,0.3,-10.183333333333334,"0.07869597069597069,0.08509601449275361,0.1171535087719298,0.3,0.25,0.30791690945072125","0,0,0"
13.6,88,AV,2,0,0,32,1446.9812594843625,0.1,-13.6,"0.12417117117117117,0.10805711610486891,0.13792592592592595,0.1,0.32,0.0759950298133052","0,0,0"
33.15,223,AV,2,0,0,64,4381.240268036911,0.9,-33.15,"0.4000925925925926,0.3081111111111111,0.3058487394957983,0.9,0.64,0.23010144921114412","0,0,0"
31.433333333333334,36,AV,2,0,0,66,802.5586880039084,0.1,-31.433333333333334,"0.4135381944444444,0.3118416666666667,0.3109627976190476,0.1,0.66,0.042150146052007835","0,0,0"
24.933333333333334,174,AV,1,0,0,50,3001.8426729260827,0.4,-24.933333333333334,"0.27350724637681156,0.2233834355828221,0.23583006535947706,0.4,0.5,0.1576558935567436","0,0,0"
20.566666666666666,173,AV,0,0,0,46,2966.188350320237,0.6,-20.566666666666666,"0.24515277777777775,0.19652852049910874,0.2076396396396396,0.6,0.46,0.15578333902872574","0,0,0"
19.75,195,AV,2,0,0,44,3398.605365942332,0.1,-19.75,"0.2186770833333333,0.17849101796407185,0.1912037037037037,0.1,0.44,0.17849375340250406","0,0,0"
41.63333333333333,278,AV,0,0,0,61,8326.33528790118,0.2,-41.63333333333333,"0.3913037037037037,0.29401294498381875,0.2934494047619048,0.2,0.61,0.43729667837240127","0,0,0"
15.366666666666667,245,AV,2,0,0,33,5064.807770076448,0.1,-15.366666666666667,"0.13051136363636362,0.11552366863905325,0.14227304964539006,0.1,0.33,0.2660022132026646","0,0,0"
32.766666666666666,16,AV,2,0,0,70,583.3206434887895,0.1,-32.766666666666666,"0.4455753968253968,0.32298577235772363,0.3192941176470588,0.1,0.7,0.030635828489198207","0,0,0"
31.0,244,AV,2,0,0,66,5051.78348307234,0.4,-31.0,"0.4135381944444444,0.3118416666666667,0.3109627976190476,0.4,0.66,0.26531818148305064","0,0,0"
51.46666666666667,214,AV,0,0,0,86,4015.909421979459,0.1,-51.46666666666667,"0.4687207207207208,0.35232657657657657,0.348678970917226,0.1,0.86,0.21091438071535054","0,0,0"
16.433333333333334,10,AV,1,0,0,38,513.3463032142733,0.2,-16.433333333333334,"0.16961742424242426,0.1436803118908382,0.1686814814814815,0.2,0.38,0.026960796735695607","0,0,0"
20.616666666666667,146,AV,1,0,0,44,2421.832203454489,0.4,-20.616666666666667,"0.2186770833333333,0.17849101796407185,0.1912037037037037,0.4,0.44,0.12719391443254247","0,0,0"
33.63333333333333,274,AV,2,0,0,76,7658.5640246764915,0.3,-33.63333333333333,"0.4526369047619048,0.33109126984126985,0.3294301801801801,0.3,0.76,0.4022255281936403","0,0,0"
33.18333333333333,236,AV,2,0,0,71,4754.245589533712,0.1,-33.18333333333333,"0.4503062015503876,0.3251315789473685,0.3216690307328606,0.1,0.71,0.24969157889794616","0,0,0"
32.083333333333336,113,AV,2,0,0,68,1639.6236094811811,0.1,-32.083333333333336,"0.4323979591836735,0.318135294117647,0.31467592592592586,0.1,0.68,0.08611254932874826","0,0,0"
15.066666666666666,0,AV,1,0,0,35,388.2787303527966,0.3,-15.066666666666666,"0.1421470588235294,0.12691032608695652,0.1505436507936508,0.3,0.35,0.02039228462402346","0,0,0"
11.55,136,AV,1,0,0,26,2164.09247058771,0.2,-11.55,"0.09424122807017543,0.08983215130023639,0.11967829457364339,0.2,0.26,0.11365749953089815","0,0,0"
30.933333333333334,27,AV,1,0,0,60,676.2529471816457,0.8,-30.933333333333334,"0.38481818181818184,0.2897454545454546,0.2902625786163522,0.8,0.6,0.03551660572350354","0,0,0"
27.05,191,AV,1,0,0,52,3352.9358316496982,0.4,-27.05,"0.3032234042553192,0.2366808943089431,0.24528571428571425,0.4,0.52,0.17609520290478356","0,0,0"
33.25,211,AV,1,0,0,83,3942.222625638348,0.1,-33.25,"0.46869369369369374,0.3484375,0.34359207459207464,0.1,0.83,0.20704437186203256","0,0,0"
10.233333333333333,248,AV,0,0,0,28,5307.329693361759,0.4,-10.233333333333333,"0.10306802721088436,0.09445196078431371,0.12517073170731707,0.4,0.28,0.2787393932246195","0,0,0"
17.65,6,AV,1,0,0,41,477.1303205766694,0.1,-17.65,"0.199297385620915,0.1634958847736626,0.18589361702127655,0.1,0.41,0.025058743988140585","0,0,0"
22.733333333333334,210,AV,1,0,0,47,3941.04555698938,0.6,-22.733333333333334,"0.2577692307692308,0.20293220338983053,0.2141212121212121,0.6,0.47,0.20698255256307185","0,0,0"
13.916666666666666,139,AV,1,0,0,34,2344.9936519099742,0.2,-13.916666666666666,"0.1419305555555556,0.12498603351955306,0.14951111111111112,0.2,0.34,0.12315837632369546","0,0,0"
32.016666666666666,299,AV,2,0,0,75,19040.472291926453,0.3,-32.016666666666666,"0.44590476190476186,0.32985882352941176,0.3293185941043083,0.3,0.75,1.0","0,0,0"
35.266666666666666,3,AV,2,0,0,76,449.0833195935783,0.8,-35.266666666666666,"0.4526369047619048,0.33109126984126985,0.3294301801801801,0.8,0.76,0.02358572375245118","0,0,0"
20.533333333333335,48,AV,1,0,0,44,898.3728471886773,0.3,-20.533333333333335,"0.2186770833333333,0.17849101796407185,0.1912037037037037,0.3,0.44,0.047182277488442635","0,0,0"
15.633333333333333,188,AV,1,0,0,35,3274.575105225111,0.1,-15.633333333333333,"0.1421470588235294,0.12691032608695652,0.1505436507936508,0.1,0.35,0.17197972061930406","0,0,0"
12.366666666666667,189,AV,1,0,0,32,3301.717979419838,0.4,-12.366666666666667,"0.12417117117117117,0.10805711610486891,0.13792592592592595,0.4,0.32,0.1734052563822082","0,0,0"
31.65,60,AV,2,0,0,70,1025.7249596144625,0.1,-31.65,"0.4455753968253968,0.32298577235772363,0.3192941176470588,0.1,0.7,0.05387077294555297","0,0,0"
31.733333333333334,86,AV,1,0,0,61,1411.5824788559885,0.6,-31.733333333333334,"0.3913037037037037,0.29401294498381875,0.2934494047619048,0.6,0.61,0.07413589627472256","0,0,0"
34.45,64,AV,0,0,0,57,1074.3823512953045,0.6,-34.45,"0.3554270833333333,0.27463267543859643,0.27555921052631577,0.6,0.57,0.05642624483379356","0,0,0"
23.85,289,AV,0,0,0,50,10838.007207066395,0.6,-23.85,"0.27350724637681156,0.2233834355828221,0.23583006535947706,0.6,0.5,0.5692089482287648","0,0,0"
24.7,175,AV,1,0,0,49,3024.224513765153,0.2,-24.7,"0.26651360544217684,0.21616361788617888,0.22451418439716314,0.2,0.49,0.1588313812492711","0,0,0"
29.3,66,AV,0,0,0,53,1097.8259349569896,0.2,-29.3,"0.31718888888888885,0.24471470588235292,0.24691851851851848,0.2,0.53,0.05765749494682913","0,0,0"
15.266666666666667,155,AV,0,0,0,39,2648.588416164911,0.4,-15.266666666666667,"0.1798605442176871,0.1504777777777778,0.17247463768115942,0.4,0.39,0.1391030839759141","0,0,0"
23.433333333333334,83,AV,1,0,0,48,1373.5659577718477,0.3,-23.433333333333334,"0.2665416666666667,0.2105718390804598,0.21947619047619046,0.3,0.48,0.07213927977796368","0,0,0"
7.616666666666666,201,AV,1,0,0,22,3608.770587345788,0.6,-7.616666666666666,"0.0718675799086758,0.08001904761904761,0.11649242424242423,0.6,0.22,0.18953156896617424","0,0,0"
33.15,212,AV,1,0,0,79,3958.913906791885,0.4,-33.15,"0.46040322580645154,0.34052777777777776,0.3389459770114943,0.4,0.79,0.20792099303495454","0,0,0"
25.666666666666668,259,AV,1,0,0,50,5913.041300376779,0.1,-25.666666666666668,"0.27350724637681156,0.2233834355828221,0.23583006535947706,0.1,0.5,0.31055118852718944","0,0,0"
30.383333333333333,126,AV,1,0,0,59,2015.5588757501516,0.5,-30.383333333333333,"0.3724517543859649,0.28447883597883594,0.2852326388888889,0.5,0.59,0.10585655885252329","0,0,0"
17.983333333333334,115,AV,1,0,0,41,1682.490559712908,0.1,-17.983333333333334,"0.199297385620915,0.1634958847736626,0.18589361702127655,0.1,0.41,0.0883639089365613","0,0,0"
28.133333333333333,21,AV,1,0,0,54,623.7253316558669,0.4,-28.133333333333333,"0.33189102564102557,0.2538641975308642,0.2574239130434782,0.4,0.54,0.03275787081816973","0,0,0"
27.6,238,AV,1,0,0,52,4925.450001742355,0.2,-27.6,"0.3032234042553192,0.2366808943089431,0.24528571428571425,0.2,0.52,0.25868318423124653","0,0,0"
34.38333333333333,165,AV,2,0,0,81,2838.632091159661,0.2,-34.38333333333333,"0.4665857142857142,0.34441071428571424,0.3418676122931443,0.2,0.81,0.149084121845197","0,0,0"
39.68333333333333,51,AV,0,0,0,59,932.0432837729122,0.1,-39.68333333333333,"0.3724517543859649,0.28447883597883594,0.2852326388888889,0.1,0.59,0.04895063890658413","0,0,0"
27.783333333333335,168,AV,0,0,0,52,2909.8477340427667,0.5,-27.783333333333335,"0.3032234042553192,0.2366808943089431,0.24528571428571425,0.5,0.52,0.15282434644631168","0,0,0"
5.283333333333333,68,AV,0,0,0,1,1141.0395517097602,0.1,-5.283333333333333,"0.0,0.0,0.0,0.1,0.01,0.05992706137828231","0,0,0"
36.8,81,AV,2,0,0,88,1297.4303329633815,0.1,-36.8,"0.4777843137254903,0.3620061728395062,0.35942873563218386,0.1,0.88,0.06814065917437974","0,0,0"
20.833333333333332,23,AV,1,0,0,44,632.5893922142865,0.8,-20.833333333333332,"0.2186770833333333,0.17849101796407185,0.1912037037037037,0.8,0.44,0.033223408669464424","0,0,0"
11.766666666666667,265,AV,0,0,0,31,6130.868263041086,0.6,-11.766666666666667,"0.11905833333333334,0.1058503787878788,0.1371969696969697,0.6,0.31,0.3219913964865619","0,0,0"
16.983333333333334,12,AV,1,0,0,38,541.9839687696077,0.4,-16.983333333333334,"0.16961742424242426,0.1436803118908382,0.1686814814814815,0.4,0.38,0.028464838500850628","0,0,0"
33.083333333333336,196,AV,2,0,0,71,3427.0421228311798,0.2,-33.083333333333336,"0.4503062015503876,0.3251315789473685,0.3216690307328606,0.2,0.71,0.1799872435036349","0,0,0"
9.5,131,AV,1,0,0,24,2088.64210540395,0.2,-9.5,"0.07679501915708814,0.08343693693693693,0.11669607843137257,0.2,0.24,0.10969486856109009","0,0,0"
23.483333333333334,286,AV,1,0,0,48,9095.945853089892,0.1,-23.483333333333334,"0.2665416666666667,0.2105718390804598,0.21947619047619046,0.1,0.48,0.47771639871279653","0,0,0"
8.983333333333333,246,AV,1,0,0,24,5200.876525735832,0.2,-8.983333333333333,"0.07679501915708814,0.08343693693693693,0.11669607843137257,0.2,0.24,0.27314850419656395","0,0,0"
19.216666666666665,13,AV,1,0,0,42,566.7055292848979,0.4,-19.216666666666665,"0.2034642857142857,0.16715625,0.1856439393939394,0.4,0.42,0.02976320758205103","0,0,0"
19.666666666666668,85,AV,1,0,0,43,1391.0507319816634,0.3,-19.666666666666668,"0.20436792452830185,0.17203750000000004,0.1877163120567376,0.3,0.43,0.07305757497262802","0,0,0"
25.183333333333334,34,AV,1,0,0,49,776.0711537761008,0.3,-25.183333333333334,"0.26651360544217684,0.21616361788617888,0.22451418439716314,0.3,0.49,0.04075902855125977","0,0,0"
32.56666666666667,61,AV,2,0,0,68,1038.299283744561,0.2,-32.56666666666667,"0.4323979591836735,0.318135294117647,0.31467592592592586,0.2,0.68,0.054531172747475445","0,0,0"
26.066666666666666,56,AV,1,0,0,49,981.8973671489576,0.1,-26.066666666666666,"0.26651360544217684,0.21616361788617888,0.22451418439716314,0.1,0.49,0.05156896069039748","0,0,0"
11.383333333333333,110,AV,1,0,0,29,1614.9493849180149,0.4,-11.383333333333333,"0.11148198198198196,0.09906010928961749,0.13192916666666668,0.4,0.29,0.08481666631781955","0,0,0"
28.566666666666666,72,AV,1,0,0,55,1205.4292211271013,0.2,-28.566666666666666,"0.34028125,0.2589575371549894,0.2622363636363636,0.2,0.55,0.06330878786227523","0,0,0"
32.75,224,AV,1,0,0,68,4416.224882412617,0.4,-32.75,"0.4323979591836735,0.318135294117647,0.31467592592592586,0.4,0.68,0.23193883086005102","0,0,0"
8.933333333333334,84,AV,1,0,0,22,1386.7650627050614,0.2,-8.933333333333334,"0.0718675799086758,0.08001904761904761,0.11649242424242423,0.2,0.22,0.07283249288375467","0,0,0"
51.5,230,AV,0,0,0,87,4572.8741748457805,0.3,-51.5,"0.46531481481481485,0.35440625,0.3514039351851852,0.3,0.87,0.24016600558720239","0,0,0"
32.25,270,AV,1,0,0,67,7128.986247371214,0.2,-32.25,"0.42258169934640527,0.3142304964539007,0.31104492753623186,0.2,0.67,0.3744122592165977","0,0,0"
25.4,204,AV,1,0,0,49,3773.073658575576,0.3,-25.4,"0.26651360544217684,0.21616361788617888,0.22451418439716314,0.3,0.49,0.19816071790275053","0,0,0"
28.766666666666666,233,AV,2,0,0,59,4639.089550420253,0.9,-28.766666666666666,"0.3724517543859649,0.28447883597883594,0.2852326388888889,0.9,0.59,0.24364361762115117","0,0,0"
13.583333333333334,209,AV,1,0,0,33,3898.759045987068,0.1,-13.583333333333334,"0.13051136363636362,0.11552366863905325,0.14227304964539006,0.1,0.33,0.204761677452729","0,0,0"
13.816666666666666,79,AV,2,0,0,28,1293.252850487379,0.1,-13.816666666666666,"0.10306802721088436,0.09445196078431371,0.12517073170731707,0.1,0.28,0.0679212590244279","0,0,0"
26.316666666666666,202,AV,1,0,0,50,3630.005597296026,0.6,-26.316666666666666,"0.27350724637681156,0.2233834355828221,0.23583006535947706,0.6,0.5,0.1906468254380025","0,0,0"
43.18333333333333,63,AV,0,0,0,62,1068.5648373754009,0.5,-43.18333333333333,"0.3939756944444445,0.2998888888888889,0.2988347701149425,0.5,0.62,0.05612071071516929","0,0,0"
25.683333333333334,107,AV,1,0,0,50,1592.2311391495805,0.4,-25.683333333333334,"0.27350724637681156,0.2233834355828221,0.23583006535947706,0.4,0.5,0.08362351073742634","0,0,0"
25.816666666666666,198,AV,1,0,0,51,3480.90175047103,0.1,-25.816666666666666,"0.2896701388888889,0.23191304347826086,0.2403986928104575,0.1,0.51,0.18281593529310736","0,0,0"
23.883333333333333,65,AV,0,0,0,51,1089.3140785512585,0.1,-23.883333333333333,"0.2896701388888889,0.23191304347826086,0.2403986928104575,0.1,0.51,0.05721045475395848","0,0,0"
21.533333333333335,156,AV,1,0,0,45,2667.9339807116767,0.4,-21.533333333333335,"0.23370720720720722,0.18837362637362637,0.20099186991869922,0.4,0.45,0.140119107331331","0,0,0"
11.95,282,AV,0,0,0,32,8689.506535985933,0.7,-11.95,"0.12417117117117117,0.10805711610486891,0.13792592592592595,0.7,0.32,0.45637032541837","0,0,0"
21.633333333333333,288,AV,2,0,0,45,10213.823531357188,0.1,-21.633333333333333,"0.23370720720720722,0.18837362637362637,0.20099186991869922,0.1,0.45,0.5364270053158322","0,0,0"
13.8,235,AV,0,0,0,32,4705.31956239884,0.9,-13.8,"0.12417117117117117,0.10805711610486891,0.13792592592592595,0.9,0.32,0.24712199835473575","0,0,0"
12.183333333333334,114,AV,1,0,0,30,1659.6531244520008,0.2,-12.183333333333334,"0.11623076923076925,0.10226685393258426,0.13448062015503875,0.2,0.3,0.08716449355910817","0,0,0"
29.416666666666668,263,AV,1,0,0,56,6031.594525491932,0.4,-29.416666666666668,"0.34659259259259256,0.26402614379084965,0.26496236559139785,0.4,0.56,0.3167775690127944","0,0,0"
33.233333333333334,216,AV,1,0,0,80,4113.319853961603,0.3,-33.233333333333334,"0.4572055555555555,0.3417718253968254,0.34019634703196344,0.3,0.8,0.21603034792922307","0,0,0"
10.316666666666666,194,AV,1,0,0,27,3393.6426315430986,0.2,-10.316666666666666,"0.0980215053763441,0.09217864923747275,0.12330740740740741,0.2,0.27,0.17823311205269168","0,0,0"
27.566666666666666,205,AV,2,0,0,56,3773.692032315799,0.1,-27.566666666666666,"0.34659259259259256,0.26402614379084965,0.26496236559139785,0.1,0.56,0.19819319470956198","0,0,0"
23.9,153,AV,1,0,0,48,2619.168197182975,0.3,-23.9,"0.2665416666666667,0.2105718390804598,0.21947619047619046,0.3,0.48,0.13755794273514713","0,0,0"
43.2,231,AV,0,0,0,62,4609.601315671212,0.4,-43.2,"0.3939756944444445,0.2998888888888889,0.2988347701149425,0.4,0.62,0.2420949042123171","0,0,0"
18.35,15,AV,1,0,0,41,571.0932451196882,0.1,-18.35,"0.199297385620915,0.1634958847736626,0.18589361702127655,0.1,0.41,0.029993649126121902","0,0,0"
39.63333333333333,117,AV,0,0,0,59,1794.439334206041,0.1,-39.63333333333333,"0.3724517543859649,0.28447883597883594,0.2852326388888889,0.1,0.59,0.09424342561959032","0,0,0"
9.55,46,AV,1,0,0,25,881.2906222289953,0.1,-9.55,"0.07869597069597069,0.08509601449275361,0.1171535087719298,0.1,0.25,0.04628512406190052","0,0,0"
23.483333333333334,102,AV,2,0,0,48,1564.4426034616197,0.2,-23.483333333333334,"0.2665416666666667,0.2105718390804598,0.21947619047619046,0.2,0.48,0.08216406502295508","0,0,0"
36.016666666666666,5,AV,0,0,0,57,465.3670128771111,0.2,-36.016666666666666,"0.3554270833333333,0.27463267543859643,0.27555921052631577,0.2,0.57,0.0244409385304185","0,0,0"
18.133333333333333,49,AV,2,0,0,38,904.859336063587,0.8,-18.133333333333333,"0.16961742424242426,0.1436803118908382,0.1686814814814815,0.8,0.38,0.04752294597478371","0,0,0"
16.966666666666665,37,AV,0,0,0,42,832.4581618945489,0.2,-16.966666666666665,"0.2034642857142857,0.16715625,0.1856439393939394,0.2,0.42,0.043720457619506006","0,0,0"
22.15,182,AV,1,0,0,46,3225.188153267811,0.2,-22.15,"0.24515277777777775,0.19652852049910874,0.2076396396396396,0.2,0.46,0.16938593244009792","0,0,0"
20.833333333333332,251,AV,1,0,0,44,5557.427333357366,0.1,-20.833333333333332,"0.2186770833333333,0.17849101796407185,0.1912037037037037,0.1,0.44,0.2918744476582037","0,0,0"
28.633333333333333,252,AV,2,0,0,60,5611.673516276995,0.1,-28.633333333333333,"0.38481818181818184,0.2897454545454546,0.2902625786163522,0.1,0.6,0.29472344121718336","0,0,0"
34.2,96,AV,0,0,0,57,1530.0661682302475,0.4,-34.2,"0.3554270833333333,0.27463267543859643,0.27555921052631577,0.4,0.57,0.08035862476368438","0,0,0"
35.36666666666667,17,AV,2,0,0,100,586.8516376274475,0.4,-35.36666666666667,"0.4819666666666668,0.36201234567901247,0.3608101851851852,0.4,1.0,0.03082127526197365","0,0,0"
31.683333333333334,104,AV,1,0,0,62,1579.1767070066765,0.2,-31.683333333333334,"0.3939756944444445,0.2998888888888889,0.2988347701149425,0.2,0.62,0.08293789580399638","0,0,0"
23.3,294,AV,1,0,0,47,13430.196447392702,0.1,-23.3,"0.2577692307692308,0.20293220338983053,0.2141212121212121,0.1,0.47,0.7053499640913518","0,0,0"
13.883333333333333,1,AV,1,0,0,34,419.7646265090227,0.3,-13.883333333333333,"0.1419305555555556,0.12498603351955306,0.14951111111111112,0.3,0.34,0.022045914621929386","0,0,0"
31.566666666666666,169,AV,1,0,0,61,2927.9701715656583,0.1,-31.566666666666666,"0.3913037037037037,0.29401294498381875,0.2934494047619048,0.1,0.61,0.1537761315304756","0,0,0"
17.116666666666667,87,AV,1,0,0,39,1434.4967426379471,0.9,-17.116666666666667,"0.1798605442176871,0.1504777777777778,0.17247463768115942,0.9,0.39,0.07533934666348602","0,0,0"
19.266666666666666,213,AV,1,0,0,43,3971.0791127863904,0.4,-19.266666666666666,"0.20436792452830185,0.17203750000000004,0.1877163120567376,0.4,0.43,0.20855990607282407","0,0,0"
26.383333333333333,55,AV,1,0,0,51,979.573716991658,0.2,-26.383333333333333,"0.2896701388888889,0.23191304347826086,0.2403986928104575,0.2,0.51,0.051446923268128025","0,0,0"
11.15,225,AV,1,0,0,28,4459.768546990965,0.7,-11.15,"0.10306802721088436,0.09445196078431371,0.12517073170731707,0.7,0.28,0.23422573130615026","0,0,0"
19.766666666666666,40,AV,2,0,0,43,859.2772315809713,0.3,-19.766666666666666,"0.20436792452830185,0.17203750000000004,0.1877163120567376,0.3,0.43,0.045128987264949426","0,0,0"
11.966666666666667,157,AV,2,0,0,22,2675.3892374750885,0.1,-11.966666666666667,"0.0718675799086758,0.08001904761904761,0.11649242424242423,0.1,0.22,0.14051065522200876","0,0,0"
25.55,33,AV,2,0,0,53,763.1985099142711,0.8,-25.55,"0.31718888888888885,0.24471470588235292,0.24691851851851848,0.8,0.53,0.04008296108484046","0,0,0"
17.8,206,AV,1,0,0,40,3824.993837156676,0.1,-17.8,"0.19310869565217392,0.15600000000000003,0.17710666666666663,0.1,0.4,0.20088755039855555","0,0,0"
30.0,75,AV,1,0,0,57,1249.5878531833848,0.1,-30.0,"0.3554270833333333,0.27463267543859643,0.27555921052631577,0.1,0.57,0.06562798621929328","0,0,0"
15.65,226,AV,1,0,0,36,4504.939201911708,0.1,-15.65,"0.14915714285714285,0.1320901639344262,0.15673015873015872,0.1,0.36,0.2365980808061097","0,0,0"
16.183333333333334,18,AV,1,0,0,37,591.6693204447811,0.6,-16.183333333333334,"0.16080555555555556,0.1376903409090909,0.16170634920634921,0.6,0.37,0.0310742985454022","0,0,0"
26.733333333333334,269,AV,2,0,0,55,6709.13861087917,0.5,-26.733333333333334,"0.34028125,0.2589575371549894,0.2622363636363636,0.5,0.55,0.352361984934795","0,0,0"
