travel_time,id,kind,action,origin,destination,start_time,income,urgency,reward,observation,cost_table
27.75,122,AV,2,0,0,56,1832.3133019091129,0.2,-27.622,"0.47385919540229876,0.2341766917293233,0.26502162849872773,0.2,0.56,0.0962325552547376","0,0,0"
10.15,247,AV,0,0,0,27,5304.212874057136,0.2,-27.621999999999996,"0.06752405498281787,0.08350258397932818,0.11761494252873565,0.2,0.27,0.2785756987922106","0,0,0"
26.416666666666668,58,AV,2,0,0,54,1020.7360413649084,0.2,-27.622,"0.4235181818181818,0.21551056338028166,0.24810807291666667,0.2,0.54,0.053608756427629224","0,0,0"
11.583333333333334,260,AV,2,0,0,15,5985.732437913218,0.1,-27.621999999999996,"0.05562626262626263,0.08029761904761906,0.1155909090909091,0.1,0.15,0.31436890567316916","0,0,0"
35.333333333333336,160,AV,1,0,0,87,2756.9260540590044,0.3,-27.622,"0.7207990196078431,0.3194466145833334,0.3558588888888889,0.3,0.87,0.14479294482773922","0,0,0"
64.11666666666666,264,AV,0,0,0,71,6081.635477498837,0.8,-27.622,"0.6476123188405798,0.2908187919463088,0.3238189448441247,0.8,0.71,0.31940570508209365","0,0,0"
18.533333333333335,186,AV,2,0,0,45,3251.3322332141274,0.3,-27.622,"0.2580224089635854,0.15315789473684208,0.18991536458333333,0.3,0.45,0.17075901182308162","0,0,0"
24.116666666666667,142,AV,0,0,0,40,2361.523720441912,0.2,-27.622,"0.18661833333333333,0.12875316455696204,0.16115300546448086,0.2,0.4,0.12402653065718573","0,0,0"
32.0,141,AV,2,0,0,68,2360.1328348572283,0.3,-27.621999999999996,"0.6261849816849817,0.28371985815602835,0.3139707207207208,0.3,0.68,0.12395348175570059","0,0,0"
17.016666666666666,298,AV,0,0,0,34,17693.100214811147,0.1,-27.621999999999996,"0.1283238095238095,0.11071702637889685,0.14370098039215684,0.1,0.34,0.9292364151236616","0,0,0"
20.666666666666668,98,AV,0,0,0,36,1538.317647081207,0.1,-27.622,"0.14925,0.11810135135135136,0.14841183574879227,0.1,0.36,0.08079199000402343","0,0,0"
13.966666666666667,147,AV,2,0,0,32,2456.6540037696086,0.4,-27.622,"0.10261054421768709,0.0988795045045045,0.12931840796019903,0.4,0.32,0.12902274513491346","0,0,0"
11.383333333333333,125,AV,1,0,0,30,2011.9739719035176,0.4,-27.621999999999996,"0.07918429487179486,0.08814752252252252,0.12022916666666665,0.4,0.3,0.10566828075775386","0,0,0"
31.166666666666668,99,AV,0,0,0,46,1541.4014724042315,0.2,-27.621999999999996,"0.27047681159420295,0.157374686716792,0.19293055555555555,0.2,0.46,0.08095395160223084","0,0,0"
32.6,132,AV,2,0,0,68,2108.868816674547,0.1,-27.621999999999996,"0.6261849816849817,0.28371985815602835,0.3139707207207208,0.1,0.68,0.1107571694830674","0,0,0"
71.3,271,AV,0,0,0,76,7177.938863287724,0.4,-27.621999999999996,"0.688597643097643,0.3072786069651741,0.33931405895691613,0.4,0.76,0.3769832361947931","0,0,0"
21.483333333333334,103,AV,2,0,0,47,1564.487892525026,0.4,-27.621999999999996,"0.2881290322580645,0.16299275362318838,0.1968489932885906,0.4,0.47,0.08216644359123385","0,0,0"
31.383333333333333,20,AV,2,0,0,61,597.1498506777683,0.4,-27.621999999999996,"0.5335947368421053,0.2505555555555556,0.2845866666666667,0.4,0.61,0.03136213437998447","0,0,0"
33.78333333333333,32,AV,2,0,0,72,761.8437659652793,0.1,-27.621999999999996,"0.6545917602996256,0.2946041666666666,0.32731972789115654,0.1,0.72,0.04001181033142316","0,0,0"
27.533333333333335,4,AV,0,0,0,43,457.16351791608827,0.9,-27.621999999999996,"0.2268418079096045,0.1434212962962963,0.1780918079096045,0.9,0.43,0.02401009338985435","0,0,0"
16.383333333333333,151,AV,1,0,0,45,2574.4307659940623,0.1,-27.621999999999996,"0.2580224089635854,0.15315789473684208,0.18991536458333333,0.1,0.45,0.13520834601805928","0,0,0"
14.3,144,AV,1,0,0,38,2417.357356239525,0.2,-27.622,"0.16260481099656357,0.12196129032258067,0.15073307291666665,0.2,0.38,0.12695889677403294","0,0,0"
31.366666666666667,234,AV,2,0,0,65,4662.282088415262,0.1,-27.622,"0.5970769230769231,0.275919540229885,0.30900937500000003,0.1,0.65,0.24486168288967095","0,0,0"
25.783333333333335,14,AV,0,0,0,40,567.550811201735,0.9,-27.622,"0.18661833333333333,0.12875316455696204,0.16115300546448086,0.9,0.4,0.0298076015395053","0,0,0"
17.966666666666665,22,AV,2,0,0,41,627.4062491148882,0.1,-27.622,"0.20097169811320753,0.1341904761904762,0.16666805555555558,0.1,0.41,0.03295119151959908","0,0,0"
19.283333333333335,57,AV,2,0,0,45,1005.9867386644172,0.9,-27.622,"0.2580224089635854,0.15315789473684208,0.18991536458333333,0.9,0.45,0.052834127391418545","0,0,0"
31.066666666666666,124,AV,2,0,0,61,1927.298426803608,0.2,-27.622,"0.5335947368421053,0.2505555555555556,0.2845866666666667,0.2,0.61,0.10122114605428258","0,0,0"
26.483333333333334,162,AV,2,0,0,54,2780.081336731352,0.1,-27.622,"0.4235181818181818,0.21551056338028166,0.24810807291666667,0.1,0.54,0.14600905345767937","0,0,0"
22.116666666666667,42,AV,1,0,0,54,863.3540159882258,0.1,-27.622,"0.4235181818181818,0.21551056338028166,0.24810807291666667,0.1,0.54,0.0453430987819722","0,0,0"
28.383333333333333,50,AV,2,0,0,61,914.1934345695068,0.1,-27.621999999999996,"0.5335947368421053,0.2505555555555556,0.2845866666666667,0.1,0.61,0.048013170080720285","0,0,0"
22.266666666666666,91,AV,0,0,0,36,1474.807688008607,0.3,-27.621999999999996,"0.14925,0.11810135135135136,0.14841183574879227,0.3,0.36,0.07745646564838392","0,0,0"
45.1,137,AV,0,0,0,55,2239.194506681481,0.3,-27.622,"0.4530833333333334,0.22725862068965516,0.2610129198966408,0.3,0.55,0.11760183635943447","0,0,0"
11.55,217,AV,1,0,0,35,4164.701887555128,0.1,-27.622,"0.14032823129251698,0.11474231678486996,0.14593853427895984,0.1,0.35,0.21872891720868953","0,0,0"
34.233333333333334,279,AV,1,0,0,88,8333.728817076937,0.1,-27.622,"0.7198513071895425,0.3220038461538461,0.3582725225225225,0.1,0.88,0.4376849843483456","0,0,0"
25.633333333333333,277,AV,2,0,0,55,7958.958807233507,0.2,-27.622,"0.4530833333333334,0.22725862068965516,0.2610129198966408,0.2,0.55,0.4180021737490339","0,0,0"
20.983333333333334,207,AV,2,0,0,46,3849.958431883558,0.7,-27.621999999999996,"0.27047681159420295,0.157374686716792,0.19293055555555555,0.7,0.46,0.20219868356500897","0,0,0"
18.266666666666666,120,AV,1,0,0,48,1823.811293294481,0.3,-27.621999999999996,"0.301236559139785,0.1687450980392157,0.20249006622516558,0.3,0.48,0.09578603226495669","0,0,0"
28.166666666666668,200,AV,2,0,0,55,3520.054626539052,0.5,-27.621999999999996,"0.4530833333333334,0.22725862068965516,0.2610129198966408,0.5,0.55,0.18487223281912113","0,0,0"
74.76666666666667,203,AV,0,0,0,79,3667.3634505223554,0.2,-27.621999999999996,"0.7051403508771931,0.3128844282238443,0.3465045045045045,0.2,0.79,0.19260884889275526","0,0,0"
26.7,291,AV,1,0,0,61,11861.36896338871,0.1,-27.621999999999996,"0.5335947368421053,0.2505555555555556,0.2845866666666667,0.1,0.61,0.622955606433049","0,0,0"
53.7,77,AV,0,0,0,61,1265.4739572733297,0.2,-27.622,"0.5335947368421053,0.2505555555555556,0.2845866666666667,0.2,0.61,0.0664623197298481","0,0,0"
30.5,44,AV,2,0,0,62,870.7377108213431,0.1,-27.621999999999996,"0.5650360824742269,0.2596531862745098,0.29335600907029474,0.1,0.62,0.045730888261135916","0,0,0"
18.25,71,AV,1,0,0,49,1167.011530479414,0.1,-27.621999999999996,"0.3179090909090909,0.17351410256410257,0.2065331125827814,0.1,0.49,0.061291102058127545","0,0,0"
31.766666666666666,267,AV,2,0,0,68,6254.49597505133,0.4,-27.622,"0.6261849816849817,0.28371985815602835,0.3139707207207208,0.4,0.68,0.3284842875301661","0,0,0"
27.933333333333334,129,AV,2,0,0,57,2044.1603053436156,0.3,-27.622,"0.47822267759562836,0.23587999999999998,0.2659548872180451,0.3,0.57,0.10735869751562734","0,0,0"
53.733333333333334,135,AV,0,0,0,60,2147.781038516846,0.1,-27.622,"0.523384488448845,0.24802692307692314,0.2831633109619686,0.1,0.6,0.1128008279199854","0,0,0"
43.233333333333334,128,AV,0,0,0,54,2035.9911412414244,0.1,-27.622,"0.4235181818181818,0.21551056338028166,0.24810807291666667,0.1,0.54,0.10692965542166336","0,0,0"
18.016666666666666,228,AV,2,0,0,41,4549.070920567666,0.6,-27.622,"0.20097169811320753,0.1341904761904762,0.16666805555555558,0.6,0.41,0.2389158656792649","0,0,0"
22.166666666666668,78,AV,2,0,0,50,1282.6858023855964,0.1,-27.622,"0.3382669616519175,0.18231642512077298,0.21728165374677005,0.1,0.5,0.06736628076864885","0,0,0"
29.75,116,AV,1,0,0,72,1703.2333497257905,0.3,-27.622,"0.6545917602996256,0.2946041666666666,0.32731972789115654,0.3,0.72,0.08945331416217002","0,0,0"
13.05,249,AV,1,0,0,39,5386.149373461946,0.3,-27.622,"0.1739108527131783,0.1251801242236025,0.15501127819548874,0.3,0.39,0.28287897962204345","0,0,0"
28.333333333333332,45,AV,1,0,0,63,873.8892656114449,0.1,-27.622,"0.5707603174603174,0.26370769230769237,0.29768275862068966,0.1,0.63,0.045896406991017324","0,0,0"
23.033333333333335,112,AV,2,0,0,51,1635.9686818612918,0.4,-27.622,"0.36556060606060614,0.19339523809523806,0.22985000000000003,0.4,0.51,0.08592059360601972","0,0,0"
48.416666666666664,47,AV,0,0,0,58,892.1845339920479,0.6,-27.622,"0.48995454545454536,0.23859444444444441,0.26897482014388496,0.6,0.58,0.046857269100953565","0,0,0"
31.083333333333332,208,AV,2,0,0,67,3863.855435177377,0.1,-27.622,"0.6178569023569024,0.28171705426356586,0.3125789473684211,0.1,0.67,0.2029285500872649","0,0,0"
10.4,262,AV,0,0,0,27,6020.57275324985,0.9,-27.621999999999996,"0.06752405498281787,0.08350258397932818,0.11761494252873565,0.9,0.27,0.3161987087790199","0,0,0"
21.95,190,AV,2,0,0,50,3323.1633986738134,0.2,-27.621999999999996,"0.3382669616519175,0.18231642512077298,0.21728165374677005,0.2,0.5,0.17453156348873247","0,0,0"
12.883333333333333,101,AV,1,0,0,38,1552.9853059451273,0.6,-27.622,"0.16260481099656357,0.12196129032258067,0.15073307291666665,0.6,0.38,0.08156233112997016","0,0,0"
32.18333333333333,89,AV,1,0,0,82,1447.5744631551047,0.4,-27.621999999999996,"0.7146561403508771,0.3167325870646766,0.3527847682119205,0.4,0.82,0.07602618469547658","0,0,0"
6.666666666666667,179,AV,0,0,0,15,3065.2253709468137,0.6,-27.621999999999996,"0.05562626262626263,0.08029761904761906,0.1155909090909091,0.6,0.15,0.16098473419939963","0,0,0"
8.966666666666667,243,AV,1,0,0,23,5009.92015912814,0.1,-27.622,"0.06311555555555556,0.08221069182389935,0.11683137254901962,0.1,0.23,0.2631195320324301","0,0,0"
24.333333333333332,240,AV,2,0,0,49,4967.653125719208,0.9,-27.621999999999996,"0.3179090909090909,0.17351410256410257,0.2065331125827814,0.9,0.49,0.26089967987955814","0,0,0"
27.15,268,AV,1,0,0,63,6563.608435155774,0.6,-27.622,"0.5707603174603174,0.26370769230769237,0.29768275862068966,0.6,0.63,0.34471878294420655","0,0,0"
23.133333333333333,297,AV,1,0,0,54,15387.119225735782,0.2,-27.622,"0.4235181818181818,0.21551056338028166,0.24810807291666667,0.2,0.54,0.8081269723682344","0,0,0"
15.35,59,AV,0,0,0,34,1022.032321197676,0.2,-27.622,"0.1283238095238095,0.11071702637889685,0.14370098039215684,0.2,0.34,0.053676836662871985","0,0,0"
29.116666666666667,145,AV,2,0,0,54,2421.0391237858234,0.8,-27.621999999999996,"0.4235181818181818,0.21551056338028166,0.24810807291666667,0.8,0.54,0.12715226212179587","0,0,0"
18.45,215,AV,1,0,0,49,4090.160813256426,0.2,-27.622,"0.3179090909090909,0.17351410256410257,0.2065331125827814,0.2,0.49,0.21481404192850495","0,0,0"
18.733333333333334,118,AV,1,0,0,49,1799.695682844959,0.1,-27.621999999999996,"0.3179090909090909,0.17351410256410257,0.2065331125827814,0.1,0.49,0.09451948750284238","0,0,0"
19.633333333333333,193,AV,2,0,0,46,3387.2787239910285,0.1,-27.621999999999996,"0.27047681159420295,0.157374686716792,0.19293055555555555,0.1,0.46,0.17789888150134298","0,0,0"
31.7,28,AV,2,0,0,63,679.8949342204361,0.8,-27.621999999999996,"0.5707603174603174,0.26370769230769237,0.29768275862068966,0.8,0.63,0.03570788181072196","0,0,0"
27.216666666666665,159,AV,1,0,0,63,2744.8905386527767,0.2,-27.621999999999996,"0.5707603174603174,0.26370769230769237,0.29768275862068966,0.2,0.63,0.14416084310139018","0,0,0"
17.05,293,AV,1,0,0,48,13351.937436366714,0.4,-27.621999999999996,"0.301236559139785,0.1687450980392157,0.20249006622516558,0.4,0.48,0.7012398238686656","0,0,0"
46.68333333333333,105,AV,0,0,0,55,1587.6148581174584,0.3,-27.622,"0.4530833333333334,0.22725862068965516,0.2610129198966408,0.3,0.55,0.08338106501647227","0,0,0"
67.65,24,AV,0,0,0,72,646.5589615252754,0.4,-27.622,"0.6545917602996256,0.2946041666666666,0.32731972789115654,0.4,0.72,0.03395708633758153","0,0,0"
31.95,187,AV,2,0,0,66,3257.969850357721,0.6,-27.622,"0.6158316666666667,0.2805039682539683,0.31192640692640694,0.6,0.66,0.17110761752160772","0,0,0"
11.333333333333334,26,AV,1,0,0,33,670.158540600369,0.3,-27.622,"0.11395878136200716,0.10287419354838712,0.13534974747474748,0.3,0.33,0.03519652928381035","0,0,0"
27.65,154,AV,2,0,0,58,2645.062412614309,0.5,-27.622,"0.48995454545454536,0.23859444444444441,0.26897482014388496,0.5,0.58,0.13891789930735432","0,0,0"
9.95,197,AV,1,0,0,31,3438.9188747307694,0.2,-27.622,"0.09814776632302405,0.0973937360178971,0.12861069651741291,0.2,0.31,0.18061100701734908","0,0,0"
74.93333333333334,199,AV,0,0,0,79,3508.846318545673,0.1,-27.621999999999996,"0.7051403508771931,0.3128844282238443,0.3465045045045045,0.1,0.79,0.18428357578259733","0,0,0"
11.633333333333333,172,AV,1,0,0,33,2965.4163440895786,0.9,-27.621999999999996,"0.11395878136200716,0.10287419354838712,0.13534974747474748,0.9,0.33,0.15574279348874007","0,0,0"
19.4,284,AV,2,0,0,42,8987.822610831106,0.3,-27.622,"0.2144404761904762,0.14060281385281384,0.17425584795321636,0.3,0.42,0.472037797856628","0,0,0"
39.96666666666667,239,AV,0,0,0,51,4934.883137056144,0.1,-27.621999999999996,"0.36556060606060614,0.19339523809523806,0.22985000000000003,0.1,0.51,0.2591786097211798","0,0,0"
50.3,166,AV,0,0,0,58,2857.6088215719105,0.1,-27.621999999999996,"0.48995454545454536,0.23859444444444441,0.26897482014388496,0.1,0.58,0.1500807741404395","0,0,0"
20.783333333333335,97,AV,1,0,0,52,1530.6528609905624,0.8,-27.622,"0.39073065476190477,0.20432988505747127,0.23785365853658536,0.8,0.52,0.08038943769475668","0,0,0"
20.133333333333333,290,AV,1,0,0,50,11515.391842589095,0.1,-27.621999999999996,"0.3382669616519175,0.18231642512077298,0.21728165374677005,0.1,0.5,0.6047849898908156","0,0,0"
24.65,275,AV,1,0,0,58,7864.29237148983,0.4,-27.622,"0.48995454545454536,0.23859444444444441,0.26897482014388496,0.4,0.58,0.41303032040988025","0,0,0"
55.6,2,AV,0,0,0,63,437.8567856598078,0.1,-27.622,"0.5707603174603174,0.26370769230769237,0.29768275862068966,0.1,0.63,0.022996109494903022","0,0,0"
16.283333333333335,25,AV,1,0,0,46,649.7132696839626,0.1,-27.622,"0.27047681159420295,0.157374686716792,0.19293055555555555,0.1,0.46,0.034122749673570554","0,0,0"
26.216666666666665,108,AV,2,0,0,51,1592.6375082496468,0.4,-27.622,"0.36556060606060614,0.19339523809523806,0.22985000000000003,0.4,0.51,0.08364485312294262","0,0,0"
27.716666666666665,73,AV,2,0,0,51,1239.4416864014672,0.6,-27.622,"0.36556060606060614,0.19339523809523806,0.22985000000000003,0.6,0.51,0.06509511252654251","0,0,0"
21.75,241,AV,2,0,0,43,4968.170350229253,0.2,-27.621999999999996,"0.2268418079096045,0.1434212962962963,0.1780918079096045,0.2,0.43,0.260926844358575","0,0,0"
31.333333333333332,222,AV,2,0,0,63,4376.119511966378,0.5,-27.622,"0.5707603174603174,0.26370769230769237,0.29768275862068966,0.5,0.63,0.22983250860967044","0,0,0"
36.43333333333333,29,AV,0,0,0,50,742.4887258523852,0.5,-27.622,"0.3382669616519175,0.18231642512077298,0.21728165374677005,0.5,0.5,0.03899528932206243","0,0,0"
26.6,255,AV,2,0,0,53,5825.994272151124,0.2,-27.622,"0.4020130434782609,0.20686971830985915,0.2403306233062331,0.2,0.53,0.3059795042280261","0,0,0"
35.53333333333333,109,AV,2,0,0,75,1596.1763216794554,0.2,-27.621999999999996,"0.6689913194444445,0.30155000000000004,0.33363419913419917,0.2,0.75,0.0838307105625876","0,0,0"
20.083333333333332,184,AV,2,0,0,47,3236.647802754315,0.9,-27.621999999999996,"0.2881290322580645,0.16299275362318838,0.1968489932885906,0.9,0.47,0.16998778985785554","0,0,0"
25.116666666666667,272,AV,2,0,0,54,7572.106998522375,0.2,-27.621999999999996,"0.4235181818181818,0.21551056338028166,0.24810807291666667,0.2,0.54,0.3976848306296006","0,0,0"
32.56666666666667,287,AV,2,0,0,67,9280.176126726552,0.9,-27.622,"0.6178569023569024,0.28171705426356586,0.3125789473684211,0.9,0.67,0.48739211845399105","0,0,0"
7.0,258,AV,0,0,0,14,5911.733280178027,0.1,-27.622,"0.053726190476190476,0.07840740740740743,0.11462195121951221,0.1,0.14,0.3104824916913811","0,0,0"
65.83333333333333,119,AV,0,0,0,71,1822.2981036688468,0.9,-27.621999999999996,"0.6476123188405798,0.2908187919463088,0.3238189448441247,0.9,0.71,0.09570655999124235","0,0,0"
30.15,100,AV,2,0,0,61,1546.5147326922538,0.1,-27.621999999999996,"0.5335947368421053,0.2505555555555556,0.2845866666666667,0.1,0.61,0.08122249852741349","0,0,0"
8.783333333333333,52,AV,1,0,0,16,959.5289757906356,0.2,-27.621999999999996,"0.05725185185185185,0.0803812785388128,0.115248427672956,0.2,0.16,0.05039417936063988","0,0,0"
43.28333333333333,80,AV,0,0,0,54,1294.2551843223837,0.6,-27.622,"0.4235181818181818,0.21551056338028166,0.24810807291666667,0.6,0.54,0.06797390130239438","0,0,0"
24.266666666666666,140,AV,1,0,0,57,2347.541384251396,0.1,-27.622,"0.47822267759562836,0.23587999999999998,0.2659548872180451,0.1,0.57,0.12329218247631395","0,0,0"
29.416666666666668,253,AV,2,0,0,61,5670.319740923212,0.6,-27.622000000000007,"0.5335947368421053,0.2505555555555556,0.2845866666666667,0.6,0.61,0.29780352367244284","0,0,0"
31.566666666666666,283,AV,1,0,0,76,8975.220492497892,0.6,-27.621999999999996,"0.688597643097643,0.3072786069651741,0.33931405895691613,0.6,0.76,0.47137593831133945","0,0,0"
24.833333333333332,127,AV,1,0,0,58,2030.86588445069,0.3,-27.621999999999996,"0.48995454545454536,0.23859444444444441,0.26897482014388496,0.3,0.58,0.10666047844368956","0,0,0"
8.85,149,AV,1,0,0,29,2472.005569054355,0.4,-27.622,"0.07522274143302182,0.08720408163265306,0.1205066137566138,0.4,0.29,0.12982900482476664","0,0,0"
22.4,41,AV,2,0,0,50,861.805442805673,0.1,-27.622,"0.3382669616519175,0.18231642512077298,0.21728165374677005,0.1,0.5,0.04526176817426404","0,0,0"
15.133333333333333,130,AV,1,0,0,41,2052.607856914241,0.4,-27.622,"0.20097169811320753,0.1341904761904762,0.16666805555555558,0.4,0.41,0.10780236043748707","0,0,0"
34.28333333333333,285,AV,2,0,0,75,9030.678864893336,0.1,-27.621999999999996,"0.6689913194444445,0.30155000000000004,0.33363419913419917,0.1,0.75,0.47428859570476767","0,0,0"
15.233333333333333,178,AV,2,0,0,30,3046.5766145774583,0.1,-27.621999999999996,"0.07918429487179486,0.08814752252252252,0.12022916666666665,0.1,0.3,0.16000530700434717","0,0,0"
25.833333333333332,227,AV,0,0,0,40,4547.885280126284,0.6,-27.621999999999996,"0.18661833333333333,0.12875316455696204,0.16115300546448086,0.6,0.4,0.2388535961922898","0,0,0"
31.15,237,AV,2,0,0,64,4843.3187157075145,0.3,-27.622,"0.5875931372549019,0.2728879551820728,0.3059276729559749,0.3,0.64,0.2543696732649421","0,0,0"
30.266666666666666,280,AV,2,0,0,63,8348.421721831439,0.2,-27.622,"0.5707603174603174,0.26370769230769237,0.29768275862068966,0.2,0.63,0.43845665138103423","0,0,0"
29.483333333333334,106,AV,2,0,0,61,1588.8002265047048,0.1,-27.622,"0.5335947368421053,0.2505555555555556,0.2845866666666667,0.1,0.61,0.08344332021524425","0,0,0"
20.516666666666666,181,AV,2,0,0,48,3169.820795106812,0.2,-27.622,"0.301236559139785,0.1687450980392157,0.20249006622516558,0.2,0.48,0.16647805508747177","0,0,0"
38.06666666666667,218,AV,0,0,0,50,4196.147454418583,0.6,-27.622,"0.3382669616519175,0.18231642512077298,0.21728165374677005,0.6,0.5,0.22038042912401049","0,0,0"
18.9,121,AV,1,0,0,49,1830.3424648913517,0.1,-27.622,"0.3179090909090909,0.17351410256410257,0.2065331125827814,0.1,0.49,0.0961290474747023","0,0,0"
27.566666666666666,192,AV,0,0,0,44,3362.377553451843,0.2,-27.622,"0.23868067226890757,0.14750995024875624,0.18384645669291333,0.2,0.44,0.17659107935455778","0,0,0"
34.28333333333333,133,AV,2,0,0,73,2123.4400354784907,0.1,-27.622,"0.6592908163265306,0.2978396946564886,0.32951434878587194,0.1,0.73,0.11152244560545237","0,0,0"
57.15,82,AV,0,0,0,63,1348.5865378412918,0.5,-27.622,"0.5707603174603174,0.26370769230769237,0.29768275862068966,0.5,0.63,0.07082736799617727","0,0,0"
12.3,171,AV,2,0,0,30,2964.6777926145683,0.8,-27.622,"0.07918429487179486,0.08814752252252252,0.12022916666666665,0.8,0.3,0.15570400498267326","0,0,0"
76.5,221,AV,0,0,0,82,4343.557359248321,0.2,-27.622,"0.7146561403508771,0.3167325870646766,0.3527847682119205,0.2,0.82,0.22812235393394506","0,0,0"
62.55,92,AV,0,0,0,68,1475.2077210572677,0.2,-27.622,"0.6261849816849817,0.28371985815602835,0.3139707207207208,0.2,0.68,0.07747747526634545","0,0,0"
18.083333333333332,31,AV,2,0,0,42,743.7818724069466,0.3,-27.622,"0.2144404761904762,0.14060281385281384,0.17425584795321636,0.3,0.42,0.039063204998456114","0,0,0"
18.3,161,AV,1,0,0,48,2761.3662775036096,0.2,-27.622,"0.301236559139785,0.1687450980392157,0.20249006622516558,0.2,0.48,0.14502614405602138","0,0,0"
24.15,164,AV,1,0,0,56,2835.850686157305,0.1,-27.622,"0.47385919540229876,0.2341766917293233,0.26502162849872773,0.1,0.56,0.14893804327321036","0,0,0"
22.866666666666667,8,AV,2,0,0,49,497.26542980048754,0.8,-27.622,"0.3179090909090909,0.17351410256410257,0.2065331125827814,0.8,0.49,0.026116233997585142","0,0,0"
34.46666666666667,167,AV,2,0,0,69,2891.134206742707,0.3,-27.622,"0.642015625,0.2887283105022831,0.31955314009661834,0.3,0.69,0.1518415175010447","0,0,0"
8.416666666666666,180,AV,0,0,0,25,3119.7161673652217,0.1,-27.622,"0.06597286821705427,0.08328055555555554,0.11851700680272109,0.1,0.25,0.1638465747873305","0,0,0"
20.216666666666665,261,AV,2,0,0,46,6007.794801579103,0.9,-27.622,"0.27047681159420295,0.157374686716792,0.19293055555555555,0.9,0.46,0.31552761451860256","0,0,0"
27.133333333333333,176,AV,1,0,0,61,3031.4508351358254,0.9,-27.622,"0.5335947368421053,0.2505555555555556,0.2845866666666667,0.9,0.61,0.15921090552051181","0,0,0"
21.183333333333334,74,AV,2,0,0,49,1240.6560786390864,0.1,-27.621999999999996,"0.3179090909090909,0.17351410256410257,0.2065331125827814,0.1,0.49,0.06515889204939258","0,0,0"
32.666666666666664,256,AV,2,0,0,67,5844.130995646287,0.2,-27.622,"0.6178569023569024,0.28171705426356586,0.3125789473684211,0.2,0.67,0.30693203960724846","0,0,0"
18.916666666666668,170,AV,0,0,0,35,2942.323800284961,0.1,-27.621999999999996,"0.14032823129251698,0.11474231678486996,0.14593853427895984,0.1,0.35,0.15452997988566525","0,0,0"
16.816666666666666,183,AV,2,0,0,40,3227.056348793521,0.6,-27.622,"0.18661833333333333,0.12875316455696204,0.16115300546448086,0.6,0.4,0.1694840495191844","0,0,0"
69.45,250,AV,0,0,0,75,5480.041794665195,0.8,-27.621999999999996,"0.6689913194444445,0.30155000000000004,0.33363419913419917,0.8,0.75,0.2878101819453735","0,0,0"
24.666666666666668,62,AV,2,0,0,51,1046.6558973464134,0.1,-27.621999999999996,"0.36556060606060614,0.19339523809523806,0.22985000000000003,0.1,0.51,0.054970059633983805","0,0,0"
32.833333333333336,281,AV,0,0,0,47,8436.938288223368,0.3,-27.622,"0.2881290322580645,0.16299275362318838,0.1968489932885906,0.3,0.47,0.4431055153921156","0,0,0"
15.3,266,AV,1,0,0,41,6248.181898567973,0.9,-27.621999999999996,"0.20097169811320753,0.1341904761904762,0.16666805555555558,0.9,0.41,0.3281526740918779","0,0,0"
14.966666666666667,69,AV,2,0,0,32,1141.5133047894662,0.3,-27.621999999999996,"0.10261054421768709,0.0988795045045045,0.12931840796019903,0.3,0.32,0.059951942750574055","0,0,0"
28.666666666666668,70,AV,2,0,0,59,1150.2916000513435,0.2,-27.621999999999996,"0.5094492063492062,0.2445498687664042,0.2787331081081081,0.2,0.59,0.0604129762337403","0,0,0"
50.333333333333336,35,AV,0,0,0,59,777.0630287344238,0.1,-27.622,"0.5094492063492062,0.2445498687664042,0.2787331081081081,0.1,0.59,0.04081112153210161","0,0,0"
35.71666666666667,220,AV,2,0,0,77,4304.4895651906745,0.2,-27.622,"0.6932604166666668,0.30959975669099754,0.3413004535147393,0.2,0.77,0.22607052489007143","0,0,0"
14.216666666666667,134,AV,1,0,0,39,2131.3254046090938,0.3,-27.622,"0.1739108527131783,0.1251801242236025,0.15501127819548874,0.3,0.39,0.11193658287104669","0,0,0"
26.616666666666667,7,AV,2,0,0,54,491.8679742725259,0.2,-27.622,"0.4235181818181818,0.21551056338028166,0.24810807291666667,0.2,0.54,0.025832761222056865","0,0,0"
64.28333333333333,94,AV,0,0,0,70,1496.328062426438,0.1,-27.622,"0.6446666666666667,0.28920776255707764,0.32108823529411756,0.1,0.7,0.07858670937805001","0,0,0"
8.816666666666666,254,AV,1,0,0,28,5721.231751015957,0.1,-27.622,"0.07045107033639143,0.08463732394366198,0.11904134366925068,0.1,0.28,0.30047740745600493","0,0,0"
12.083333333333334,19,AV,2,0,0,22,595.9176043698985,0.2,-27.621999999999996,"0.06117708333333334,0.081840350877193,0.11697584541062803,0.2,0.22,0.03129741716662037","0,0,0"
17.8,276,AV,2,0,0,42,7897.119961473183,0.2,-27.621999999999996,"0.2144404761904762,0.14060281385281384,0.17425584795321636,0.2,0.42,0.4147544157726446","0,0,0"
13.016666666666667,67,AV,1,0,0,38,1122.7546975855585,0.6,-27.622,"0.16260481099656357,0.12196129032258067,0.15073307291666665,0.6,0.38,0.05896674622202671","0,0,0"
10.583333333333334,295,AV,2,0,0,25,13460.811009378149,0.4,-27.621999999999996,"0.06597286821705427,0.08328055555555554,0.11851700680272109,0.4,0.25,0.7069578318750951","0,0,0"
23.116666666666667,152,AV,1,0,0,54,2612.3907844155665,0.3,-27.622,"0.4235181818181818,0.21551056338028166,0.24810807291666667,0.3,0.54,0.13720199501160868","0,0,0"
33.93333333333333,9,AV,2,0,0,71,506.5869000089976,0.8,-27.622,"0.6476123188405798,0.2908187919463088,0.3238189448441247,0.8,0.71,0.02660579486905904","0,0,0"
31.116666666666667,219,AV,2,0,0,61,4227.85786318916,0.7,-27.622,"0.5335947368421053,0.2505555555555556,0.2845866666666667,0.7,0.61,0.22204585045833433","0,0,0"
29.916666666666668,30,AV,1,0,0,72,743.7553910389753,0.8,-27.622,"0.6545917602996256,0.2946041666666666,0.32731972789115654,0.8,0.72,0.03906181420480535","0,0,0"
32.18333333333333,292,AV,1,0,0,80,12197.400506638176,0.5,-27.622,"0.7098971631205674,0.31581995133819946,0.34994295302013434,0.5,0.8,0.6406038841699384","0,0,0"
13.55,163,AV,1,0,0,38,2797.307504072895,0.4,-27.622,"0.16260481099656357,0.12196129032258067,0.15073307291666665,0.4,0.38,0.1469137666957458","0,0,0"
5.15,296,AV,0,0,0,10,14312.770160915026,0.1,-27.622,"0.052166666666666674,0.07655555555555556,0.11455555555555556,0.1,0.1,0.7517024757302859","0,0,0"
51.9,39,AV,0,0,0,59,857.6590975250949,0.1,-27.622,"0.5094492063492062,0.2445498687664042,0.2787331081081081,0.1,0.59,0.04504400334065031","0,0,0"
29.0,185,AV,1,0,0,68,3245.380745418587,0.1,-27.622,"0.6261849816849817,0.28371985815602835,0.3139707207207208,0.1,0.68,0.1704464414359456","0,0,0"
11.383333333333333,38,AV,2,0,0,21,837.3801312568858,0.9,-27.622,"0.058710691823899375,0.08092094017094018,0.11650847457627118,0.9,0.21,0.04397895800158024","0,0,0"
13.083333333333334,150,AV,2,0,0,23,2533.2754137277425,0.2,-27.621999999999996,"0.06311555555555556,0.08221069182389935,0.11683137254901962,0.2,0.23,0.13304687903156176","0,0,0"
48.483333333333334,53,AV,0,0,0,56,969.457736312404,0.6,-27.622,"0.47385919540229876,0.2341766917293233,0.26502162849872773,0.6,0.56,0.050915634940603534","0,0,0"
14.383333333333333,177,AV,1,0,0,40,3032.1279287666234,0.3,-27.621999999999996,"0.18661833333333333,0.12875316455696204,0.16115300546448086,0.3,0.4,0.15924646627869138","0,0,0"
20.883333333333333,43,AV,1,0,0,53,863.5619359671642,0.1,-27.621999999999996,"0.4020130434782609,0.20686971830985915,0.2403306233062331,0.1,0.53,0.04535401867806252","0,0,0"
72.83333333333333,11,AV,0,0,0,76,539.5213747330826,0.2,-27.621999999999996,"0.688597643097643,0.3072786069651741,0.33931405895691613,0.2,0.76,0.028335503786943907","0,0,0"
38.03333333333333,76,AV,0,0,0,50,1261.43865123121,0.1,-27.621999999999996,"0.3382669616519175,0.18231642512077298,0.21728165374677005,0.1,0.5,0.06625038664435261","0,0,0"
33.28333333333333,54,AV,1,0,0,93,978.4447105201264,0.4,-27.621999999999996,"0.7252861952861953,0.3235530303030303,0.3600850111856824,0.4,0.93,0.051387628180578626","0,0,0"
14.7,242,AV,2,0,0,33,5004.1281918097375,0.2,-27.622,"0.11395878136200716,0.10287419354838712,0.13534974747474748,0.2,0.33,0.2628153396137967","0,0,0"
20.333333333333332,143,AV,2,0,0,43,2398.572127464108,0.5,-27.621999999999996,"0.2268418079096045,0.1434212962962963,0.1780918079096045,0.5,0.43,0.12597230208838628","0,0,0"
35.8,123,AV,2,0,0,88,1848.7234685638712,0.1,-27.622,"0.7198513071895425,0.3220038461538461,0.3582725225225225,0.1,0.88,0.09709441237693286","0,0,0"
24.016666666666666,148,AV,1,0,0,55,2458.2611968747465,0.2,-27.621999999999996,"0.4530833333333334,0.22725862068965516,0.2610129198966408,0.2,0.55,0.12910715444370038","0,0,0"
26.766666666666666,229,AV,2,0,0,54,4549.115907877681,0.2,-27.622,"0.4235181818181818,0.21551056338028166,0.24810807291666667,0.2,0.54,0.2389182283995444","0,0,0"
8.566666666666666,273,AV,0,0,0,21,7612.519032757181,0.2,-27.622,"0.058710691823899375,0.08092094017094018,0.11650847457627118,0.2,0.21,0.39980725877188683","0,0,0"
13.883333333333333,158,AV,2,0,0,33,2744.255474143275,0.2,-27.622,"0.11395878136200716,0.10287419354838712,0.13534974747474748,0.2,0.33,0.14412748970028938","0,0,0"
28.916666666666668,90,AV,2,0,0,60,1454.957177165027,0.3,-27.622,"0.523384488448845,0.24802692307692314,0.2831633109619686,0.3,0.6,0.0764139226620948","0,0,0"
41.4,232,AV,0,0,0,53,4635.813442599864,0.3,-27.622,"0.4020130434782609,0.20686971830985915,0.2403306233062331,0.3,0.53,0.24347155740278267","0,0,0"
32.8,138,AV,0,0,0,46,2239.257430619588,0.1,-27.621999999999996,"0.27047681159420295,0.157374686716792,0.19293055555555555,0.1,0.46,0.1176051411061415","0,0,0"
62.516666666666666,111,AV,0,0,0,68,1626.914224999384,0.1,-27.622,"0.6261849816849817,0.28371985815602835,0.3139707207207208,0.1,0.68,0.08544505619691108","0,0,0"
18.766666666666666,95,AV,0,0,0,34,1507.5005543882637,0.1,-27.622,"0.1283238095238095,0.11071702637889685,0.14370098039215684,0.1,0.34,0.07917348536713947","0,0,0"
13.6,93,AV,1,0,0,39,1485.5718097438446,0.6,-27.622,"0.1739108527131783,0.1251801242236025,0.15501127819548874,0.6,0.39,0.07802179415338123","0,0,0"
14.983333333333333,257,AV,2,0,0,34,5862.8833826120845,0.4,-27.622000000000007,"0.1283238095238095,0.11071702637889685,0.14370098039215684,0.4,0.34,0.30791690945072125","0,0,0"
59.3,88,AV,0,0,0,65,1446.9812594843625,0.6,-27.622,"0.5970769230769231,0.275919540229885,0.30900937500000003,0.6,0.65,0.0759950298133052","0,0,0"
32.56666666666667,223,AV,2,0,0,64,4381.240268036911,0.1,-27.622000000000007,"0.5875931372549019,0.2728879551820728,0.3059276729559749,0.1,0.64,0.23010144921114412","0,0,0"
24.583333333333332,36,AV,2,0,0,50,802.5586880039084,0.4,-27.622,"0.3382669616519175,0.18231642512077298,0.21728165374677005,0.4,0.5,0.042150146052007835","0,0,0"
23.95,174,AV,2,0,0,50,3001.8426729260827,0.4,-27.622,"0.3382669616519175,0.18231642512077298,0.21728165374677005,0.4,0.5,0.1576558935567436","0,0,0"
17.0,173,AV,2,0,0,39,2966.188350320237,0.1,-27.622,"0.1739108527131783,0.1251801242236025,0.15501127819548874,0.1,0.39,0.15578333902872574","0,0,0"
22.283333333333335,195,AV,0,0,0,37,3398.605365942332,0.1,-27.622,"0.15669587628865975,0.12036465324384787,0.15066791044776118,0.1,0.37,0.17849375340250406","0,0,0"
23.833333333333332,278,AV,2,0,0,51,8326.33528790118,0.2,-27.622,"0.36556060606060614,0.19339523809523806,0.22985000000000003,0.2,0.51,0.43729667837240127","0,0,0"
5.216666666666667,245,AV,0,0,0,5,5064.807770076448,0.3,-27.621999999999996,"0.0,0.0,0.0,0.3,0.05,0.2660022132026646","0,0,0"
15.033333333333333,16,AV,1,0,0,41,583.3206434887895,0.2,-27.622,"0.20097169811320753,0.1341904761904762,0.16666805555555558,0.2,0.41,0.030635828489198207","0,0,0"
51.9,244,AV,0,0,0,59,5051.78348307234,0.2,-27.622,"0.5094492063492062,0.2445498687664042,0.2787331081081081,0.2,0.59,0.26531818148305064","0,0,0"
14.2,214,AV,2,0,0,33,4015.909421979459,0.2,-27.621999999999996,"0.11395878136200716,0.10287419354838712,0.13534974747474748,0.2,0.33,0.21091438071535054","0,0,0"
14.583333333333334,10,AV,1,0,0,40,513.3463032142733,0.5,-27.622,"0.18661833333333333,0.12875316455696204,0.16115300546448086,0.5,0.4,0.026960796735695607","0,0,0"
58.81666666666667,146,AV,0,0,0,65,2421.832203454489,0.5,-27.621999999999996,"0.5970769230769231,0.275919540229885,0.30900937500000003,0.5,0.65,0.12719391443254247","0,0,0"
30.583333333333332,274,AV,2,0,0,62,7658.5640246764915,0.9,-27.622,"0.5650360824742269,0.2596531862745098,0.29335600907029474,0.9,0.62,0.4022255281936403","0,0,0"
21.966666666666665,236,AV,2,0,0,48,4754.245589533712,0.1,-27.622,"0.301236559139785,0.1687450980392157,0.20249006622516558,0.1,0.48,0.24969157889794616","0,0,0"
31.15,113,AV,0,0,0,45,1639.6236094811811,0.7,-27.622000000000007,"0.2580224089635854,0.15315789473684208,0.18991536458333333,0.7,0.45,0.08611254932874826","0,0,0"
69.7,0,AV,0,0,0,75,388.2787303527966,0.4,-27.621999999999996,"0.6689913194444445,0.30155000000000004,0.33363419913419917,0.4,0.75,0.02039228462402346","0,0,0"
18.8,136,AV,2,0,0,43,2164.09247058771,0.1,-27.622,"0.2268418079096045,0.1434212962962963,0.1780918079096045,0.1,0.43,0.11365749953089815","0,0,0"
35.1,27,AV,2,0,0,84,676.2529471816457,0.1,-27.621999999999996,"0.7181930693069307,0.3184961240310078,0.35479666666666665,0.1,0.84,0.03551660572350354","0,0,0"
23.733333333333334,191,AV,2,0,0,52,3352.9358316496982,0.9,-27.621999999999996,"0.39073065476190477,0.20432988505747127,0.23785365853658536,0.9,0.52,0.17609520290478356","0,0,0"
25.2,211,AV,2,0,0,53,3942.222625638348,0.3,-27.622,"0.4020130434782609,0.20686971830985915,0.2403306233062331,0.3,0.53,0.20704437186203256","0,0,0"
29.8,248,AV,1,0,0,70,5307.329693361759,0.3,-27.621999999999996,"0.6446666666666667,0.28920776255707764,0.32108823529411756,0.3,0.7,0.2787393932246195","0,0,0"
24.933333333333334,6,AV,1,0,0,59,477.1303205766694,0.4,-27.621999999999996,"0.5094492063492062,0.2445498687664042,0.2787331081081081,0.4,0.59,0.025058743988140585","0,0,0"
13.733333333333333,210,AV,0,0,0,32,3941.04555698938,0.2,-27.621999999999996,"0.10261054421768709,0.0988795045045045,0.12931840796019903,0.2,0.32,0.20698255256307185","0,0,0"
32.31666666666667,139,AV,1,0,0,93,2344.9936519099742,0.5,-27.621999999999996,"0.7252861952861953,0.3235530303030303,0.3600850111856824,0.5,0.93,0.12315837632369546","0,0,0"
34.56666666666667,299,AV,0,0,0,47,19040.472291926453,0.2,-27.621999999999996,"0.2881290322580645,0.16299275362318838,0.1968489932885906,0.2,0.47,1.0","0,0,0"
34.61666666666667,3,AV,0,0,0,49,449.0833195935783,0.4,-27.621999999999996,"0.3179090909090909,0.17351410256410257,0.2065331125827814,0.4,0.49,0.02358572375245118","0,0,0"
19.066666666666666,48,AV,2,0,0,44,898.3728471886773,0.6,-27.621999999999996,"0.23868067226890757,0.14750995024875624,0.18384645669291333,0.6,0.44,0.047182277488442635","0,0,0"
39.75,188,AV,0,0,0,50,3274.575105225111,0.3,-27.622,"0.3382669616519175,0.18231642512077298,0.21728165374677005,0.3,0.5,0.17197972061930406","0,0,0"
11.766666666666667,189,AV,2,0,0,10,3301.717979419838,0.2,-27.621999999999996,"0.052166666666666674,0.07655555555555556,0.11455555555555556,0.2,0.1,0.1734052563822082","0,0,0"
15.566666666666666,60,AV,2,0,0,35,1025.7249596144625,0.1,-27.622,"0.14032823129251698,0.11474231678486996,0.14593853427895984,0.1,0.35,0.05387077294555297","0,0,0"
11.683333333333334,86,AV,2,0,0,12,1411.5824788559885,0.3,-27.622,"0.05343859649122807,0.07790322580645162,0.11524999999999999,0.3,0.12,0.07413589627472256","0,0,0"
34.88333333333333,64,AV,2,0,0,75,1074.3823512953045,0.1,-27.622,"0.6689913194444445,0.30155000000000004,0.33363419913419917,0.1,0.75,0.05642624483379356","0,0,0"
71.05,289,AV,0,0,0,75,10838.007207066395,0.5,-27.622,"0.6689913194444445,0.30155000000000004,0.33363419913419917,0.5,0.75,0.5692089482287648","0,0,0"
32.21666666666667,175,AV,2,0,0,63,3024.224513765153,0.1,-27.622,"0.5707603174603174,0.26370769230769237,0.29768275862068966,0.1,0.63,0.1588313812492711","0,0,0"
12.733333333333333,66,AV,2,0,0,29,1097.8259349569896,0.2,-27.622,"0.07522274143302182,0.08720408163265306,0.1205066137566138,0.2,0.29,0.05765749494682913","0,0,0"
33.38333333333333,155,AV,2,0,0,71,2648.588416164911,0.1,-27.622,"0.6476123188405798,0.2908187919463088,0.3238189448441247,0.1,0.71,0.1391030839759141","0,0,0"
24.066666666666666,83,AV,2,0,0,51,1373.5659577718477,0.5,-27.621999999999996,"0.36556060606060614,0.19339523809523806,0.22985000000000003,0.5,0.51,0.07213927977796368","0,0,0"
29.283333333333335,201,AV,0,0,0,44,3608.770587345788,0.4,-27.621999999999996,"0.23868067226890757,0.14750995024875624,0.18384645669291333,0.4,0.44,0.18953156896617424","0,0,0"
16.483333333333334,212,AV,2,0,0,34,3958.913906791885,0.1,-27.621999999999996,"0.1283238095238095,0.11071702637889685,0.14370098039215684,0.1,0.34,0.20792099303495454","0,0,0"
26.916666666666668,259,AV,2,0,0,55,5913.041300376779,0.9,-27.621999999999996,"0.4530833333333334,0.22725862068965516,0.2610129198966408,0.9,0.55,0.31055118852718944","0,0,0"
41.56666666666667,126,AV,0,0,0,53,2015.5588757501516,0.2,-27.622,"0.4020130434782609,0.20686971830985915,0.2403306233062331,0.2,0.53,0.10585655885252329","0,0,0"
19.216666666666665,115,AV,2,0,0,45,1682.490559712908,0.2,-27.622,"0.2580224089635854,0.15315789473684208,0.18991536458333333,0.2,0.45,0.0883639089365613","0,0,0"
57.35,21,AV,0,0,0,63,623.7253316558669,0.4,-27.622,"0.5707603174603174,0.26370769230769237,0.29768275862068966,0.4,0.63,0.03275787081816973","0,0,0"
15.283333333333333,238,AV,1,0,0,42,4925.450001742355,0.2,-27.621999999999996,"0.2144404761904762,0.14060281385281384,0.17425584795321636,0.2,0.42,0.25868318423124653","0,0,0"
27.966666666666665,165,AV,1,0,0,65,2838.632091159661,0.1,-27.621999999999996,"0.5970769230769231,0.275919540229885,0.30900937500000003,0.1,0.65,0.149084121845197","0,0,0"
29.25,51,AV,2,0,0,62,932.0432837729122,0.4,-27.622,"0.5650360824742269,0.2596531862745098,0.29335600907029474,0.4,0.62,0.04895063890658413","0,0,0"
8.0,168,AV,1,0,0,11,2909.8477340427667,0.3,-27.622,"0.053277777777777785,0.0773263888888889,0.11484920634920634,0.3,0.11,0.15282434644631168","0,0,0"
18.583333333333332,68,AV,2,0,0,39,1141.0395517097602,0.7,-27.621999999999996,"0.1739108527131783,0.1251801242236025,0.15501127819548874,0.7,0.39,0.05992706137828231","0,0,0"
60.733333333333334,81,AV,0,0,0,65,1297.4303329633815,0.1,-27.622,"0.5970769230769231,0.275919540229885,0.30900937500000003,0.1,0.65,0.06814065917437974","0,0,0"
45.2,23,AV,0,0,0,54,632.5893922142865,0.2,-27.622,"0.4235181818181818,0.21551056338028166,0.24810807291666667,0.2,0.54,0.033223408669464424","0,0,0"
33.333333333333336,265,AV,2,0,0,68,6130.868263041086,0.2,-27.621999999999996,"0.6261849816849817,0.28371985815602835,0.3139707207207208,0.2,0.68,0.3219913964865619","0,0,0"
15.716666666666667,12,AV,2,0,0,33,541.9839687696077,0.4,-27.622,"0.11395878136200716,0.10287419354838712,0.13534974747474748,0.4,0.33,0.028464838500850628","0,0,0"
35.55,196,AV,2,0,0,77,3427.0421228311798,0.1,-27.621999999999996,"0.6932604166666668,0.30959975669099754,0.3413004535147393,0.1,0.77,0.1799872435036349","0,0,0"
17.366666666666667,131,AV,0,0,0,33,2088.64210540395,0.3,-27.622,"0.11395878136200716,0.10287419354838712,0.13534974747474748,0.3,0.33,0.10969486856109009","0,0,0"
27.0,286,AV,2,0,0,55,9095.945853089892,0.1,-27.622,"0.4530833333333334,0.22725862068965516,0.2610129198966408,0.1,0.55,0.47771639871279653","0,0,0"
28.183333333333334,246,AV,2,0,0,58,5200.876525735832,0.4,-27.622,"0.48995454545454536,0.23859444444444441,0.26897482014388496,0.4,0.58,0.27314850419656395","0,0,0"
20.616666666666667,13,AV,0,0,0,35,566.7055292848979,0.5,-27.622,"0.14032823129251698,0.11474231678486996,0.14593853427895984,0.5,0.35,0.02976320758205103","0,0,0"
76.61666666666666,85,AV,0,0,0,81,1391.0507319816634,0.2,-27.622,"0.7128315972222221,0.3164388489208633,0.35098045977011494,0.2,0.81,0.07305757497262802","0,0,0"
21.016666666666666,34,AV,2,0,0,47,776.0711537761008,0.3,-27.622,"0.2881290322580645,0.16299275362318838,0.1968489932885906,0.3,0.47,0.04075902855125977","0,0,0"
11.933333333333334,61,AV,0,0,0,30,1038.299283744561,0.7,-27.622,"0.07918429487179486,0.08814752252252252,0.12022916666666665,0.7,0.3,0.054531172747475445","0,0,0"
26.633333333333333,56,AV,1,0,0,60,981.8973671489576,0.6,-27.621999999999996,"0.523384488448845,0.24802692307692314,0.2831633109619686,0.6,0.6,0.05156896069039748","0,0,0"
24.616666666666667,110,AV,1,0,0,57,1614.9493849180149,0.4,-27.622,"0.47822267759562836,0.23587999999999998,0.2659548872180451,0.4,0.57,0.08481666631781955","0,0,0"
60.666666666666664,72,AV,0,0,0,67,1205.4292211271013,0.2,-27.622,"0.6178569023569024,0.28171705426356586,0.3125789473684211,0.2,0.67,0.06330878786227523","0,0,0"
22.016666666666666,224,AV,2,0,0,48,4416.224882412617,0.8,-27.622,"0.301236559139785,0.1687450980392157,0.20249006622516558,0.8,0.48,0.23193883086005102","0,0,0"
21.95,84,AV,1,0,0,52,1386.7650627050614,0.8,-27.622,"0.39073065476190477,0.20432988505747127,0.23785365853658536,0.8,0.52,0.07283249288375467","0,0,0"
72.83333333333333,230,AV,0,0,0,77,4572.8741748457805,0.2,-27.622,"0.6932604166666668,0.30959975669099754,0.3413004535147393,0.2,0.77,0.24016600558720239","0,0,0"
14.666666666666666,270,AV,1,0,0,41,7128.986247371214,0.1,-27.622,"0.20097169811320753,0.1341904761904762,0.16666805555555558,0.1,0.41,0.3744122592165977","0,0,0"
20.75,204,AV,1,0,0,50,3773.073658575576,0.4,-27.622,"0.3382669616519175,0.18231642512077298,0.21728165374677005,0.4,0.5,0.19816071790275053","0,0,0"
17.55,233,AV,2,0,0,44,4639.089550420253,0.1,-27.622,"0.23868067226890757,0.14750995024875624,0.18384645669291333,0.1,0.44,0.24364361762115117","0,0,0"
22.983333333333334,209,AV,2,0,0,51,3898.759045987068,0.6,-27.622,"0.36556060606060614,0.19339523809523806,0.22985000000000003,0.6,0.51,0.204761677452729","0,0,0"
8.55,79,AV,1,0,0,22,1293.252850487379,0.1,-27.622,"0.06117708333333334,0.081840350877193,0.11697584541062803,0.1,0.22,0.0679212590244279","0,0,0"
11.283333333333333,202,AV,1,0,0,30,3630.005597296026,0.1,-27.621999999999996,"0.07918429487179486,0.08814752252252252,0.12022916666666665,0.1,0.3,0.1906468254380025","0,0,0"
33.05,63,AV,2,0,0,74,1068.5648373754009,0.2,-27.622,"0.6605538720538721,0.2984448717948718,0.33164900662251656,0.2,0.74,0.05612071071516929","0,0,0"
18.116666666666667,107,AV,2,0,0,42,1592.2311391495805,0.1,-27.622,"0.2144404761904762,0.14060281385281384,0.17425584795321636,0.1,0.42,0.08362351073742634","0,0,0"
23.816666666666666,198,AV,2,0,0,53,3480.90175047103,0.1,-27.621999999999996,"0.4020130434782609,0.20686971830985915,0.2403306233062331,0.1,0.53,0.18281593529310736","0,0,0"
29.366666666666667,65,AV,0,0,0,44,1089.3140785512585,0.1,-27.621999999999996,"0.23868067226890757,0.14750995024875624,0.18384645669291333,0.1,0.44,0.05721045475395848","0,0,0"
23.183333333333334,156,AV,1,0,0,54,2667.9339807116767,0.9,-27.622,"0.4235181818181818,0.21551056338028166,0.24810807291666667,0.9,0.54,0.140119107331331","0,0,0"
9.25,282,AV,1,0,0,28,8689.506535985933,0.6,-27.622,"0.07045107033639143,0.08463732394366198,0.11904134366925068,0.6,0.28,0.45637032541837","0,0,0"
20.416666666666668,288,AV,1,0,0,51,10213.823531357188,0.1,-27.621999999999996,"0.36556060606060614,0.19339523809523806,0.22985000000000003,0.1,0.51,0.5364270053158322","0,0,0"
19.983333333333334,235,AV,2,0,0,47,4705.31956239884,0.4,-27.622,"0.2881290322580645,0.16299275362318838,0.1968489932885906,0.4,0.47,0.24712199835473575","0,0,0"
15.35,114,AV,0,0,0,32,1659.6531244520008,0.7,-27.621999999999996,"0.10261054421768709,0.0988795045045045,0.12931840796019903,0.7,0.32,0.08716449355910817","0,0,0"
24.366666666666667,263,AV,1,0,0,57,6031.594525491932,0.1,-27.622,"0.47822267759562836,0.23587999999999998,0.2659548872180451,0.1,0.57,0.3167775690127944","0,0,0"
67.56666666666666,216,AV,0,0,0,74,4113.319853961603,0.1,-27.621999999999996,"0.6605538720538721,0.2984448717948718,0.33164900662251656,0.1,0.74,0.21603034792922307","0,0,0"
19.616666666666667,194,AV,2,0,0,46,3393.6426315430986,0.4,-27.621999999999996,"0.27047681159420295,0.157374686716792,0.19293055555555555,0.4,0.46,0.17823311205269168","0,0,0"
14.333333333333334,205,AV,1,0,0,41,3773.692032315799,0.2,-27.622,"0.20097169811320753,0.1341904761904762,0.16666805555555558,0.2,0.41,0.19819319470956198","0,0,0"
66.01666666666667,153,AV,0,0,0,71,2619.168197182975,0.7,-27.622,"0.6476123188405798,0.2908187919463088,0.3238189448441247,0.7,0.71,0.13755794273514713","0,0,0"
13.383333333333333,231,AV,2,0,0,32,4609.601315671212,0.1,-27.622,"0.10261054421768709,0.0988795045045045,0.12931840796019903,0.1,0.32,0.2420949042123171","0,0,0"
27.033333333333335,15,AV,1,0,0,58,571.0932451196882,0.1,-27.622,"0.48995454545454536,0.23859444444444441,0.26897482014388496,0.1,0.58,0.029993649126121902","0,0,0"
34.43333333333333,117,AV,2,0,0,74,1794.439334206041,0.4,-27.622,"0.6605538720538721,0.2984448717948718,0.33164900662251656,0.4,0.74,0.09424342561959032","0,0,0"
55.38333333333333,46,AV,0,0,0,61,881.2906222289953,0.1,-27.622,"0.5335947368421053,0.2505555555555556,0.2845866666666667,0.1,0.61,0.04628512406190052","0,0,0"
36.18333333333333,102,AV,0,0,0,49,1564.4426034616197,0.1,-27.622,"0.3179090909090909,0.17351410256410257,0.2065331125827814,0.1,0.49,0.08216406502295508","0,0,0"
7.433333333333334,5,AV,1,0,0,13,465.3670128771111,0.6,-27.621999999999996,"0.05379710144927536,0.07852702702702703,0.11572857142857144,0.6,0.13,0.0244409385304185","0,0,0"
21.95,49,AV,1,0,0,52,904.859336063587,0.1,-27.622,"0.39073065476190477,0.20432988505747127,0.23785365853658536,0.1,0.52,0.04752294597478371","0,0,0"
26.8,37,AV,1,0,0,61,832.4581618945489,0.1,-27.622,"0.5335947368421053,0.2505555555555556,0.2845866666666667,0.1,0.61,0.043720457619506006","0,0,0"
19.0,182,AV,2,0,0,44,3225.188153267811,0.4,-27.622,"0.23868067226890757,0.14750995024875624,0.18384645669291333,0.4,0.44,0.16938593244009792","0,0,0"
13.016666666666667,251,AV,1,0,0,36,5557.427333357366,0.2,-27.622,"0.14925,0.11810135135135136,0.14841183574879227,0.2,0.36,0.2918744476582037","0,0,0"
10.0,252,AV,1,0,0,30,5611.673516276995,0.3,-27.621999999999996,"0.07918429487179486,0.08814752252252252,0.12022916666666665,0.3,0.3,0.29472344121718336","0,0,0"
28.133333333333333,96,AV,1,0,0,62,1530.0661682302475,0.5,-27.622,"0.5650360824742269,0.2596531862745098,0.29335600907029474,0.5,0.62,0.08035862476368438","0,0,0"
16.983333333333334,17,AV,1,0,0,47,586.8516376274475,0.1,-27.622,"0.2881290322580645,0.16299275362318838,0.1968489932885906,0.1,0.47,0.03082127526197365","0,0,0"
31.783333333333335,104,AV,1,0,0,78,1579.1767070066765,0.5,-27.621999999999996,"0.7002535460992909,0.3123649635036496,0.3457203579418344,0.5,0.78,0.08293789580399638","0,0,0"
23.9,294,AV,0,0,0,37,13430.196447392702,0.3,-27.621999999999996,"0.15669587628865975,0.12036465324384787,0.15066791044776118,0.3,0.37,0.7053499640913518","0,0,0"
11.95,1,AV,0,0,0,30,419.7646265090227,0.1,-27.622,"0.07918429487179486,0.08814752252252252,0.12022916666666665,0.1,0.3,0.022045914621929386","0,0,0"
13.5,169,AV,0,0,0,30,2927.9701715656583,0.1,-27.621999999999996,"0.07918429487179486,0.08814752252252252,0.12022916666666665,0.1,0.3,0.1537761315304756","0,0,0"
31.466666666666665,87,AV,2,0,0,64,1434.4967426379471,0.1,-27.622,"0.5875931372549019,0.2728879551820728,0.3059276729559749,0.1,0.64,0.07533934666348602","0,0,0"
18.533333333333335,213,AV,2,0,0,44,3971.0791127863904,0.4,-27.621999999999996,"0.23868067226890757,0.14750995024875624,0.18384645669291333,0.4,0.44,0.20855990607282407","0,0,0"
23.45,55,AV,2,0,0,51,979.573716991658,0.1,-27.621999999999996,"0.36556060606060614,0.19339523809523806,0.22985000000000003,0.1,0.51,0.051446923268128025","0,0,0"
11.3,225,AV,1,0,0,31,4459.768546990965,0.1,-27.621999999999996,"0.09814776632302405,0.0973937360178971,0.12861069651741291,0.1,0.31,0.23422573130615026","0,0,0"
21.75,40,AV,2,0,0,49,859.2772315809713,0.3,-27.621999999999996,"0.3179090909090909,0.17351410256410257,0.2065331125827814,0.3,0.49,0.045128987264949426","0,0,0"
27.55,157,AV,2,0,0,53,2675.3892374750885,0.1,-27.622,"0.4020130434782609,0.20686971830985915,0.2403306233062331,0.1,0.53,0.14051065522200876","0,0,0"
12.816666666666666,33,AV,2,0,0,28,763.1985099142711,0.3,-27.622,"0.07045107033639143,0.08463732394366198,0.11904134366925068,0.3,0.28,0.04008296108484046","0,0,0"
13.75,206,AV,1,0,0,37,3824.993837156676,0.3,-27.621999999999996,"0.15669587628865975,0.12036465324384787,0.15066791044776118,0.3,0.37,0.20088755039855555","0,0,0"
20.55,75,AV,2,0,0,46,1249.5878531833848,0.2,-27.621999999999996,"0.27047681159420295,0.157374686716792,0.19293055555555555,0.2,0.46,0.06562798621929328","0,0,0"
31.8,226,AV,1,0,0,74,4504.939201911708,0.1,-27.622,"0.6605538720538721,0.2984448717948718,0.33164900662251656,0.1,0.74,0.2365980808061097","0,0,0"
46.88333333333333,18,AV,0,0,0,55,591.6693204447811,0.3,-27.622,"0.4530833333333334,0.22725862068965516,0.2610129198966408,0.3,0.55,0.0310742985454022","0,0,0"
27.483333333333334,269,AV,2,0,0,58,6709.13861087917,0.6,-27.622,"0.48995454545454536,0.23859444444444441,0.26897482014388496,0.6,0.58,0.352361984934795","0,0,0"
