travel_time,id,kind,action,origin,destination,start_time,income,urgency,reward,observation,cost_table
25.45,150,AV,0,0,0,72,2458.2611968747465,0.4,-0.6789074958658907,"7,234,33,4,72,2458","0,0,0"
18.666666666666668,99,AV,1,0,0,42,1614.9493849180149,0.1,-0.2866666666666667,"0,73,16,1,42,1614","0,0,0"
34.85,117,AV,1,0,0,58,1880.1756700095973,0.1,-0.4485,"5,175,32,1,58,1880","0,0,0"
5.75,56,AV,1,0,0,2,1025.7249596144625,0.6,-0.6575,"0,0,0,6,2,1025","0,0,0"
25.166666666666668,188,AV,0,0,0,71,3097.4575811220984,1.0,-1.2710373919885174,"6,232,33,10,71,3097","0,0,0"
40.18333333333333,177,AV,1,0,0,66,2946.490055333797,0.3,-0.7018333333333333,"6,218,32,3,66,2946","0,0,0"
41.65,208,AV,1,0,0,68,3456.1529418207683,0.5,-0.9165,"6,224,32,5,68,3456","0,0,0"
24.866666666666667,221,AV,2,0,0,69,4061.843573313689,0.6,-0.8486666666666667,"6,226,32,6,69,4061","0,0,0"
18.833333333333332,191,AV,1,0,0,43,3151.1733449572957,0.9,-1.0883333333333334,"0,78,20,9,43,3151","0,0,0"
27.083333333333332,53,AV,1,0,0,52,1014.5614647146556,0.2,-0.4708333333333333,"5,132,30,2,52,1014","0,0,0"
27.083333333333332,245,AV,0,0,0,76,4951.479839002994,0.5,-0.7829509228118117,"9,237,33,5,76,4951","0,0,0"
42.983333333333334,253,AV,1,0,0,71,5480.041794665195,0.2,-0.6298333333333334,"6,232,33,2,71,5480","0,0,0"
17.583333333333332,71,AV,1,0,0,41,1150.4391077840953,0.4,-0.5758333333333333,"0,68,16,4,41,1150","0,0,0"
45.06666666666667,247,AV,1,0,0,88,4968.170350229253,0.8,-1.2506666666666668,"10,250,35,8,88,4968","0,0,0"
16.983333333333334,273,AV,0,0,0,60,7897.119961473183,1.0,-1.1774310398760623,"5,184,32,10,60,7897","0,0,0"
33.15,85,AV,1,0,0,58,1434.4967426379471,0.5,-0.8314999999999999,"5,175,32,5,58,1434","0,0,0"
7.85,103,AV,1,0,0,21,1653.1781197118603,0.2,-0.2785,"0,12,2,2,21,1653","0,0,0"
29.866666666666667,284,AV,1,0,0,55,11049.706566164488,0.2,-0.4986666666666667,"5,152,31,2,55,11049","0,0,0"
37.35,168,AV,1,0,0,61,2780.081336731352,0.4,-0.7735000000000001,"6,191,32,4,61,2780","0,0,0"
38.5,34,AV,1,0,0,64,857.6590975250949,0.3,-0.685,"6,206,32,3,64,857","0,0,0"
14.916666666666666,261,AV,1,0,0,38,5899.132481879994,0.1,-0.24916666666666668,"0,56,16,1,38,5899","0,0,0"
26.833333333333332,11,AV,1,0,0,51,626.2908344343901,0.2,-0.4683333333333333,"5,129,25,2,51,626","0,0,0"
20.983333333333334,124,AV,1,0,0,46,1997.7276787447236,0.5,-0.7098333333333333,"3,92,20,5,46,1997","0,0,0"
21.9,229,AV,2,0,0,56,4547.885280126284,1.0,-1.2189999999999999,"5,160,31,10,56,4547","0,0,0"
34.666666666666664,166,AV,1,0,0,60,2761.3662775036096,0.2,-0.5466666666666666,"5,184,32,2,60,2761","0,0,0"
19.033333333333335,24,AV,1,0,0,43,779.2240782816187,0.2,-0.39033333333333337,"0,78,20,2,43,779","0,0,0"
19.583333333333332,250,AV,1,0,0,44,5158.4050556257225,0.1,-0.29583333333333334,"3,82,20,1,44,5158","0,0,0"
10.65,282,AV,1,0,0,28,9030.678864893336,0.6,-0.7065,"0,24,2,6,28,9030","0,0,0"
6.716666666666667,112,AV,1,0,0,9,1804.2001824470888,0.7,-0.7671666666666667,"0,2,0,7,9,1804","0,0,0"
26.2,176,AV,1,0,0,50,2942.323800284961,0.1,-0.362,"5,119,24,1,50,2942","0,0,0"
18.183333333333334,266,AV,2,0,0,51,6248.181898567973,1.0,-1.1818333333333333,"5,129,25,10,51,6248","0,0,0"
22.783333333333335,175,AV,1,0,0,48,2898.378436294527,0.2,-0.4278333333333334,"3,106,24,2,48,2898","0,0,0"
28.733333333333334,92,AV,1,0,0,53,1519.7273932229994,0.3,-0.5873333333333333,"5,141,30,3,53,1519","0,0,0"
20.616666666666667,120,AV,2,0,0,51,1929.5758599688188,1.0,-1.2061666666666666,"5,129,25,10,51,1929","0,0,0"
23.533333333333335,234,AV,1,0,0,48,4617.1597275219765,0.3,-0.5353333333333333,"3,106,24,3,48,4617","0,0,0"
14.866666666666667,190,AV,2,0,0,36,3132.463358685509,0.5,-0.6486666666666667,"0,46,15,5,36,3132","0,0,0"
34.85,121,AV,1,0,0,59,1945.516475481125,0.4,-0.7485,"5,178,32,4,59,1945","0,0,0"
38.75,86,AV,1,0,0,64,1447.5744631551047,0.3,-0.6875,"6,206,32,3,64,1447","0,0,0"
16.3,264,AV,1,0,0,40,6007.794801579103,0.1,-0.263,"0,64,16,1,40,6007","0,0,0"
31.033333333333335,222,AV,1,0,0,56,4104.202624979457,0.2,-0.5103333333333333,"5,160,31,2,56,4104","0,0,0"
25.433333333333334,33,AV,1,0,0,50,835.7777612710734,0.3,-0.5543333333333333,"5,119,24,3,50,835","0,0,0"
20.583333333333332,169,AV,2,0,0,51,2793.3389947689566,0.9,-1.1058333333333334,"5,129,25,9,51,2793","0,0,0"
20.483333333333334,145,AV,1,0,0,46,2382.718205806423,0.6,-0.8048333333333333,"3,92,20,6,46,2382","0,0,0"
31.283333333333335,90,AV,1,0,0,56,1503.4428459110418,1.0,-1.3128333333333333,"5,160,31,10,56,1503","0,0,0"
17.75,246,AV,1,0,0,42,4959.361066312568,0.1,-0.27749999999999997,"0,73,16,1,42,4959","0,0,0"
24.583333333333332,269,AV,1,0,0,50,7099.697064525982,0.1,-0.3458333333333333,"5,119,24,1,50,7099","0,0,0"
26.383333333333333,227,AV,1,0,0,50,4304.4895651906745,0.2,-0.4638333333333333,"5,119,24,2,50,4304","0,0,0"
31.916666666666668,129,AV,1,0,0,56,2123.4400354784907,0.2,-0.5191666666666667,"5,160,31,2,56,2123","0,0,0"
9.266666666666667,159,AV,1,0,0,24,2574.4307659940623,0.3,-0.39266666666666666,"0,16,2,3,24,2574","0,0,0"
42.166666666666664,5,AV,1,0,0,68,522.2875039790788,0.1,-0.5216666666666666,"6,224,32,1,68,522","0,0,0"
9.416666666666666,23,AV,1,0,0,26,779.0639592631991,0.3,-0.39416666666666667,"0,21,2,3,26,779","0,0,0"
11.65,140,AV,1,0,0,30,2302.618320259251,0.1,-0.21650000000000003,"0,32,2,1,30,2302","0,0,0"
21.866666666666667,198,AV,1,0,0,47,3301.717979419838,0.1,-0.31866666666666665,"3,99,22,1,47,3301","0,0,0"
42.166666666666664,238,AV,1,0,0,69,4662.282088415262,0.1,-0.5216666666666666,"6,226,32,1,69,4662","0,0,0"
17.566666666666666,20,AV,1,0,0,41,753.5670156580491,0.5,-0.6756666666666666,"0,68,16,5,41,753","0,0,0"
15.333333333333334,220,AV,1,0,0,39,4021.28082322038,0.5,-0.6533333333333333,"0,58,16,5,39,4021","0,0,0"
31.333333333333332,100,AV,1,0,0,55,1614.9573615816892,0.3,-0.6133333333333333,"5,152,31,3,55,1614","0,0,0"
18.283333333333335,104,AV,1,0,0,42,1659.6531244520008,0.2,-0.38283333333333336,"0,73,16,2,42,1659","0,0,0"
9.6,200,AV,0,0,0,43,3361.758609282253,0.3,-0.4138478013960706,"0,78,20,3,43,3361","0,0,0"
23.45,160,AV,1,0,0,49,2580.565825479665,0.1,-0.3345,"5,110,24,1,49,2580","0,0,0"
18.983333333333334,167,AV,1,0,0,43,2767.495209174315,0.2,-0.38983333333333337,"0,78,20,2,43,2767","0,0,0"
24.95,1,AV,1,0,0,50,477.1303205766694,0.6,-0.8494999999999999,"5,119,24,6,50,477","0,0,0"
33.7,52,AV,1,0,0,57,985.8695826897422,0.1,-0.43700000000000006,"5,169,32,1,57,985","0,0,0"
22.3,73,AV,1,0,0,47,1244.4027248274256,0.1,-0.323,"3,99,22,1,47,1244","0,0,0"
9.0,289,AV,1,0,0,20,13079.31179296209,0.4,-0.49,"0,9,2,4,20,13079","0,0,0"
6.966666666666667,82,AV,1,0,0,11,1342.087988935639,0.1,-0.1696666666666667,"0,4,0,1,11,1342","0,0,0"
31.466666666666665,72,AV,1,0,0,55,1194.3606142611325,0.9,-1.2146666666666666,"5,152,31,9,55,1194","0,0,0"
35.266666666666666,54,AV,1,0,0,59,1017.530975349866,0.1,-0.45266666666666666,"5,178,32,1,59,1017","0,0,0"
44.7,25,AV,1,0,0,75,802.5586880039084,0.1,-0.547,"9,236,33,1,75,802","0,0,0"
22.616666666666667,254,AV,1,0,0,47,5557.427333357366,0.3,-0.5261666666666667,"3,99,22,3,47,5557","0,0,0"
29.833333333333332,207,AV,1,0,0,54,3398.605365942332,0.3,-0.5983333333333334,"5,149,31,3,54,3398","0,0,0"
7.266666666666667,87,AV,1,0,0,13,1460.8215047913693,0.1,-0.1726666666666667,"0,6,0,1,13,1460","0,0,0"
15.983333333333333,225,AV,1,0,0,39,4223.122456076251,0.7,-0.8598333333333332,"0,58,16,7,39,4223","0,0,0"
11.933333333333334,75,AV,1,0,0,30,1260.6549751070208,0.2,-0.31933333333333336,"0,32,2,2,30,1260","0,0,0"
45.46666666666667,186,AV,1,0,0,79,3048.604611013583,0.6,-1.0546666666666666,"10,241,35,6,79,3048","0,0,0"
12.95,142,AV,2,0,0,34,2318.2944376966047,0.5,-0.6295,"0,43,8,5,34,2318","0,0,0"
45.483333333333334,299,AV,1,0,0,81,20793.30768626012,0.3,-0.7548333333333334,"10,243,35,3,81,20793","0,0,0"
43.766666666666666,59,AV,1,0,0,72,1047.1205397958274,0.1,-0.5376666666666666,"7,234,33,1,72,1047","0,0,0"
13.783333333333333,115,AV,1,0,0,36,1832.3133019091129,0.2,-0.3378333333333333,"0,46,15,2,36,1832","0,0,0"
29.25,0,AV,1,0,0,53,381.3218977270381,0.3,-0.5925,"5,141,30,3,53,381","0,0,0"
39.766666666666666,241,AV,1,0,0,65,4754.245589533712,0.4,-0.7976666666666667,"6,212,32,4,65,4754","0,0,0"
36.55,224,AV,1,0,0,60,4200.245935785981,0.2,-0.5655,"5,184,32,2,60,4200","0,0,0"
13.016666666666667,233,AV,1,0,0,33,4572.8741748457805,0.1,-0.23016666666666669,"0,40,2,1,33,4572","0,0,0"
13.116666666666667,197,AV,1,0,0,35,3278.222126324269,0.1,-0.2311666666666667,"0,43,12,1,35,3278","0,0,0"
27.383333333333333,14,AV,1,0,0,51,636.6552097563458,0.2,-0.47383333333333333,"5,129,25,2,51,636","0,0,0"
32.38333333333333,12,AV,1,0,0,56,627.4062491148882,0.3,-0.6238333333333332,"5,160,31,3,56,627","0,0,0"
23.333333333333332,68,AV,1,0,0,48,1141.0395517097602,0.2,-0.43333333333333335,"3,106,24,2,48,1141","0,0,0"
14.216666666666667,171,AV,1,0,0,36,2813.5576138103806,0.1,-0.24216666666666667,"0,46,15,1,36,2813","0,0,0"
40.666666666666664,203,AV,1,0,0,66,3368.9508766880413,0.1,-0.5066666666666666,"6,218,32,1,66,3368","0,0,0"
9.066666666666666,50,AV,1,0,0,22,979.5720138781878,0.1,-0.19066666666666665,"0,14,2,1,22,979","0,0,0"
22.45,219,AV,1,0,0,47,3942.222625638348,0.1,-0.3245,"3,99,22,1,47,3942","0,0,0"
30.366666666666667,172,AV,1,0,0,55,2818.3733061874163,0.2,-0.5036666666666667,"5,152,31,2,55,2818","0,0,0"
23.666666666666668,206,AV,1,0,0,49,3393.6426315430986,0.1,-0.33666666666666667,"5,110,24,1,49,3393","0,0,0"
26.416666666666668,133,AV,2,0,0,78,2212.8825544422834,1.0,-1.2641666666666667,"10,237,34,10,78,2212","0,0,0"
33.21666666666667,44,AV,1,0,0,56,946.1123250925148,0.2,-0.5321666666666667,"5,160,31,2,56,946","0,0,0"
37.9,240,AV,1,0,0,62,4747.153558918807,0.3,-0.679,"6,198,32,3,62,4747","0,0,0"
24.166666666666668,135,AV,1,0,0,49,2218.7455195521825,0.1,-0.3416666666666667,"5,110,24,1,49,2218","0,0,0"
34.06666666666667,232,AV,1,0,0,59,4569.840806868062,0.2,-0.5406666666666666,"5,178,32,2,59,4569","0,0,0"
9.033333333333333,218,AV,1,0,0,24,3933.772930850901,0.4,-0.49033333333333334,"0,16,2,4,24,3933","0,0,0"
15.766666666666667,69,AV,1,0,0,39,1148.2139867956057,0.1,-0.2576666666666667,"0,58,16,1,39,1148","0,0,0"
19.133333333333333,9,AV,2,0,0,51,615.3970356119416,0.5,-0.6913333333333334,"5,129,25,5,51,615","0,0,0"
15.783333333333333,259,AV,1,0,0,38,5825.994272151124,0.5,-0.6578333333333333,"0,56,16,5,38,5825","0,0,0"
7.883333333333334,131,AV,1,0,0,20,2193.4249838744518,0.2,-0.2788333333333334,"0,9,2,2,20,2193","0,0,0"
42.333333333333336,6,AV,1,0,0,69,548.7192496267361,0.1,-0.5233333333333333,"6,226,32,1,69,548","0,0,0"
44.81666666666667,265,AV,1,0,0,90,6230.691172258436,0.4,-0.8481666666666667,"10,252,35,4,90,6230","0,0,0"
44.45,127,AV,1,0,0,78,2113.1349678504243,0.4,-0.8445,"10,237,34,4,78,2113","0,0,0"
43.15,49,AV,1,0,0,78,978.4447105201264,0.6,-1.0314999999999999,"10,237,34,6,78,978","0,0,0"
14.283333333333333,297,AV,1,0,0,37,18628.94525544202,1.0,-1.1428333333333334,"0,51,16,10,37,18628","0,0,0"
37.68333333333333,116,AV,1,0,0,62,1848.7234685638712,0.3,-0.6768333333333333,"6,198,32,3,62,1848","0,0,0"
38.233333333333334,29,AV,1,0,0,62,816.2772675203604,0.3,-0.6823333333333333,"6,198,32,3,62,816","0,0,0"
44.28333333333333,292,AV,1,0,0,85,14505.369879802229,0.2,-0.6428333333333334,"10,247,35,2,85,14505","0,0,0"
13.266666666666667,213,AV,1,0,0,33,3783.636689084741,0.1,-0.2326666666666667,"0,40,2,1,33,3783","0,0,0"
16.366666666666667,210,AV,2,0,0,42,3724.6301341612702,0.3,-0.46366666666666667,"0,73,16,3,42,3724","0,0,0"
43.416666666666664,105,AV,1,0,0,80,1661.9571573900298,0.3,-0.7341666666666666,"10,242,35,3,80,1661","0,0,0"
19.783333333333335,7,AV,1,0,0,44,610.4868582393152,0.2,-0.39783333333333337,"3,82,20,2,44,610","0,0,0"
27.35,46,AV,1,0,0,52,948.3478854920526,0.2,-0.47350000000000003,"5,132,30,2,52,948","0,0,0"
42.233333333333334,173,AV,1,0,0,69,2853.537244729806,0.3,-0.7223333333333333,"6,226,32,3,69,2853","0,0,0"
40.03333333333333,139,AV,1,0,0,65,2294.767722006211,0.2,-0.6003333333333334,"6,212,32,2,65,2294","0,0,0"
25.483333333333334,15,AV,1,0,0,50,639.9143284368583,0.4,-0.6548333333333334,"5,119,24,4,50,639","0,0,0"
36.583333333333336,231,AV,1,0,0,60,4559.760277629775,0.3,-0.6658333333333333,"5,184,32,3,60,4559","0,0,0"
35.516666666666666,110,AV,1,0,0,59,1782.711710770346,0.1,-0.4551666666666666,"5,178,32,1,59,1782","0,0,0"
25.983333333333334,61,AV,1,0,0,50,1074.3823512953045,0.4,-0.6598333333333334,"5,119,24,4,50,1074","0,0,0"
12.133333333333333,183,AV,1,0,0,32,3001.8426729260827,0.1,-0.22133333333333333,"0,37,2,1,32,3001","0,0,0"
33.86666666666667,274,AV,1,0,0,57,7912.643587116454,0.1,-0.43866666666666665,"5,169,32,1,57,7912","0,0,0"
33.733333333333334,10,AV,1,0,0,58,617.4453946714843,0.5,-0.8373333333333333,"5,175,32,5,58,617","0,0,0"
16.65,212,AV,1,0,0,40,3759.463069718096,0.1,-0.26649999999999996,"0,64,16,1,40,3759","0,0,0"
28.633333333333333,211,AV,1,0,0,53,3729.3449139509553,0.1,-0.3863333333333333,"5,141,30,1,53,3729","0,0,0"
30.4,236,AV,1,0,0,54,4656.548587392589,0.4,-0.704,"5,149,31,4,54,4656","0,0,0"
7.5,62,AV,1,0,0,18,1076.386102050743,0.1,-0.175,"0,8,1,1,18,1076","0,0,0"
24.6,157,AV,1,0,0,49,2530.9644311939346,0.6,-0.846,"5,110,24,6,49,2530","0,0,0"
38.93333333333333,144,AV,1,0,0,63,2337.3116255789537,0.3,-0.6893333333333334,"6,204,32,3,63,2337","0,0,0"
12.966666666666667,91,AV,1,0,0,33,1509.578116022191,0.2,-0.32966666666666666,"0,40,2,2,33,1509","0,0,0"
44.483333333333334,204,AV,1,0,0,86,3382.383844415393,0.5,-0.9448333333333334,"10,248,35,5,86,3382","0,0,0"
36.25,272,AV,1,0,0,61,7572.106998522375,0.4,-0.7625,"6,191,32,4,61,7572","0,0,0"
29.583333333333332,38,AV,1,0,0,53,905.8209551718018,0.7,-0.9958333333333333,"5,141,30,7,53,905","0,0,0"
7.6,256,AV,1,0,0,20,5590.116807812239,0.2,-0.276,"0,9,2,2,20,5590","0,0,0"
21.5,113,AV,1,0,0,46,1805.1606101798543,0.4,-0.615,"3,92,20,4,46,1805","0,0,0"
27.783333333333335,285,AV,1,0,0,52,11185.875164713363,0.4,-0.6778333333333334,"5,132,30,4,52,11185","0,0,0"
9.916666666666666,136,AV,0,0,0,43,2225.3307045190536,0.4,-0.5261289513635685,"0,78,20,4,43,2225","0,0,0"
19.633333333333333,143,AV,1,0,0,45,2335.4036410281064,0.7,-0.8963333333333333,"3,86,20,7,45,2335","0,0,0"
17.366666666666667,242,AV,1,0,0,40,4756.448820673547,0.1,-0.27366666666666667,"0,64,16,1,40,4756","0,0,0"
38.833333333333336,81,AV,1,0,0,63,1297.4303329633815,0.6,-0.9883333333333333,"6,204,32,6,63,1297","0,0,0"
27.783333333333335,187,AV,1,0,0,52,3065.2253709468137,0.2,-0.4778333333333334,"5,132,30,2,52,3065","0,0,0"
16.666666666666668,189,AV,1,0,0,41,3131.512437779759,0.1,-0.2666666666666667,"0,68,16,1,41,3131","0,0,0"
32.516666666666666,132,AV,1,0,0,57,2198.5025098873134,0.4,-0.7251666666666667,"5,169,32,4,57,2198","0,0,0"
36.1,80,AV,1,0,0,61,1293.252850487379,0.1,-0.46099999999999997,"6,191,32,1,61,1293","0,0,0"
45.61666666666667,107,AV,1,0,0,82,1697.366940102563,0.6,-1.0561666666666667,"10,244,35,6,82,1697","0,0,0"
42.916666666666664,138,AV,1,0,0,71,2280.385817754286,0.2,-0.6291666666666667,"6,232,33,2,71,2280","0,0,0"
23.566666666666666,18,AV,1,0,0,48,741.34301771214,0.6,-0.8356666666666667,"3,106,24,6,48,741","0,0,0"
37.416666666666664,260,AV,1,0,0,62,5844.130995646287,0.4,-0.7741666666666667,"6,198,32,4,62,5844","0,0,0"
11.016666666666667,3,AV,1,0,0,29,508.6019702527906,0.1,-0.21016666666666667,"0,30,2,1,29,508","0,0,0"
22.95,244,AV,1,0,0,47,4950.077303955518,0.2,-0.4295,"3,99,22,2,47,4950","0,0,0"
20.133333333333333,295,AV,1,0,0,45,16390.717038727882,0.1,-0.30133333333333334,"3,86,20,1,45,16390","0,0,0"
37.11666666666667,202,AV,1,0,0,61,3366.895459871004,0.6,-0.9711666666666666,"6,191,32,6,61,3366","0,0,0"
41.71666666666667,42,AV,1,0,0,67,934.0011274976006,0.2,-0.6171666666666666,"6,223,32,2,67,934","0,0,0"
44.0,164,AV,1,0,0,72,2750.2432356670683,0.2,-0.64,"7,234,33,2,72,2750","0,0,0"
29.95,163,AV,1,0,0,53,2744.255474143275,0.3,-0.5994999999999999,"5,141,30,3,53,2744","0,0,0"
15.883333333333333,79,AV,1,0,0,39,1291.2118623687816,0.2,-0.35883333333333334,"0,58,16,2,39,1291","0,0,0"
13.0,278,AV,2,0,0,34,8348.421721831439,0.2,-0.33,"0,43,8,2,34,8348","0,0,0"
17.35,216,AV,2,0,0,42,3824.993837156676,0.5,-0.6735,"0,73,16,5,42,3824","0,0,0"
35.7,154,AV,1,0,0,59,2520.718778515204,0.1,-0.4570000000000001,"5,178,32,1,59,2520","0,0,0"
7.066666666666666,93,AV,1,0,0,10,1527.6889462703334,0.3,-0.37066666666666664,"0,3,0,3,10,1527","0,0,0"
36.416666666666664,156,AV,1,0,0,61,2528.765907819195,0.2,-0.5641666666666667,"6,191,32,2,61,2528","0,0,0"
9.816666666666666,279,AV,1,0,0,25,8436.938288223368,0.2,-0.2981666666666667,"0,19,2,2,25,8436","0,0,0"
21.45,51,AV,1,0,0,46,979.573716991658,0.3,-0.5145,"3,92,20,3,46,979","0,0,0"
13.733333333333333,192,AV,1,0,0,36,3159.4556453821087,0.1,-0.23733333333333334,"0,46,15,1,36,3159","0,0,0"
28.333333333333332,4,AV,1,0,0,52,513.3463032142733,1.0,-1.2833333333333332,"5,132,30,10,52,513","0,0,0"
31.083333333333332,39,AV,1,0,0,54,921.9548251796884,0.3,-0.6108333333333333,"5,149,31,3,54,921","0,0,0"
30.05,114,AV,1,0,0,55,1823.811293294481,0.3,-0.6005,"5,152,31,3,55,1823","0,0,0"
11.7,102,AV,1,0,0,30,1635.9686818612918,0.3,-0.417,"0,32,2,3,30,1635","0,0,0"
16.733333333333334,226,AV,1,0,0,40,4227.85786318916,0.3,-0.4673333333333333,"0,64,16,3,40,4227","0,0,0"
19.183333333333334,13,AV,1,0,0,43,632.5893922142865,0.4,-0.5918333333333333,"0,78,20,4,43,632","0,0,0"
20.483333333333334,255,AV,2,0,0,53,5578.433439706214,1.0,-1.2048333333333334,"5,141,30,10,53,5578","0,0,0"
27.133333333333333,179,AV,1,0,0,52,2965.4163440895786,0.1,-0.3713333333333333,"5,132,30,1,52,2965","0,0,0"
13.983333333333333,43,AV,1,0,0,36,938.3100494872764,0.7,-0.8398333333333333,"0,46,15,7,36,938","0,0,0"
45.93333333333333,8,AV,1,0,0,82,614.9217871931492,0.2,-0.6593333333333333,"10,244,35,2,82,614","0,0,0"
45.483333333333334,65,AV,1,0,0,88,1117.0806745336297,0.2,-0.6548333333333334,"10,250,35,2,88,1117","0,0,0"
32.63333333333333,293,AV,1,0,0,56,14754.343640924068,0.4,-0.7263333333333333,"5,160,31,4,56,14754","0,0,0"
10.5,252,AV,1,0,0,28,5458.612723313221,0.2,-0.305,"0,24,2,2,28,5458","0,0,0"
5.816666666666666,137,AV,1,0,0,5,2276.662146114732,1.0,-1.0581666666666667,"0,1,0,10,5,2276","0,0,0"
10.816666666666666,36,AV,1,0,0,28,870.7377108213431,0.2,-0.3081666666666667,"0,24,2,2,28,870","0,0,0"
32.983333333333334,31,AV,1,0,0,57,825.4433072334436,0.2,-0.5298333333333334,"5,169,32,2,57,825","0,0,0"
15.05,181,AV,2,0,0,33,2969.8754393798326,0.4,-0.5505,"0,40,2,4,33,2969","0,0,0"
10.083333333333334,287,AV,1,0,0,27,11662.42845360034,0.1,-0.20083333333333336,"0,22,2,1,27,11662","0,0,0"
20.683333333333334,290,AV,2,0,0,50,13748.957190518822,0.2,-0.4068333333333334,"5,119,24,2,50,13748","0,0,0"
14.75,185,AV,1,0,0,37,3031.4508351358254,0.5,-0.6475,"0,51,16,5,37,3031","0,0,0"
24.333333333333332,152,AV,1,0,0,49,2478.182963693478,0.1,-0.3433333333333333,"5,110,24,1,49,2478","0,0,0"
14.05,97,AV,2,0,0,33,1588.8002265047048,0.4,-0.5405,"0,40,2,4,33,1588","0,0,0"
17.166666666666668,223,AV,2,0,0,42,4159.866430607663,0.2,-0.3716666666666667,"0,73,16,2,42,4159","0,0,0"
25.8,28,AV,1,0,0,50,814.1496548969513,0.2,-0.458,"5,119,24,2,50,814","0,0,0"
43.9,37,AV,1,0,0,83,871.0408974081768,0.5,-0.9390000000000001,"10,246,35,5,83,871","0,0,0"
16.416666666666668,280,AV,2,0,0,42,8480.737499651503,1.0,-1.1641666666666666,"0,73,16,10,42,8480","0,0,0"
15.8,64,AV,2,0,0,33,1111.987968807459,0.1,-0.258,"0,40,2,1,33,1111","0,0,0"
14.633333333333333,214,AV,2,0,0,34,3803.247088152212,0.2,-0.3463333333333333,"0,43,8,2,34,3803","0,0,0"
42.61666666666667,118,AV,1,0,0,69,1900.764377468582,0.4,-0.8261666666666667,"6,226,32,4,69,1900","0,0,0"
24.366666666666667,209,AV,1,0,0,49,3531.3895067900216,0.2,-0.44366666666666665,"5,110,24,2,49,3531","0,0,0"
28.816666666666666,21,AV,1,0,0,52,761.8437659652793,0.1,-0.38816666666666666,"5,132,30,1,52,761","0,0,0"
21.5,199,AV,1,0,0,46,3313.1900178081896,0.2,-0.41500000000000004,"3,92,20,2,46,3313","0,0,0"
19.45,239,AV,2,0,0,51,4669.869929992837,0.9,-1.0945,"5,129,25,9,51,4669","0,0,0"
30.966666666666665,296,AV,1,0,0,55,17322.90883950548,0.4,-0.7096666666666667,"5,152,31,4,55,17322","0,0,0"
9.65,2,AV,1,0,0,24,497.26542980048754,0.4,-0.49650000000000005,"0,16,2,4,24,497","0,0,0"
11.5,95,AV,0,0,0,48,1567.0706205360798,1.0,-1.1532880000516343,"3,106,24,10,48,1567","0,0,0"
21.6,174,AV,1,0,0,46,2857.8751728516777,0.1,-0.31600000000000006,"3,92,20,1,46,2857","0,0,0"
27.066666666666666,41,AV,0,0,0,73,932.1411738504048,0.4,-0.7350345989962273,"8,236,33,4,73,932","0,0,0"
34.983333333333334,275,AV,1,0,0,60,8028.27043643778,0.1,-0.4498333333333333,"5,184,32,1,60,8028","0,0,0"
13.816666666666666,60,AV,2,0,0,35,1068.5648373754009,1.0,-1.1381666666666668,"0,43,12,10,35,1068","0,0,0"
13.55,70,AV,2,0,0,35,1150.2916000513435,0.3,-0.4355,"0,43,12,3,35,1150","0,0,0"
42.8,101,AV,1,0,0,69,1626.914224999384,0.2,-0.628,"6,226,32,2,69,1626","0,0,0"
37.516666666666666,78,AV,1,0,0,61,1275.9312017726234,0.1,-0.4751666666666666,"6,191,32,1,61,1275","0,0,0"
10.983333333333333,258,AV,1,0,0,28,5721.231751015957,0.1,-0.20983333333333332,"0,24,2,1,28,5721","0,0,0"
39.833333333333336,119,AV,1,0,0,64,1921.5023446668008,0.1,-0.4983333333333334,"6,206,32,1,64,1921","0,0,0"
22.6,196,AV,1,0,0,47,3269.866339895674,0.2,-0.42600000000000005,"3,99,22,2,47,3269","0,0,0"
44.95,66,AV,1,0,0,78,1129.1321270070612,0.1,-0.5495,"10,237,34,1,78,1129","0,0,0"
39.88333333333333,262,AV,1,0,0,64,5960.007005011629,0.4,-0.7988333333333333,"6,206,32,4,64,5960","0,0,0"
35.95,153,AV,1,0,0,59,2496.2043409386315,0.2,-0.5595000000000001,"5,178,32,2,59,2496","0,0,0"
14.8,165,AV,1,0,0,36,2754.938443140308,0.9,-1.048,"0,46,15,9,36,2754","0,0,0"
10.75,281,AV,1,0,0,28,8987.822610831106,0.1,-0.20750000000000002,"0,24,2,1,28,8987","0,0,0"
20.616666666666667,158,AV,2,0,0,46,2563.744074524839,0.4,-0.6061666666666667,"3,92,20,4,46,2563","0,0,0"
12.616666666666667,17,AV,1,0,0,32,682.056612603955,0.1,-0.22616666666666668,"0,37,2,1,32,682","0,0,0"
9.016666666666667,57,AV,1,0,0,22,1038.299283744561,0.3,-0.39016666666666666,"0,14,2,3,22,1038","0,0,0"
11.6,294,AV,0,0,0,48,15725.918848752755,0.8,-0.9198153573458608,"3,106,24,8,48,15725","0,0,0"
43.733333333333334,130,AV,1,0,0,78,2139.4702648744856,0.4,-0.8373333333333334,"10,237,34,4,78,2139","0,0,0"
13.466666666666667,230,AV,1,0,0,35,4549.115907877681,0.1,-0.23466666666666666,"0,43,12,1,35,4549","0,0,0"
13.583333333333334,151,AV,2,0,0,33,2476.7926805910606,0.2,-0.3358333333333333,"0,40,2,2,33,2476","0,0,0"
19.466666666666665,276,AV,1,0,0,44,8029.700924090037,0.2,-0.39466666666666667,"3,82,20,2,44,8029","0,0,0"
29.0,32,AV,1,0,0,52,832.3173438658397,1.0,-1.29,"5,132,30,10,52,832","0,0,0"
38.46666666666667,178,AV,1,0,0,62,2953.761118311176,0.3,-0.6846666666666668,"6,198,32,3,62,2953","0,0,0"
45.95,271,AV,1,0,0,94,7177.938863287724,0.5,-0.9595,"10,253,35,5,94,7177","0,0,0"
12.3,96,AV,1,0,0,31,1572.8756307612184,0.9,-1.0230000000000001,"0,36,2,9,31,1572","0,0,0"
14.4,277,AV,1,0,0,37,8331.964781214912,0.1,-0.24400000000000002,"0,51,16,1,37,8331","0,0,0"
21.166666666666668,141,AV,2,0,0,46,2318.1098695731453,0.4,-0.6116666666666667,"3,92,20,4,46,2318","0,0,0"
11.066666666666666,63,AV,1,0,0,29,1097.8259349569896,0.4,-0.5106666666666667,"0,30,2,4,29,1097","0,0,0"
27.283333333333335,58,AV,1,0,0,51,1040.734547163155,0.1,-0.37283333333333335,"5,129,25,1,51,1040","0,0,0"
7.516666666666667,123,AV,1,0,0,11,1996.532829496936,0.5,-0.5751666666666666,"0,4,0,5,11,1996","0,0,0"
20.45,288,AV,1,0,0,45,11940.25564443948,0.4,-0.6045,"3,86,20,4,45,11940","0,0,0"
14.083333333333334,268,AV,2,0,0,34,6778.2755320215965,0.3,-0.4408333333333333,"0,43,8,3,34,6778","0,0,0"
9.95,248,AV,0,0,0,43,5003.647877951615,0.3,-0.41149125147562593,"0,78,20,3,43,5003","0,0,0"
10.133333333333333,88,AV,1,0,0,27,1475.2077210572677,0.7,-0.8013333333333332,"0,22,2,7,27,1475","0,0,0"
20.45,35,AV,1,0,0,45,863.3540159882258,0.2,-0.40449999999999997,"3,86,20,2,45,863","0,0,0"
35.5,89,AV,1,0,0,60,1485.5718097438446,0.2,-0.5549999999999999,"5,184,32,2,60,1485","0,0,0"
36.916666666666664,27,AV,1,0,0,61,807.7368269013535,0.3,-0.6691666666666667,"6,191,32,3,61,807","0,0,0"
35.81666666666667,22,AV,1,0,0,60,767.6170681366935,0.4,-0.7581666666666667,"5,184,32,4,60,767","0,0,0"
11.133333333333333,134,AV,1,0,0,28,2218.0502812558643,0.4,-0.5113333333333333,"0,24,2,4,28,2218","0,0,0"
20.866666666666667,243,AV,1,0,0,45,4924.983441788647,1.0,-1.2086666666666668,"3,86,20,10,45,4924","0,0,0"
10.9,83,AV,2,0,0,18,1365.417472605012,1.0,-1.109,"0,8,1,10,18,1365","0,0,0"
19.883333333333333,148,AV,1,0,0,44,2421.832203454489,0.2,-0.3988333333333334,"3,82,20,2,44,2421","0,0,0"
26.25,30,AV,1,0,0,50,822.5771428470101,0.4,-0.6625000000000001,"5,119,24,4,50,822","0,0,0"
43.28333333333333,249,AV,1,0,0,70,5004.1281918097375,0.3,-0.7328333333333332,"6,231,33,3,70,5004","0,0,0"
39.916666666666664,47,AV,1,0,0,65,954.0002559944874,0.2,-0.5991666666666666,"6,212,32,2,65,954","0,0,0"
38.96666666666667,146,AV,1,0,0,64,2392.7441380289174,0.7,-1.0896666666666666,"6,206,32,7,64,2392","0,0,0"
34.266666666666666,98,AV,1,0,0,57,1594.6992934726818,0.4,-0.7426666666666667,"5,169,32,4,57,1594","0,0,0"
15.083333333333334,128,AV,1,0,0,37,2117.047321722312,0.3,-0.4508333333333333,"0,51,16,3,37,2117","0,0,0"
31.966666666666665,298,AV,1,0,0,56,19040.472291926453,1.0,-1.3196666666666665,"5,160,31,10,56,19040","0,0,0"
32.38333333333333,26,AV,1,0,0,56,806.3598325453933,0.1,-0.4238333333333333,"5,160,31,1,56,806","0,0,0"
29.016666666666666,147,AV,1,0,0,53,2421.0391237858234,0.1,-0.39016666666666666,"5,141,30,1,53,2421","0,0,0"
13.283333333333333,195,AV,1,0,0,35,3230.862018062417,0.1,-0.23283333333333334,"0,43,12,1,35,3230","0,0,0"
18.183333333333334,283,AV,2,0,0,47,9884.322174397852,0.5,-0.6818333333333333,"3,99,22,5,47,9884","0,0,0"
26.55,228,AV,1,0,0,50,4459.768546990965,0.2,-0.4655,"5,119,24,2,50,4459","0,0,0"
30.033333333333335,40,AV,1,0,0,53,932.0432837729122,0.1,-0.4003333333333333,"5,141,30,1,53,932","0,0,0"
36.983333333333334,19,AV,1,0,0,60,743.7818724069466,0.6,-0.9698333333333333,"5,184,32,6,60,743","0,0,0"
18.366666666666667,126,AV,1,0,0,42,2046.5713793034688,0.1,-0.2836666666666667,"0,73,16,1,42,2046","0,0,0"
41.18333333333333,106,AV,1,0,0,66,1682.490559712908,0.1,-0.5118333333333333,"6,218,32,1,66,1682","0,0,0"
41.15,48,AV,1,0,0,65,961.7772661313056,0.6,-1.0114999999999998,"6,212,32,6,65,961","0,0,0"
27.633333333333333,182,AV,1,0,0,52,2971.291490045772,0.5,-0.7763333333333333,"5,132,30,5,52,2971","0,0,0"
40.9,67,AV,1,0,0,65,1135.438045570021,0.4,-0.8089999999999999,"6,212,32,4,65,1135","0,0,0"
46.416666666666664,170,AV,1,0,0,86,2797.307504072895,0.2,-0.6641666666666666,"10,248,35,2,86,2797","0,0,0"
38.266666666666666,74,AV,1,0,0,62,1249.5878531833848,0.3,-0.6826666666666666,"6,198,32,3,62,1249","0,0,0"
24.75,291,AV,1,0,0,49,14297.77376075636,0.3,-0.5475,"5,110,24,3,49,14297","0,0,0"
33.233333333333334,180,AV,1,0,0,56,2966.188350320237,1.0,-1.3323333333333334,"5,160,31,10,56,2966","0,0,0"
17.15,111,AV,1,0,0,41,1794.439334206041,0.5,-0.6715,"0,68,16,5,41,1794","0,0,0"
41.5,125,AV,1,0,0,66,2044.1603053436156,0.1,-0.515,"6,218,32,1,66,2044","0,0,0"
39.65,251,AV,1,0,0,64,5434.023139443809,0.1,-0.49649999999999994,"6,206,32,1,64,5434","0,0,0"
25.2,84,AV,1,0,0,49,1389.0632502942228,0.1,-0.352,"5,110,24,1,49,1389","0,0,0"
7.316666666666666,184,AV,1,0,0,17,3017.17067826153,0.1,-0.17316666666666666,"0,7,1,1,17,3017","0,0,0"
31.933333333333334,108,AV,1,0,0,55,1716.9764066453156,0.3,-0.6193333333333333,"5,152,31,3,55,1716","0,0,0"
23.216666666666665,263,AV,1,0,0,47,5984.209260784091,0.2,-0.4321666666666667,"3,99,22,2,47,5984","0,0,0"
12.483333333333333,76,AV,1,0,0,32,1261.43865123121,1.0,-1.1248333333333334,"0,37,2,10,32,1261","0,0,0"
15.15,77,AV,1,0,0,37,1275.6237969650936,0.2,-0.35150000000000003,"0,51,16,2,37,1275","0,0,0"
14.983333333333333,16,AV,2,0,0,35,676.2529471816457,0.6,-0.7498333333333334,"0,43,12,6,35,676","0,0,0"
34.03333333333333,201,AV,1,0,0,57,3362.377553451843,0.4,-0.7403333333333333,"5,169,32,4,57,3362","0,0,0"
41.516666666666666,237,AV,1,0,0,66,4660.29795945294,0.1,-0.5151666666666667,"6,218,32,1,66,4660","0,0,0"
23.866666666666667,94,AV,2,0,0,77,1541.4014724042315,1.0,-1.2386666666666666,"10,237,33,10,77,1541","0,0,0"
17.35,193,AV,1,0,0,41,3169.820795106812,0.2,-0.37350000000000005,"0,68,16,2,41,3169","0,0,0"
21.7,235,AV,1,0,0,46,4635.813442599864,0.1,-0.317,"3,92,20,1,46,4635","0,0,0"
13.916666666666666,45,AV,2,0,0,33,946.2003450753726,0.1,-0.23916666666666667,"0,40,2,1,33,946","0,0,0"
20.566666666666666,217,AV,1,0,0,45,3866.930621896856,0.5,-0.7056666666666667,"3,86,20,5,45,3866","0,0,0"
9.6,267,AV,1,0,0,25,6434.117121135291,0.2,-0.29600000000000004,"0,19,2,2,25,6434","0,0,0"
16.4,215,AV,1,0,0,39,3822.7735841463273,0.6,-0.764,"0,58,16,6,39,3822","0,0,0"
16.833333333333332,194,AV,1,0,0,39,3225.188153267811,1.0,-1.1683333333333334,"0,58,16,10,39,3225","0,0,0"
10.5,162,AV,2,0,0,13,2722.266725979925,1.0,-1.105,"0,6,0,10,13,2722","0,0,0"
32.1,122,AV,1,0,0,55,1963.0347272178835,0.4,-0.7210000000000001,"5,152,31,4,55,1963","0,0,0"
29.466666666666665,109,AV,1,0,0,53,1778.835052690156,0.1,-0.3946666666666666,"5,141,30,1,53,1778","0,0,0"
40.63333333333333,205,AV,1,0,0,65,3386.12741774329,0.1,-0.5063333333333333,"6,212,32,1,65,3386","0,0,0"
8.616666666666667,149,AV,1,0,0,21,2446.4664131825853,0.7,-0.7861666666666667,"0,12,2,7,21,2446","0,0,0"
17.616666666666667,55,AV,2,0,0,47,1020.7360413649084,1.0,-1.1761666666666666,"3,99,22,10,47,1020","0,0,0"
45.766666666666666,257,AV,1,0,0,99,5654.280440205098,0.5,-0.9576666666666667,"10,254,35,5,99,5654","0,0,0"
25.783333333333335,286,AV,1,0,0,49,11515.391842589095,0.1,-0.35783333333333334,"5,110,24,1,49,11515","0,0,0"
15.25,161,AV,2,0,0,33,2648.588416164911,0.1,-0.2525,"0,40,2,1,33,2648","0,0,0"
11.433333333333334,270,AV,1,0,0,30,7128.986247371214,0.2,-0.31433333333333335,"0,32,2,2,30,7128","0,0,0"
18.7,155,AV,1,0,0,42,2520.757475212996,0.4,-0.587,"0,73,16,4,42,2520","0,0,0"
