travel_time,id,kind,action,origin,destination,start_time,income,urgency,reward,observation,cost_table
18.416666666666668,122,AV,1,0,0,44,1832.3133019091129,0.1,-0.2841666666666667,"0.20216,0.17056460674157303,0.18989285714285717,0.1,0.44,0.0962325552547376","0,0,0"
32.416666666666664,247,AV,2,0,0,67,5304.212874057136,0.1,-0.4241666666666667,"0.3962386363636364,0.31097704590818365,0.3143423772609819,0.1,0.67,0.2785756987922106","0,0,0"
13.9,58,AV,1,0,0,34,1020.7360413649084,0.4,-0.539,"0.1387916666666667,0.12854502369668241,0.15003589743589743,0.4,0.34,0.053608756427629224","0,0,0"
44.666666666666664,260,AV,0,0,0,73,5985.732437913218,0.1,-0.5867620104678457,"0.4261632653061224,0.3341029668411868,0.32964666666666675,0.1,0.73,0.31436890567316916","0,0,0"
8.9,160,AV,1,0,0,18,2756.9260540590044,0.1,-0.189,"0.05557692307692307,0.08068910256410255,0.11568115942028985,0.1,0.18,0.14479294482773922","0,0,0"
10.816666666666666,264,AV,1,0,0,26,6081.635477498837,0.2,-0.3081666666666667,"0.08614971751412429,0.09874844236760123,0.12823880597014925,0.2,0.26,0.31940570508209365","0,0,0"
11.083333333333334,186,AV,1,0,0,27,3251.3322332141274,0.3,-0.41083333333333333,"0.09185416666666665,0.10035464231354643,0.12867836257309942,0.3,0.27,0.17075901182308162","0,0,0"
20.45,142,AV,2,0,0,45,2361.523720441912,0.1,-0.3045,"0.21217878787878788,0.18048863636363638,0.19852599388379205,0.1,0.45,0.12402653065718573","0,0,0"
20.216666666666665,141,AV,1,0,0,48,2360.1328348572283,0.1,-0.3021666666666667,"0.2553790322580646,0.20099696969696967,0.21730973451327432,0.1,0.48,0.12395348175570059","0,0,0"
22.2,298,AV,0,0,0,46,17693.100214811147,0.6,-0.8355646097679983,"0.22470707070707074,0.18548214285714285,0.2018443396226415,0.6,0.46,0.9292364151236616","0,0,0"
23.883333333333333,98,AV,1,0,0,55,1538.317647081207,0.1,-0.3388333333333333,"0.31990972222222225,0.25019428571428576,0.2644031339031339,0.1,0.55,0.08079199000402343","0,0,0"
14.616666666666667,147,AV,1,0,0,33,2456.6540037696086,0.2,-0.3461666666666667,"0.1313989898989899,0.1271398104265403,0.14805820105820106,0.2,0.33,0.12902274513491346","0,0,0"
31.5,125,AV,1,0,0,78,2011.9739719035176,0.1,-0.41500000000000004,"0.4368710691823899,0.34323388581952124,0.34093081761006294,0.1,0.78,0.10566828075775386","0,0,0"
23.983333333333334,99,AV,0,0,0,47,1541.4014724042315,0.1,-0.49553579261907366,"0.2404435897435898,0.1898561904761905,0.207475,0.1,0.47,0.08095395160223084","0,0,0"
24.983333333333334,132,AV,2,0,0,49,2108.868816674547,0.8,-1.0498333333333334,"0.2618814814814815,0.2108419540229885,0.22811707988980723,0.8,0.49,0.1107571694830674","0,0,0"
29.383333333333333,271,AV,0,0,0,50,7177.938863287724,0.8,-1.1272691154667678,"0.2767469135802469,0.22098188405797103,0.23984313725490197,0.8,0.5,0.3769832361947931","0,0,0"
29.1,103,AV,2,0,0,53,1564.487892525026,0.5,-0.791,"0.30680718954248365,0.23489134438305703,0.25576543209876546,0.5,0.53,0.08216644359123385","0,0,0"
16.483333333333334,20,AV,1,0,0,41,597.1498506777683,0.1,-0.26483333333333337,"0.1720273224043716,0.15401974723538703,0.1764387254901961,0.1,0.41,0.03136213437998447","0,0,0"
20.816666666666666,32,AV,1,0,0,49,761.8437659652793,0.9,-1.1081666666666667,"0.2618814814814815,0.2108419540229885,0.22811707988980723,0.9,0.49,0.04001181033142316","0,0,0"
26.9,4,AV,1,0,0,60,457.16351791608827,0.6,-0.869,"0.3562808641975308,0.27883131313131315,0.2856611570247934,0.6,0.6,0.02401009338985435","0,0,0"
17.616666666666667,151,AV,2,0,0,41,2574.4307659940623,0.5,-0.6761666666666667,"0.1720273224043716,0.15401974723538703,0.1764387254901961,0.5,0.41,0.13520834601805928","0,0,0"
10.0,144,AV,0,0,0,27,2417.357356239525,0.4,-0.5992819697842885,"0.09185416666666665,0.10035464231354643,0.12867836257309942,0.4,0.27,0.12695889677403294","0,0,0"
30.55,234,AV,2,0,0,66,4662.282088415262,0.6,-0.9055,"0.3848586956521739,0.30695333333333336,0.3118389355742297,0.6,0.66,0.24486168288967095","0,0,0"
15.916666666666666,14,AV,2,0,0,35,567.550811201735,0.1,-0.25916666666666666,"0.14778835978835983,0.1332880184331797,0.15615,0.1,0.35,0.0298076015395053","0,0,0"
21.283333333333335,22,AV,1,0,0,49,627.4062491148882,0.4,-0.6128333333333333,"0.2618814814814815,0.2108419540229885,0.22811707988980723,0.4,0.49,0.03295119151959908","0,0,0"
30.466666666666665,57,AV,1,0,0,72,1005.9867386644172,0.2,-0.5046666666666666,"0.4198442028985507,0.330486559139785,0.32535956790123455,0.2,0.72,0.052834127391418545","0,0,0"
11.766666666666667,124,AV,0,0,0,34,1927.298426803608,0.4,-0.6421933080327555,"0.1387916666666667,0.12854502369668241,0.15003589743589743,0.4,0.34,0.10122114605428258","0,0,0"
16.683333333333334,162,AV,1,0,0,41,2780.081336731352,0.4,-0.5668333333333333,"0.1720273224043716,0.15401974723538703,0.1764387254901961,0.4,0.41,0.14600905345767937","0,0,0"
42.93333333333333,42,AV,0,0,0,70,863.3540159882258,0.1,-0.8073189516955614,"0.41243197278911564,0.32566762452107284,0.32035754985754983,0.1,0.7,0.0453430987819722","0,0,0"
11.55,50,AV,1,0,0,27,914.1934345695068,0.3,-0.4155,"0.09185416666666665,0.10035464231354643,0.12867836257309942,0.3,0.27,0.048013170080720285","0,0,0"
28.333333333333332,91,AV,2,0,0,56,1474.807688008607,0.2,-0.48333333333333334,"0.3256666666666667,0.2579730538922156,0.2718238482384823,0.2,0.56,0.07745646564838392","0,0,0"
21.916666666666668,137,AV,1,0,0,49,2239.194506681481,0.1,-0.3191666666666667,"0.2618814814814815,0.2108419540229885,0.22811707988980723,0.1,0.49,0.11760183635943447","0,0,0"
28.0,217,AV,2,0,0,55,4164.701887555128,0.6,-0.88,"0.31990972222222225,0.25019428571428576,0.2644031339031339,0.6,0.55,0.21872891720868953","0,0,0"
28.45,279,AV,2,0,0,58,8333.728817076937,0.3,-0.5845,"0.3443699999999999,0.27180227743271224,0.27982816537467703,0.3,0.58,0.4376849843483456","0,0,0"
12.516666666666667,277,AV,1,0,0,29,7958.958807233507,0.3,-0.4251666666666667,"0.10811363636363637,0.11337045813586098,0.1431904761904762,0.3,0.29,0.4180021737490339","0,0,0"
29.3,207,AV,2,0,0,62,3849.958431883558,0.3,-0.593,"0.36506918238993696,0.2849248554913295,0.2931038011695906,0.3,0.62,0.20219868356500897","0,0,0"
32.266666666666666,120,AV,2,0,0,66,1823.811293294481,0.3,-0.6226666666666667,"0.3848586956521739,0.30695333333333336,0.3118389355742297,0.3,0.66,0.09578603226495669","0,0,0"
29.383333333333333,200,AV,2,0,0,60,3520.054626539052,0.6,-0.8938333333333333,"0.3562808641975308,0.27883131313131315,0.2856611570247934,0.6,0.6,0.18487223281912113","0,0,0"
33.03333333333333,203,AV,2,0,0,73,3667.3634505223554,0.3,-0.6303333333333333,"0.4261632653061224,0.3341029668411868,0.32964666666666675,0.3,0.73,0.19260884889275526","0,0,0"
8.016666666666667,291,AV,1,0,0,13,11861.36896338871,0.1,-0.1801666666666667,"0.0524047619047619,0.07703703703703703,0.11441666666666667,0.1,0.13,0.622955606433049","0,0,0"
11.233333333333333,77,AV,2,0,0,22,1265.4739572733297,0.1,-0.21233333333333332,"0.05969230769230769,0.0827960372960373,0.11987606837606835,0.1,0.22,0.0664623197298481","0,0,0"
24.416666666666668,44,AV,1,0,0,56,870.7377108213431,0.7,-0.9441666666666666,"0.3256666666666667,0.2579730538922156,0.2718238482384823,0.7,0.56,0.045730888261135916","0,0,0"
30.216666666666665,71,AV,1,0,0,72,1167.011530479414,0.1,-0.4021666666666667,"0.4198442028985507,0.330486559139785,0.32535956790123455,0.1,0.72,0.061291102058127545","0,0,0"
31.783333333333335,267,AV,2,0,0,66,6254.49597505133,0.2,-0.5178333333333334,"0.3848586956521739,0.30695333333333336,0.3118389355742297,0.2,0.66,0.3284842875301661","0,0,0"
10.033333333333333,129,AV,0,0,0,28,2044.1603053436156,0.1,-0.31774095511946177,"0.10051492537313435,0.10821913580246914,0.13622222222222224,0.1,0.28,0.10735869751562734","0,0,0"
30.266666666666666,135,AV,1,0,0,70,2147.781038516846,0.1,-0.4026666666666666,"0.41243197278911564,0.32566762452107284,0.32035754985754983,0.1,0.7,0.1128008279199854","0,0,0"
39.45,128,AV,0,0,0,65,2035.9911412414244,0.1,-0.6123787054317252,"0.37922727272727275,0.300736936936937,0.30645495495495495,0.1,0.65,0.10692965542166336","0,0,0"
5.083333333333333,228,AV,0,0,0,10,4549.070920567666,0.1,-0.20359135891497254,"0.053,0.07583333333333334,0.11395833333333334,0.1,0.1,0.2389158656792649","0,0,0"
31.5,78,AV,1,0,0,75,1282.6858023855964,0.5,-0.815,"0.4257418300653597,0.33817567567567564,0.3310432692307692,0.5,0.75,0.06736628076864885","0,0,0"
10.216666666666667,116,AV,1,0,0,23,1703.2333497257905,0.3,-0.4021666666666667,"0.06695762711864407,0.08571417069243155,0.11996198830409358,0.3,0.23,0.08945331416217002","0,0,0"
15.35,249,AV,0,0,0,38,5386.149373461946,0.1,-0.29805873451681497,"0.16392424242424244,0.14181990521327015,0.16297354497354496,0.1,0.38,0.28287897962204345","0,0,0"
32.18333333333333,45,AV,1,0,0,87,873.8892656114449,0.2,-0.5218333333333334,"0.4506065573770491,0.35963758389261746,0.3557371794871795,0.2,0.87,0.045896406991017324","0,0,0"
37.88333333333333,112,AV,0,0,0,62,1635.9686818612918,0.6,-1.1255354081719204,"0.36506918238993696,0.2849248554913295,0.2931038011695906,0.6,0.62,0.08592059360601972","0,0,0"
27.233333333333334,47,AV,1,0,0,64,892.1845339920479,0.2,-0.4723333333333333,"0.37671383647798734,0.2967090395480226,0.30463939393939393,0.2,0.64,0.046857269100953565","0,0,0"
14.85,208,AV,1,0,0,35,3863.855435177377,0.8,-0.9485,"0.14778835978835983,0.1332880184331797,0.15615,0.8,0.35,0.2029285500872649","0,0,0"
9.433333333333334,262,AV,1,0,0,22,6020.57275324985,0.1,-0.19433333333333336,"0.05969230769230769,0.0827960372960373,0.11987606837606835,0.1,0.22,0.3161987087790199","0,0,0"
11.866666666666667,190,AV,2,0,0,23,3323.1633986738134,0.6,-0.7186666666666667,"0.06695762711864407,0.08571417069243155,0.11996198830409358,0.6,0.23,0.17453156348873247","0,0,0"
17.766666666666666,101,AV,2,0,0,40,1552.9853059451273,0.6,-0.7776666666666666,"0.17027864583333333,0.14985303776683087,0.16884246575342465,0.6,0.4,0.08156233112997016","0,0,0"
27.75,89,AV,2,0,0,55,1447.5744631551047,0.1,-0.37750000000000006,"0.31990972222222225,0.25019428571428576,0.2644031339031339,0.1,0.55,0.07602618469547658","0,0,0"
27.05,179,AV,2,0,0,56,3065.2253709468137,0.6,-0.8705,"0.3256666666666667,0.2579730538922156,0.2718238482384823,0.6,0.56,0.16098473419939963","0,0,0"
9.766666666666667,243,AV,1,0,0,22,5009.92015912814,0.1,-0.19766666666666668,"0.05969230769230769,0.0827960372960373,0.11987606837606835,0.1,0.22,0.2631195320324301","0,0,0"
31.566666666666666,240,AV,1,0,0,76,4967.653125719208,0.1,-0.41566666666666663,"0.42703030303030315,0.33961256544502627,0.335781914893617,0.1,0.76,0.26089967987955814","0,0,0"
18.566666666666666,268,AV,0,0,0,40,6563.608435155774,0.9,-1.1222319192058827,"0.17027864583333333,0.14985303776683087,0.16884246575342465,0.9,0.4,0.34471878294420655","0,0,0"
27.05,297,AV,1,0,0,57,15387.119225735782,0.1,-0.37050000000000005,"0.3342253086419753,0.26497690763052206,0.2768666666666667,0.1,0.57,0.8081269723682344","0,0,0"
34.4,59,AV,0,0,0,56,1022.032321197676,0.1,-0.6788262330087117,"0.3256666666666667,0.2579730538922156,0.2718238482384823,0.1,0.56,0.053676836662871985","0,0,0"
28.183333333333334,145,AV,1,0,0,63,2421.0391237858234,0.1,-0.38183333333333336,"0.36766666666666664,0.29007129094412326,0.2959480122324159,0.1,0.63,0.12715226212179587","0,0,0"
19.466666666666665,215,AV,2,0,0,44,4090.160813256426,0.3,-0.49466666666666664,"0.20216,0.17056460674157303,0.18989285714285717,0.3,0.44,0.21481404192850495","0,0,0"
35.666666666666664,118,AV,2,0,0,80,1799.695682844959,0.3,-0.6566666666666666,"0.43990591397849454,0.34659393939393945,0.3433200589970501,0.3,0.8,0.09451948750284238","0,0,0"
13.2,193,AV,1,0,0,30,3387.2787239910285,0.3,-0.432,"0.11313725490196078,0.11638028169014084,0.1426101694915254,0.3,0.3,0.17789888150134298","0,0,0"
11.5,28,AV,1,0,0,24,679.8949342204361,0.4,-0.515,"0.07917460317460319,0.0912095015576324,0.12257407407407404,0.4,0.24,0.03570788181072196","0,0,0"
9.766666666666667,159,AV,1,0,0,23,2744.8905386527767,0.3,-0.39766666666666667,"0.06695762711864407,0.08571417069243155,0.11996198830409358,0.3,0.23,0.14416084310139018","0,0,0"
31.6,293,AV,2,0,0,68,13351.937436366714,0.6,-0.9159999999999999,"0.3966477272727273,0.3133064182194617,0.315337037037037,0.6,0.68,0.7012398238686656","0,0,0"
28.866666666666667,105,AV,2,0,0,58,1587.6148581174584,0.9,-1.1886666666666668,"0.3443699999999999,0.27180227743271224,0.27982816537467703,0.9,0.58,0.08338106501647227","0,0,0"
9.116666666666667,24,AV,1,0,0,22,646.5589615252754,0.2,-0.2911666666666667,"0.05969230769230769,0.0827960372960373,0.11987606837606835,0.2,0.22,0.03395708633758153","0,0,0"
18.95,187,AV,2,0,0,42,3257.969850357721,0.2,-0.3895,"0.1825964912280702,0.1618577661431065,0.18451449275362314,0.2,0.42,0.17110761752160772","0,0,0"
27.033333333333335,26,AV,1,0,0,62,670.158540600369,0.6,-0.8703333333333334,"0.36506918238993696,0.2849248554913295,0.2931038011695906,0.6,0.62,0.03519652928381035","0,0,0"
8.466666666666667,154,AV,0,0,0,23,2645.062412614309,0.2,-0.3754017657159139,"0.06695762711864407,0.08571417069243155,0.11996198830409358,0.2,0.23,0.13891789930735432","0,0,0"
18.783333333333335,197,AV,1,0,0,46,3438.9188747307694,0.1,-0.2878333333333334,"0.22470707070707074,0.18548214285714285,0.2018443396226415,0.1,0.46,0.18061100701734908","0,0,0"
16.883333333333333,199,AV,1,0,0,41,3508.846318545673,0.3,-0.4688333333333333,"0.1720273224043716,0.15401974723538703,0.1764387254901961,0.3,0.41,0.18428357578259733","0,0,0"
9.233333333333333,172,AV,1,0,0,22,2965.4163440895786,0.6,-0.6923333333333332,"0.05969230769230769,0.0827960372960373,0.11987606837606835,0.6,0.22,0.15574279348874007","0,0,0"
27.15,284,AV,1,0,0,63,8987.822610831106,0.1,-0.37149999999999994,"0.36766666666666664,0.29007129094412326,0.2959480122324159,0.1,0.63,0.472037797856628","0,0,0"
41.3,239,AV,0,0,0,69,4934.883137056144,0.1,-0.5616333705043256,"0.40723255813953485,0.32038984674329496,0.31703658536585366,0.1,0.69,0.2591786097211798","0,0,0"
28.233333333333334,166,AV,2,0,0,54,2857.6088215719105,0.2,-0.48233333333333334,"0.3129496124031007,0.24626465201465206,0.2620057971014493,0.2,0.54,0.1500807741404395","0,0,0"
8.8,97,AV,1,0,0,17,1530.6528609905624,0.2,-0.28800000000000003,"0.054854166666666655,0.07848333333333332,0.115125,0.2,0.17,0.08038943769475668","0,0,0"
28.466666666666665,290,AV,1,0,0,65,11515.391842589095,0.3,-0.5846666666666667,"0.37922727272727275,0.300736936936937,0.30645495495495495,0.3,0.65,0.6047849898908156","0,0,0"
11.683333333333334,275,AV,1,0,0,27,7864.29237148983,0.6,-0.7168333333333333,"0.09185416666666665,0.10035464231354643,0.12867836257309942,0.6,0.27,0.41303032040988025","0,0,0"
13.066666666666666,2,AV,1,0,0,29,437.8567856598078,0.4,-0.5306666666666666,"0.10811363636363637,0.11337045813586098,0.1431904761904762,0.4,0.29,0.022996109494903022","0,0,0"
9.95,25,AV,1,0,0,25,649.7132696839626,0.9,-0.9995,"0.08376836158192091,0.09489330218068537,0.12615422885572136,0.9,0.25,0.034122749673570554","0,0,0"
15.45,108,AV,1,0,0,38,1592.6375082496468,0.2,-0.35450000000000004,"0.16392424242424244,0.14181990521327015,0.16297354497354496,0.2,0.38,0.08364485312294262","0,0,0"
8.166666666666666,73,AV,0,0,0,23,1239.4416864014672,0.2,-0.47530223874170635,"0.06695762711864407,0.08571417069243155,0.11996198830409358,0.2,0.23,0.06509511252654251","0,0,0"
29.216666666666665,241,AV,2,0,0,60,4968.170350229253,0.2,-0.49216666666666664,"0.3562808641975308,0.27883131313131315,0.2856611570247934,0.2,0.6,0.260926844358575","0,0,0"
27.75,222,AV,2,0,0,49,4376.119511966378,0.2,-0.47750000000000004,"0.2618814814814815,0.2108419540229885,0.22811707988980723,0.2,0.49,0.22983250860967044","0,0,0"
30.233333333333334,29,AV,1,0,0,69,742.4887258523852,0.2,-0.5023333333333333,"0.40723255813953485,0.32038984674329496,0.31703658536585366,0.2,0.69,0.03899528932206243","0,0,0"
20.316666666666666,255,AV,1,0,0,48,5825.994272151124,0.9,-1.1031666666666666,"0.2553790322580646,0.20099696969696967,0.21730973451327432,0.9,0.48,0.3059795042280261","0,0,0"
20.533333333333335,109,AV,0,0,0,44,1596.1763216794554,0.4,-0.7556926618989133,"0.20216,0.17056460674157303,0.18989285714285717,0.4,0.44,0.0838307105625876","0,0,0"
36.2,184,AV,0,0,0,56,3236.647802754315,0.4,-0.836150792618142,"0.3256666666666667,0.2579730538922156,0.2718238482384823,0.4,0.56,0.16998778985785554","0,0,0"
34.1,272,AV,2,0,0,69,7572.106998522375,0.4,-0.7410000000000001,"0.40723255813953485,0.32038984674329496,0.31703658536585366,0.4,0.69,0.3976848306296006","0,0,0"
15.483333333333333,287,AV,1,0,0,36,9280.176126726552,0.2,-0.35483333333333333,"0.15208454106280195,0.13524712643678158,0.15646078431372548,0.2,0.36,0.48739211845399105","0,0,0"
27.983333333333334,258,AV,1,0,0,64,5911.733280178027,0.1,-0.37983333333333336,"0.37671383647798734,0.2967090395480226,0.30463939393939393,0.1,0.64,0.3104824916913811","0,0,0"
28.316666666666666,119,AV,1,0,0,64,1822.2981036688468,0.1,-0.38316666666666666,"0.37671383647798734,0.2967090395480226,0.30463939393939393,0.1,0.64,0.09570655999124235","0,0,0"
10.316666666666666,100,AV,1,0,0,25,1546.5147326922538,0.9,-1.0031666666666668,"0.08376836158192091,0.09489330218068537,0.12615422885572136,0.9,0.25,0.08122249852741349","0,0,0"
27.75,52,AV,1,0,0,63,959.5289757906356,0.1,-0.37750000000000006,"0.36766666666666664,0.29007129094412326,0.2959480122324159,0.1,0.63,0.05039417936063988","0,0,0"
7.883333333333334,80,AV,1,0,0,12,1294.2551843223837,0.2,-0.2788333333333334,"0.0524047619047619,0.07577777777777778,0.11344444444444443,0.2,0.12,0.06797390130239438","0,0,0"
35.2,140,AV,2,0,0,80,2347.541384251396,0.1,-0.45200000000000007,"0.43990591397849454,0.34659393939393945,0.3433200589970501,0.1,0.8,0.12329218247631395","0,0,0"
46.3,253,AV,0,0,0,94,5670.319740923212,0.1,-0.6053256555124922,"0.4563515624999999,0.36558045977011483,0.3577900763358779,0.1,0.94,0.29780352367244284","0,0,0"
21.483333333333334,283,AV,1,0,0,49,8975.220492497892,0.2,-0.4148333333333334,"0.2618814814814815,0.2108419540229885,0.22811707988980723,0.2,0.49,0.47137593831133945","0,0,0"
19.516666666666666,127,AV,1,0,0,47,2030.86588445069,0.1,-0.2951666666666667,"0.2404435897435898,0.1898561904761905,0.207475,0.1,0.47,0.10666047844368956","0,0,0"
17.15,149,AV,0,0,0,38,2472.005569054355,0.1,-0.36858715991760893,"0.16392424242424244,0.14181990521327015,0.16297354497354496,0.1,0.38,0.12982900482476664","0,0,0"
24.366666666666667,41,AV,2,0,0,53,861.805442805673,0.1,-0.3436666666666667,"0.30680718954248365,0.23489134438305703,0.25576543209876546,0.1,0.53,0.04526176817426404","0,0,0"
20.616666666666667,130,AV,0,0,0,44,2052.607856914241,0.4,-0.7230910948722571,"0.20216,0.17056460674157303,0.18989285714285717,0.4,0.44,0.10780236043748707","0,0,0"
16.0,285,AV,2,0,0,32,9030.678864893336,0.8,-0.9600000000000001,"0.12274242424242424,0.12182847896440131,0.14529901960784314,0.8,0.32,0.47428859570476767","0,0,0"
36.13333333333333,178,AV,2,0,0,83,3046.5766145774583,0.4,-0.7613333333333334,"0.44116666666666665,0.3534481707317073,0.3504763888888888,0.4,0.83,0.16000530700434717","0,0,0"
32.7,227,AV,1,0,0,82,4547.885280126284,0.3,-0.627,"0.44186612021857913,0.3504727272727272,0.34638450292397654,0.3,0.82,0.2388535961922898","0,0,0"
22.166666666666668,237,AV,1,0,0,51,4843.3187157075145,0.5,-0.7216666666666667,"0.2934741379310345,0.22725683060109286,0.24738888888888894,0.5,0.51,0.2543696732649421","0,0,0"
15.016666666666667,280,AV,1,0,0,36,8348.421721831439,0.1,-0.25016666666666665,"0.15208454106280195,0.13524712643678158,0.15646078431372548,0.1,0.36,0.43845665138103423","0,0,0"
9.2,106,AV,1,0,0,19,1588.8002265047048,0.4,-0.492,"0.05860101010101011,0.08146448087431696,0.11856770833333333,0.4,0.19,0.08344332021524425","0,0,0"
18.733333333333334,181,AV,0,0,0,43,3169.820795106812,0.1,-0.3630473927434057,"0.1885769230769231,0.16596613190730838,0.18772442244224422,0.1,0.43,0.16647805508747177","0,0,0"
17.75,218,AV,1,0,0,43,4196.147454418583,0.1,-0.27749999999999997,"0.1885769230769231,0.16596613190730838,0.18772442244224422,0.1,0.43,0.22038042912401049","0,0,0"
30.416666666666668,121,AV,2,0,0,60,1830.3424648913517,0.6,-0.9041666666666667,"0.3562808641975308,0.27883131313131315,0.2856611570247934,0.6,0.6,0.0961290474747023","0,0,0"
33.55,192,AV,2,0,0,69,3362.377553451843,0.3,-0.6355,"0.40723255813953485,0.32038984674329496,0.31703658536585366,0.3,0.69,0.17659107935455778","0,0,0"
15.016666666666667,133,AV,1,0,0,34,2123.4400354784907,0.2,-0.3501666666666667,"0.1387916666666667,0.12854502369668241,0.15003589743589743,0.2,0.34,0.11152244560545237","0,0,0"
19.766666666666666,82,AV,2,0,0,44,1348.5865378412918,0.9,-1.0976666666666666,"0.20216,0.17056460674157303,0.18989285714285717,0.9,0.44,0.07082736799617727","0,0,0"
24.45,171,AV,2,0,0,47,2964.6777926145683,0.9,-1.1445,"0.2404435897435898,0.1898561904761905,0.207475,0.9,0.47,0.15570400498267326","0,0,0"
36.983333333333334,221,AV,2,0,0,77,4343.557359248321,0.3,-0.6698333333333333,"0.43134294871794876,0.34198315602836876,0.33705666666666667,0.3,0.77,0.22812235393394506","0,0,0"
31.133333333333333,92,AV,2,0,0,65,1475.2077210572677,0.8,-1.1113333333333335,"0.37922727272727275,0.300736936936937,0.30645495495495495,0.8,0.65,0.07747747526634545","0,0,0"
21.233333333333334,31,AV,1,0,0,49,743.7818724069466,0.3,-0.5123333333333333,"0.2618814814814815,0.2108419540229885,0.22811707988980723,0.3,0.49,0.039063204998456114","0,0,0"
23.0,161,AV,1,0,0,53,2761.3662775036096,0.1,-0.33,"0.30680718954248365,0.23489134438305703,0.25576543209876546,0.1,0.53,0.14502614405602138","0,0,0"
12.416666666666666,164,AV,1,0,0,28,2835.850686157305,0.1,-0.22416666666666668,"0.10051492537313435,0.10821913580246914,0.13622222222222224,0.1,0.28,0.14893804327321036","0,0,0"
10.916666666666666,8,AV,1,0,0,24,497.26542980048754,0.4,-0.5091666666666667,"0.07917460317460319,0.0912095015576324,0.12257407407407404,0.4,0.24,0.026116233997585142","0,0,0"
27.2,167,AV,1,0,0,63,2891.134206742707,0.1,-0.372,"0.36766666666666664,0.29007129094412326,0.2959480122324159,0.1,0.63,0.1518415175010447","0,0,0"
25.866666666666667,180,AV,0,0,0,48,3119.7161673652217,0.3,-0.6355967420724347,"0.2553790322580646,0.20099696969696967,0.21730973451327432,0.3,0.48,0.1638465747873305","0,0,0"
14.016666666666667,261,AV,1,0,0,32,6007.794801579103,0.8,-0.9401666666666667,"0.12274242424242424,0.12182847896440131,0.14529901960784314,0.8,0.32,0.31552761451860256","0,0,0"
37.78333333333333,176,AV,2,0,0,83,3031.4508351358254,0.1,-0.47783333333333333,"0.44116666666666665,0.3534481707317073,0.3504763888888888,0.1,0.83,0.15921090552051181","0,0,0"
29.233333333333334,74,AV,2,0,0,59,1240.6560786390864,0.6,-0.8923333333333333,"0.3444727272727273,0.2726440329218107,0.281470189701897,0.6,0.59,0.06515889204939258","0,0,0"
29.333333333333332,256,AV,0,0,0,50,5844.130995646287,0.4,-0.7344001746102988,"0.2767469135802469,0.22098188405797103,0.23984313725490197,0.4,0.5,0.30693203960724846","0,0,0"
19.15,170,AV,2,0,0,42,2942.323800284961,0.6,-0.7915,"0.1825964912280702,0.1618577661431065,0.18451449275362314,0.6,0.42,0.15452997988566525","0,0,0"
44.68333333333333,183,AV,0,0,0,72,3227.056348793521,0.3,-0.8212045168702204,"0.4198442028985507,0.330486559139785,0.32535956790123455,0.3,0.72,0.1694840495191844","0,0,0"
31.383333333333333,250,AV,2,0,0,59,5480.041794665195,0.1,-0.4138333333333334,"0.3444727272727273,0.2726440329218107,0.281470189701897,0.1,0.59,0.2878101819453735","0,0,0"
22.583333333333332,62,AV,1,0,0,52,1046.6558973464134,0.4,-0.6258333333333334,"0.30003205128205135,0.23032031249999999,0.25232465277777777,0.4,0.52,0.054970059633983805","0,0,0"
19.533333333333335,281,AV,1,0,0,46,8436.938288223368,0.7,-0.8953333333333333,"0.22470707070707074,0.18548214285714285,0.2018443396226415,0.7,0.46,0.4431055153921156","0,0,0"
21.283333333333335,266,AV,2,0,0,47,6248.181898567973,0.6,-0.8128333333333333,"0.2404435897435898,0.1898561904761905,0.207475,0.6,0.47,0.3281526740918779","0,0,0"
7.983333333333333,69,AV,1,0,0,16,1141.5133047894662,0.1,-0.17983333333333335,"0.054854166666666655,0.07851851851851852,0.11550000000000002,0.1,0.16,0.059951942750574055","0,0,0"
34.43333333333333,70,AV,2,0,0,80,1150.2916000513435,0.3,-0.6443333333333333,"0.43990591397849454,0.34659393939393945,0.3433200589970501,0.3,0.8,0.0604129762337403","0,0,0"
12.95,35,AV,1,0,0,30,777.0630287344238,0.5,-0.6295,"0.11313725490196078,0.11638028169014084,0.1426101694915254,0.5,0.3,0.04081112153210161","0,0,0"
26.516666666666666,220,AV,2,0,0,53,4304.4895651906745,0.1,-0.36516666666666664,"0.30680718954248365,0.23489134438305703,0.25576543209876546,0.1,0.53,0.22607052489007143","0,0,0"
31.183333333333334,134,AV,2,0,0,65,2131.3254046090938,0.3,-0.6118333333333333,"0.37922727272727275,0.300736936936937,0.30645495495495495,0.3,0.65,0.11193658287104669","0,0,0"
16.85,7,AV,2,0,0,29,491.8679742725259,0.2,-0.36850000000000005,"0.10811363636363637,0.11337045813586098,0.1431904761904762,0.2,0.29,0.025832761222056865","0,0,0"
15.933333333333334,94,AV,1,0,0,37,1496.328062426438,0.2,-0.35933333333333334,"0.1619117647058823,0.13824800637958531,0.1605925925925926,0.2,0.37,0.07858670937805001","0,0,0"
33.38333333333333,254,AV,2,0,0,70,5721.231751015957,0.9,-1.2338333333333333,"0.41243197278911564,0.32566762452107284,0.32035754985754983,0.9,0.7,0.30047740745600493","0,0,0"
26.866666666666667,19,AV,1,0,0,59,595.9176043698985,0.9,-1.1686666666666667,"0.3444727272727273,0.2726440329218107,0.281470189701897,0.9,0.59,0.03129741716662037","0,0,0"
28.933333333333334,276,AV,2,0,0,58,7897.119961473183,0.8,-1.0893333333333333,"0.3443699999999999,0.27180227743271224,0.27982816537467703,0.8,0.58,0.4147544157726446","0,0,0"
11.983333333333333,67,AV,1,0,0,27,1122.7546975855585,0.1,-0.21983333333333333,"0.09185416666666665,0.10035464231354643,0.12867836257309942,0.1,0.27,0.05896674622202671","0,0,0"
24.55,295,AV,1,0,0,56,13460.811009378149,0.1,-0.34550000000000003,"0.3256666666666667,0.2579730538922156,0.2718238482384823,0.1,0.56,0.7069578318750951","0,0,0"
21.833333333333332,152,AV,2,0,0,41,2612.3907844155665,0.5,-0.7183333333333333,"0.1720273224043716,0.15401974723538703,0.1764387254901961,0.5,0.41,0.13720199501160868","0,0,0"
35.21666666666667,9,AV,1,0,0,87,506.5869000089976,0.1,-0.4521666666666667,"0.4506065573770491,0.35963758389261746,0.3557371794871795,0.1,0.87,0.02660579486905904","0,0,0"
36.06666666666667,219,AV,2,0,0,86,4227.85786318916,0.6,-0.9606666666666667,"0.450255376344086,0.3583877777777778,0.3541041666666667,0.6,0.86,0.22204585045833433","0,0,0"
27.433333333333334,30,AV,0,0,0,49,743.7553910389753,0.1,-0.6970200699830488,"0.2618814814814815,0.2108419540229885,0.22811707988980723,0.1,0.49,0.03906181420480535","0,0,0"
18.816666666666666,292,AV,1,0,0,46,12197.400506638176,0.1,-0.2881666666666667,"0.22470707070707074,0.18548214285714285,0.2018443396226415,0.1,0.46,0.6406038841699384","0,0,0"
24.166666666666668,163,AV,2,0,0,48,2797.307504072895,0.2,-0.44166666666666665,"0.2553790322580646,0.20099696969696967,0.21730973451327432,0.2,0.48,0.1469137666957458","0,0,0"
39.4,296,AV,0,0,0,68,14312.770160915026,0.2,-0.6107682424367706,"0.3966477272727273,0.3133064182194617,0.315337037037037,0.2,0.68,0.7517024757302859","0,0,0"
19.333333333333332,39,AV,2,0,0,44,857.6590975250949,0.9,-1.0933333333333333,"0.20216,0.17056460674157303,0.18989285714285717,0.9,0.44,0.04504400334065031","0,0,0"
8.916666666666666,185,AV,1,0,0,20,3245.380745418587,0.1,-0.18916666666666665,"0.05878378378378378,0.08221119592875317,0.11974074074074074,0.1,0.2,0.1704464414359456","0,0,0"
20.35,38,AV,2,0,0,44,837.3801312568858,0.1,-0.3035,"0.20216,0.17056460674157303,0.18989285714285717,0.1,0.44,0.04397895800158024","0,0,0"
17.916666666666668,150,AV,2,0,0,39,2533.2754137277425,0.5,-0.6791666666666667,"0.16777114427860693,0.14736288998357963,0.16670714285714283,0.5,0.39,0.13304687903156176","0,0,0"
22.3,53,AV,2,0,0,47,969.457736312404,0.1,-0.323,"0.2404435897435898,0.1898561904761905,0.207475,0.1,0.47,0.050915634940603534","0,0,0"
34.483333333333334,177,AV,0,0,0,55,3032.1279287666234,0.4,-0.8239856664928464,"0.31990972222222225,0.25019428571428576,0.2644031339031339,0.4,0.55,0.15924646627869138","0,0,0"
14.05,43,AV,2,0,0,26,863.5619359671642,0.2,-0.3405,"0.08614971751412429,0.09874844236760123,0.12823880597014925,0.2,0.26,0.04535401867806252","0,0,0"
25.65,11,AV,0,0,0,49,539.5213747330826,0.4,-1.101338724172393,"0.2618814814814815,0.2108419540229885,0.22811707988980723,0.4,0.49,0.028335503786943907","0,0,0"
23.366666666666667,76,AV,1,0,0,53,1261.43865123121,0.2,-0.43366666666666664,"0.30680718954248365,0.23489134438305703,0.25576543209876546,0.2,0.53,0.06625038664435261","0,0,0"
13.316666666666666,54,AV,1,0,0,31,978.4447105201264,0.6,-0.7331666666666666,"0.11696803652968037,0.11917910447761194,0.14426262626262626,0.6,0.31,0.051387628180578626","0,0,0"
12.65,242,AV,2,0,0,23,5004.1281918097375,0.5,-0.6265000000000001,"0.06695762711864407,0.08571417069243155,0.11996198830409358,0.5,0.23,0.2628153396137967","0,0,0"
26.666666666666668,143,AV,2,0,0,53,2398.572127464108,0.1,-0.3666666666666667,"0.30680718954248365,0.23489134438305703,0.25576543209876546,0.1,0.53,0.12597230208838628","0,0,0"
8.1,123,AV,1,0,0,18,1848.7234685638712,0.4,-0.48100000000000004,"0.05557692307692307,0.08068910256410255,0.11568115942028985,0.4,0.18,0.09709441237693286","0,0,0"
31.716666666666665,148,AV,2,0,0,63,2458.2611968747465,0.1,-0.4171666666666667,"0.36766666666666664,0.29007129094412326,0.2959480122324159,0.1,0.63,0.12910715444370038","0,0,0"
13.866666666666667,229,AV,1,0,0,31,4549.115907877681,0.5,-0.6386666666666667,"0.11696803652968037,0.11917910447761194,0.14426262626262626,0.5,0.31,0.2389182283995444","0,0,0"
26.9,273,AV,1,0,0,62,7612.519032757181,0.3,-0.569,"0.36506918238993696,0.2849248554913295,0.2931038011695906,0.3,0.62,0.39980725877188683","0,0,0"
26.6,158,AV,2,0,0,50,2744.255474143275,0.1,-0.366,"0.2767469135802469,0.22098188405797103,0.23984313725490197,0.1,0.5,0.14412748970028938","0,0,0"
38.86666666666667,90,AV,2,0,0,87,1454.957177165027,0.8,-1.1886666666666668,"0.4506065573770491,0.35963758389261746,0.3557371794871795,0.8,0.87,0.0764139226620948","0,0,0"
13.583333333333334,232,AV,0,0,0,36,4635.813442599864,0.3,-0.48760418282321333,"0.15208454106280195,0.13524712643678158,0.15646078431372548,0.3,0.36,0.24347155740278267","0,0,0"
19.883333333333333,138,AV,1,0,0,47,2239.257430619588,0.1,-0.29883333333333334,"0.2404435897435898,0.1898561904761905,0.207475,0.1,0.47,0.1176051411061415","0,0,0"
32.2,111,AV,1,0,0,81,1626.914224999384,0.1,-0.42200000000000004,"0.44032539682539684,0.34961625514403283,0.3451971014492753,0.1,0.81,0.08544505619691108","0,0,0"
32.6,95,AV,2,0,0,68,1507.5005543882637,0.4,-0.726,"0.3966477272727273,0.3133064182194617,0.315337037037037,0.4,0.68,0.07917348536713947","0,0,0"
16.366666666666667,93,AV,1,0,0,39,1485.5718097438446,0.9,-1.0636666666666668,"0.16777114427860693,0.14736288998357963,0.16670714285714283,0.9,0.39,0.07802179415338123","0,0,0"
23.4,257,AV,2,0,0,51,5862.8833826120845,0.1,-0.33399999999999996,"0.2934741379310345,0.22725683060109286,0.24738888888888894,0.1,0.51,0.30791690945072125","0,0,0"
19.483333333333334,88,AV,2,0,0,40,1446.9812594843625,0.5,-0.6948333333333333,"0.17027864583333333,0.14985303776683087,0.16884246575342465,0.5,0.4,0.0759950298133052","0,0,0"
27.616666666666667,223,AV,2,0,0,57,4381.240268036911,0.6,-0.8761666666666666,"0.3342253086419753,0.26497690763052206,0.2768666666666667,0.6,0.57,0.23010144921114412","0,0,0"
28.45,36,AV,1,0,0,68,802.5586880039084,0.8,-1.0845,"0.3966477272727273,0.3133064182194617,0.315337037037037,0.8,0.68,0.042150146052007835","0,0,0"
27.6,174,AV,2,0,0,55,3001.8426729260827,0.1,-0.376,"0.31990972222222225,0.25019428571428576,0.2644031339031339,0.1,0.55,0.1576558935567436","0,0,0"
22.75,173,AV,2,0,0,48,2966.188350320237,0.3,-0.5275,"0.2553790322580646,0.20099696969696967,0.21730973451327432,0.3,0.48,0.15578333902872574","0,0,0"
6.733333333333333,195,AV,0,0,0,22,3398.605365942332,0.2,-0.3379505348493014,"0.05969230769230769,0.0827960372960373,0.11987606837606835,0.2,0.22,0.17849375340250406","0,0,0"
15.433333333333334,278,AV,1,0,0,34,8326.33528790118,0.4,-0.5543333333333333,"0.1387916666666667,0.12854502369668241,0.15003589743589743,0.4,0.34,0.43729667837240127","0,0,0"
35.75,245,AV,2,0,0,96,5064.807770076448,0.9,-1.2575,"0.45466666666666666,0.36677139639639633,0.35937121212121215,0.9,0.96,0.2660022132026646","0,0,0"
22.6,16,AV,2,0,0,49,583.3206434887895,0.9,-1.1260000000000001,"0.2618814814814815,0.2108419540229885,0.22811707988980723,0.9,0.49,0.030635828489198207","0,0,0"
25.933333333333334,244,AV,2,0,0,52,5051.78348307234,0.2,-0.45933333333333337,"0.30003205128205135,0.23032031249999999,0.25232465277777777,0.2,0.52,0.26531818148305064","0,0,0"
23.533333333333335,214,AV,2,0,0,48,4015.909421979459,0.8,-1.0353333333333334,"0.2553790322580646,0.20099696969696967,0.21730973451327432,0.8,0.48,0.21091438071535054","0,0,0"
12.45,10,AV,1,0,0,28,513.3463032142733,0.3,-0.4245,"0.10051492537313435,0.10821913580246914,0.13622222222222224,0.3,0.28,0.026960796735695607","0,0,0"
24.733333333333334,146,AV,1,0,0,56,2421.832203454489,0.1,-0.3473333333333334,"0.3256666666666667,0.2579730538922156,0.2718238482384823,0.1,0.56,0.12719391443254247","0,0,0"
35.53333333333333,274,AV,2,0,0,91,7658.5640246764915,0.1,-0.45533333333333337,"0.45615555555555554,0.3644887387387387,0.357594696969697,0.1,0.91,0.4022255281936403","0,0,0"
27.45,236,AV,0,0,0,49,4754.245589533712,0.1,-0.42498119527698586,"0.2618814814814815,0.2108419540229885,0.22811707988980723,0.1,0.49,0.24969157889794616","0,0,0"
16.4,113,AV,1,0,0,40,1639.6236094811811,0.3,-0.46399999999999997,"0.17027864583333333,0.14985303776683087,0.16884246575342465,0.3,0.4,0.08611254932874826","0,0,0"
14.5,0,AV,1,0,0,34,388.2787303527966,0.1,-0.245,"0.1387916666666667,0.12854502369668241,0.15003589743589743,0.1,0.34,0.02039228462402346","0,0,0"
17.533333333333335,136,AV,1,0,0,42,2164.09247058771,0.2,-0.37533333333333335,"0.1825964912280702,0.1618577661431065,0.18451449275362314,0.2,0.42,0.11365749953089815","0,0,0"
31.366666666666667,27,AV,2,0,0,63,676.2529471816457,0.6,-0.9136666666666666,"0.36766666666666664,0.29007129094412326,0.2959480122324159,0.6,0.63,0.03551660572350354","0,0,0"
13.9,191,AV,1,0,0,32,3352.9358316496982,0.1,-0.23900000000000002,"0.12274242424242424,0.12182847896440131,0.14529901960784314,0.1,0.32,0.17609520290478356","0,0,0"
14.85,211,AV,2,0,0,28,3942.222625638348,0.8,-0.9485,"0.10051492537313435,0.10821913580246914,0.13622222222222224,0.8,0.28,0.20704437186203256","0,0,0"
22.983333333333334,248,AV,2,0,0,47,5307.329693361759,0.1,-0.3298333333333333,"0.2404435897435898,0.1898561904761905,0.207475,0.1,0.47,0.2787393932246195","0,0,0"
20.566666666666666,6,AV,2,0,0,44,477.1303205766694,0.1,-0.30566666666666664,"0.20216,0.17056460674157303,0.18989285714285717,0.1,0.44,0.025058743988140585","0,0,0"
32.7,210,AV,0,0,0,54,3941.04555698938,0.6,-0.9878975452147118,"0.3129496124031007,0.24626465201465206,0.2620057971014493,0.6,0.54,0.20698255256307185","0,0,0"
32.3,139,AV,2,0,0,62,2344.9936519099742,0.3,-0.623,"0.36506918238993696,0.2849248554913295,0.2931038011695906,0.3,0.62,0.12315837632369546","0,0,0"
32.266666666666666,299,AV,1,0,0,78,19040.472291926453,0.7,-1.0226666666666666,"0.4368710691823899,0.34323388581952124,0.34093081761006294,0.7,0.78,1.0","0,0,0"
13.433333333333334,3,AV,1,0,0,31,449.0833195935783,0.6,-0.7343333333333333,"0.11696803652968037,0.11917910447761194,0.14426262626262626,0.6,0.31,0.02358572375245118","0,0,0"
16.966666666666665,48,AV,1,0,0,42,898.3728471886773,0.9,-1.0696666666666668,"0.1825964912280702,0.1618577661431065,0.18451449275362314,0.9,0.42,0.047182277488442635","0,0,0"
17.6,188,AV,1,0,0,41,3274.575105225111,0.2,-0.376,"0.1720273224043716,0.15401974723538703,0.1764387254901961,0.2,0.41,0.17197972061930406","0,0,0"
31.016666666666666,189,AV,2,0,0,61,3301.717979419838,0.6,-0.9101666666666666,"0.36200641025641017,0.2826380952380952,0.2898864306784661,0.6,0.61,0.1734052563822082","0,0,0"
30.666666666666668,60,AV,1,0,0,73,1025.7249596144625,0.3,-0.6066666666666667,"0.4261632653061224,0.3341029668411868,0.32964666666666675,0.3,0.73,0.05387077294555297","0,0,0"
21.883333333333333,86,AV,1,0,0,50,1411.5824788559885,0.1,-0.3188333333333333,"0.2767469135802469,0.22098188405797103,0.23984313725490197,0.1,0.5,0.07413589627472256","0,0,0"
11.916666666666666,64,AV,0,0,0,32,1074.3823512953045,0.4,-0.7425508275388641,"0.12274242424242424,0.12182847896440131,0.14529901960784314,0.4,0.32,0.05642624483379356","0,0,0"
28.216666666666665,289,AV,2,0,0,54,10838.007207066395,0.1,-0.38216666666666665,"0.3129496124031007,0.24626465201465206,0.2620057971014493,0.1,0.54,0.5692089482287648","0,0,0"
44.65,175,AV,0,0,0,72,3024.224513765153,0.6,-1.1258591874239525,"0.4198442028985507,0.330486559139785,0.32535956790123455,0.6,0.72,0.1588313812492711","0,0,0"
23.216666666666665,66,AV,1,0,0,51,1097.8259349569896,0.2,-0.4321666666666667,"0.2934741379310345,0.22725683060109286,0.24738888888888894,0.2,0.51,0.05765749494682913","0,0,0"
13.366666666666667,155,AV,0,0,0,35,2648.588416164911,0.7,-0.92428097220966,"0.14778835978835983,0.1332880184331797,0.15615,0.7,0.35,0.1391030839759141","0,0,0"
16.05,83,AV,1,0,0,39,1373.5659577718477,0.9,-1.0605,"0.16777114427860693,0.14736288998357963,0.16670714285714283,0.9,0.39,0.07213927977796368","0,0,0"
21.8,201,AV,1,0,0,49,3608.770587345788,0.9,-1.118,"0.2618814814814815,0.2108419540229885,0.22811707988980723,0.9,0.49,0.18953156896617424","0,0,0"
27.733333333333334,212,AV,2,0,0,53,3958.913906791885,0.7,-0.9773333333333333,"0.30680718954248365,0.23489134438305703,0.25576543209876546,0.7,0.53,0.20792099303495454","0,0,0"
31.65,259,AV,1,0,0,78,5913.041300376779,0.2,-0.5165,"0.4368710691823899,0.34323388581952124,0.34093081761006294,0.2,0.78,0.31055118852718944","0,0,0"
18.5,126,AV,2,0,0,43,2015.5588757501516,0.1,-0.28500000000000003,"0.1885769230769231,0.16596613190730838,0.18772442244224422,0.1,0.43,0.10585655885252329","0,0,0"
28.733333333333334,115,AV,2,0,0,57,1682.490559712908,0.9,-1.1873333333333334,"0.3342253086419753,0.26497690763052206,0.2768666666666667,0.9,0.57,0.0883639089365613","0,0,0"
21.566666666666666,21,AV,1,0,0,49,623.7253316558669,0.2,-0.4156666666666667,"0.2618814814814815,0.2108419540229885,0.22811707988980723,0.2,0.49,0.03275787081816973","0,0,0"
12.65,238,AV,1,0,0,28,4925.450001742355,0.3,-0.4265,"0.10051492537313435,0.10821913580246914,0.13622222222222224,0.3,0.28,0.25868318423124653","0,0,0"
18.25,165,AV,1,0,0,43,2838.632091159661,0.2,-0.3825,"0.1885769230769231,0.16596613190730838,0.18772442244224422,0.2,0.43,0.149084121845197","0,0,0"
29.55,51,AV,1,0,0,68,932.0432837729122,0.2,-0.4955,"0.3966477272727273,0.3133064182194617,0.315337037037037,0.2,0.68,0.04895063890658413","0,0,0"
20.516666666666666,168,AV,1,0,0,48,2909.8477340427667,0.3,-0.5051666666666667,"0.2553790322580646,0.20099696969696967,0.21730973451327432,0.3,0.48,0.15282434644631168","0,0,0"
17.9,68,AV,1,0,0,43,1141.0395517097602,0.2,-0.379,"0.1885769230769231,0.16596613190730838,0.18772442244224422,0.2,0.43,0.05992706137828231","0,0,0"
24.1,81,AV,1,0,0,55,1297.4303329633815,0.8,-1.0410000000000001,"0.31990972222222225,0.25019428571428576,0.2644031339031339,0.8,0.55,0.06814065917437974","0,0,0"
17.216666666666665,23,AV,0,0,0,38,632.5893922142865,0.1,-0.6515596867739358,"0.16392424242424244,0.14181990521327015,0.16297354497354496,0.1,0.38,0.033223408669464424","0,0,0"
36.06666666666667,265,AV,0,0,0,59,6130.868263041086,0.5,-0.899812834828002,"0.3444727272727273,0.2726440329218107,0.281470189701897,0.5,0.59,0.3219913964865619","0,0,0"
19.016666666666666,12,AV,1,0,0,46,541.9839687696077,0.4,-0.5901666666666667,"0.22470707070707074,0.18548214285714285,0.2018443396226415,0.4,0.46,0.028464838500850628","0,0,0"
24.616666666666667,196,AV,2,0,0,48,3427.0421228311798,0.2,-0.4461666666666667,"0.2553790322580646,0.20099696969696967,0.21730973451327432,0.2,0.48,0.1799872435036349","0,0,0"
33.833333333333336,131,AV,2,0,0,65,2088.64210540395,0.6,-0.9383333333333334,"0.37922727272727275,0.300736936936937,0.30645495495495495,0.6,0.65,0.10969486856109009","0,0,0"
32.083333333333336,286,AV,2,0,0,64,9095.945853089892,0.1,-0.4208333333333334,"0.37671383647798734,0.2967090395480226,0.30463939393939393,0.1,0.64,0.47771639871279653","0,0,0"
24.05,246,AV,2,0,0,48,5200.876525735832,0.2,-0.4405,"0.2553790322580646,0.20099696969696967,0.21730973451327432,0.2,0.48,0.27314850419656395","0,0,0"
25.216666666666665,13,AV,1,0,0,57,566.7055292848979,0.4,-0.6521666666666667,"0.3342253086419753,0.26497690763052206,0.2768666666666667,0.4,0.57,0.02976320758205103","0,0,0"
18.683333333333334,85,AV,1,0,0,45,1391.0507319816634,0.8,-0.9868333333333333,"0.21217878787878788,0.18048863636363638,0.19852599388379205,0.8,0.45,0.07305757497262802","0,0,0"
22.433333333333334,34,AV,1,0,0,51,776.0711537761008,0.6,-0.8243333333333334,"0.2934741379310345,0.22725683060109286,0.24738888888888894,0.6,0.51,0.04075902855125977","0,0,0"
14.75,61,AV,2,0,0,30,1038.299283744561,0.1,-0.2475,"0.11313725490196078,0.11638028169014084,0.1426101694915254,0.1,0.3,0.054531172747475445","0,0,0"
5.016666666666667,56,AV,0,0,0,17,981.8973671489576,0.1,-0.39459139783471664,"0.054854166666666655,0.07848333333333332,0.115125,0.1,0.17,0.05156896069039748","0,0,0"
34.3,110,AV,2,0,0,72,1614.9493849180149,0.4,-0.743,"0.4198442028985507,0.330486559139785,0.32535956790123455,0.4,0.72,0.08481666631781955","0,0,0"
25.866666666666667,72,AV,2,0,0,52,1205.4292211271013,0.2,-0.45866666666666667,"0.30003205128205135,0.23032031249999999,0.25232465277777777,0.2,0.52,0.06330878786227523","0,0,0"
37.733333333333334,224,AV,0,0,0,61,4416.224882412617,0.2,-0.631678391927561,"0.36200641025641017,0.2826380952380952,0.2898864306784661,0.2,0.61,0.23193883086005102","0,0,0"
15.316666666666666,84,AV,0,0,0,37,1386.7650627050614,0.1,-0.42623130930472786,"0.1619117647058823,0.13824800637958531,0.1605925925925926,0.1,0.37,0.07283249288375467","0,0,0"
16.266666666666666,230,AV,1,0,0,39,4572.8741748457805,0.5,-0.6626666666666666,"0.16777114427860693,0.14736288998357963,0.16670714285714283,0.5,0.39,0.24016600558720239","0,0,0"
11.616666666666667,270,AV,2,0,0,14,7128.986247371214,0.2,-0.3161666666666667,"0.051782051282051295,0.07767441860465117,0.11516666666666665,0.2,0.14,0.3744122592165977","0,0,0"
37.583333333333336,204,AV,2,0,0,82,3773.073658575576,0.1,-0.47583333333333333,"0.44186612021857913,0.3504727272727272,0.34638450292397654,0.1,0.82,0.19816071790275053","0,0,0"
16.95,233,AV,2,0,0,37,4639.089550420253,0.7,-0.8694999999999999,"0.1619117647058823,0.13824800637958531,0.1605925925925926,0.7,0.37,0.24364361762115117","0,0,0"
23.416666666666668,209,AV,1,0,0,52,3898.759045987068,0.3,-0.5341666666666667,"0.30003205128205135,0.23032031249999999,0.25232465277777777,0.3,0.52,0.204761677452729","0,0,0"
30.85,79,AV,0,0,0,50,1293.252850487379,0.1,-0.5940785586782608,"0.2767469135802469,0.22098188405797103,0.23984313725490197,0.1,0.5,0.0679212590244279","0,0,0"
17.033333333333335,202,AV,1,0,0,41,3630.005597296026,0.4,-0.5703333333333334,"0.1720273224043716,0.15401974723538703,0.1764387254901961,0.4,0.41,0.1906468254380025","0,0,0"
28.283333333333335,63,AV,1,0,0,66,1068.5648373754009,0.2,-0.48283333333333334,"0.3848586956521739,0.30695333333333336,0.3118389355742297,0.2,0.66,0.05612071071516929","0,0,0"
15.883333333333333,107,AV,1,0,0,38,1592.2311391495805,0.3,-0.4588333333333333,"0.16392424242424244,0.14181990521327015,0.16297354497354496,0.3,0.38,0.08362351073742634","0,0,0"
34.0,198,AV,2,0,0,71,3480.90175047103,0.5,-0.8400000000000001,"0.42011702127659584,0.32923278985507254,0.32369571865443425,0.5,0.71,0.18281593529310736","0,0,0"
12.15,65,AV,1,0,0,27,1089.3140785512585,0.1,-0.2215,"0.09185416666666665,0.10035464231354643,0.12867836257309942,0.1,0.27,0.05721045475395848","0,0,0"
7.583333333333333,156,AV,1,0,0,0,2667.9339807116767,0.7,-0.7758333333333333,"0.0,0.0,0.0,0.7,0.0,0.140119107331331","0,0,0"
32.61666666666667,282,AV,0,0,0,53,8689.506535985933,0.4,-0.7537861867172111,"0.30680718954248365,0.23489134438305703,0.25576543209876546,0.4,0.53,0.45637032541837","0,0,0"
21.366666666666667,288,AV,2,0,0,47,10213.823531357188,0.4,-0.6136666666666667,"0.2404435897435898,0.1898561904761905,0.207475,0.4,0.47,0.5364270053158322","0,0,0"
29.116666666666667,235,AV,2,0,0,59,4705.31956239884,0.2,-0.4911666666666667,"0.3444727272727273,0.2726440329218107,0.281470189701897,0.2,0.59,0.24712199835473575","0,0,0"
34.43333333333333,114,AV,2,0,0,77,1659.6531244520008,0.1,-0.44433333333333336,"0.43134294871794876,0.34198315602836876,0.33705666666666667,0.1,0.77,0.08716449355910817","0,0,0"
20.733333333333334,263,AV,1,0,0,48,6031.594525491932,0.1,-0.30733333333333335,"0.2553790322580646,0.20099696969696967,0.21730973451327432,0.1,0.48,0.3167775690127944","0,0,0"
18.316666666666666,216,AV,1,0,0,44,4113.319853961603,0.1,-0.2831666666666667,"0.20216,0.17056460674157303,0.18989285714285717,0.1,0.44,0.21603034792922307","0,0,0"
24.033333333333335,194,AV,0,0,0,47,3393.6426315430986,0.4,-0.7110538027691122,"0.2404435897435898,0.1898561904761905,0.207475,0.4,0.47,0.17823311205269168","0,0,0"
21.233333333333334,205,AV,2,0,0,45,3773.692032315799,0.4,-0.6123333333333334,"0.21217878787878788,0.18048863636363638,0.19852599388379205,0.4,0.45,0.19819319470956198","0,0,0"
32.666666666666664,153,AV,2,0,0,67,2619.168197182975,0.8,-1.1266666666666667,"0.3962386363636364,0.31097704590818365,0.3143423772609819,0.8,0.67,0.13755794273514713","0,0,0"
11.533333333333333,231,AV,1,0,0,25,4609.601315671212,0.5,-0.6153333333333333,"0.08376836158192091,0.09489330218068537,0.12615422885572136,0.5,0.25,0.2420949042123171","0,0,0"
30.716666666666665,15,AV,1,0,0,75,571.0932451196882,0.4,-0.7071666666666667,"0.4257418300653597,0.33817567567567564,0.3310432692307692,0.4,0.75,0.029993649126121902","0,0,0"
17.716666666666665,117,AV,1,0,0,42,1794.439334206041,0.9,-1.0771666666666666,"0.1825964912280702,0.1618577661431065,0.18451449275362314,0.9,0.42,0.09424342561959032","0,0,0"
21.016666666666666,46,AV,2,0,0,45,881.2906222289953,0.2,-0.4101666666666667,"0.21217878787878788,0.18048863636363638,0.19852599388379205,0.2,0.45,0.04628512406190052","0,0,0"
30.7,102,AV,2,0,0,65,1564.4426034616197,0.2,-0.507,"0.37922727272727275,0.300736936936937,0.30645495495495495,0.2,0.65,0.08216406502295508","0,0,0"
23.583333333333332,5,AV,1,0,0,53,465.3670128771111,0.3,-0.5358333333333333,"0.30680718954248365,0.23489134438305703,0.25576543209876546,0.3,0.53,0.0244409385304185","0,0,0"
36.016666666666666,49,AV,2,0,0,74,904.859336063587,0.8,-1.1601666666666666,"0.42378525641025655,0.33676775956284155,0.3303380952380952,0.8,0.74,0.04752294597478371","0,0,0"
23.416666666666668,37,AV,1,0,0,53,832.4581618945489,0.5,-0.7341666666666666,"0.30680718954248365,0.23489134438305703,0.25576543209876546,0.5,0.53,0.043720457619506006","0,0,0"
12.216666666666667,182,AV,1,0,0,27,3225.188153267811,0.1,-0.22216666666666668,"0.09185416666666665,0.10035464231354643,0.12867836257309942,0.1,0.27,0.16938593244009792","0,0,0"
18.583333333333332,251,AV,1,0,0,44,5557.427333357366,0.2,-0.38583333333333336,"0.20216,0.17056460674157303,0.18989285714285717,0.2,0.44,0.2918744476582037","0,0,0"
24.9,252,AV,1,0,0,57,5611.673516276995,0.6,-0.849,"0.3342253086419753,0.26497690763052206,0.2768666666666667,0.6,0.57,0.29472344121718336","0,0,0"
14.15,96,AV,1,0,0,32,1530.0661682302475,0.6,-0.7415,"0.12274242424242424,0.12182847896440131,0.14529901960784314,0.6,0.32,0.08035862476368438","0,0,0"
42.81666666666667,17,AV,0,0,0,69,586.8516376274475,0.5,-1.3371286335622243,"0.40723255813953485,0.32038984674329496,0.31703658536585366,0.5,0.69,0.03082127526197365","0,0,0"
27.45,104,AV,2,0,0,57,1579.1767070066765,0.9,-1.1745,"0.3342253086419753,0.26497690763052206,0.2768666666666667,0.9,0.57,0.08293789580399638","0,0,0"
6.65,294,AV,0,0,0,17,13430.196447392702,0.2,-0.2843701779188489,"0.054854166666666655,0.07848333333333332,0.115125,0.2,0.17,0.7053499640913518","0,0,0"
19.933333333333334,1,AV,1,0,0,47,419.7646265090227,0.1,-0.29933333333333334,"0.2404435897435898,0.1898561904761905,0.207475,0.1,0.47,0.022045914621929386","0,0,0"
20.05,169,AV,1,0,0,47,2927.9701715656583,0.2,-0.4005,"0.2404435897435898,0.1898561904761905,0.207475,0.2,0.47,0.1537761315304756","0,0,0"
31.85,87,AV,1,0,0,79,1434.4967426379471,0.1,-0.4185,"0.43849415204678366,0.34618540433925055,0.3430394736842105,0.1,0.79,0.07533934666348602","0,0,0"
22.333333333333332,213,AV,0,0,0,44,3971.0791127863904,0.9,-1.1837703060512097,"0.20216,0.17056460674157303,0.18989285714285717,0.9,0.44,0.20855990607282407","0,0,0"
24.35,55,AV,1,0,0,55,979.573716991658,0.2,-0.4435,"0.31990972222222225,0.25019428571428576,0.2644031339031339,0.2,0.55,0.051446923268128025","0,0,0"
30.983333333333334,225,AV,0,0,0,50,4459.768546990965,0.2,-0.5636477852429351,"0.2767469135802469,0.22098188405797103,0.23984313725490197,0.2,0.5,0.23422573130615026","0,0,0"
41.2,40,AV,0,0,0,68,859.2772315809713,0.6,-1.2913045028767114,"0.3966477272727273,0.3133064182194617,0.315337037037037,0.6,0.68,0.045128987264949426","0,0,0"
32.78333333333333,157,AV,2,0,0,68,2675.3892374750885,0.3,-0.6278333333333332,"0.3966477272727273,0.3133064182194617,0.315337037037037,0.3,0.68,0.14051065522200876","0,0,0"
23.766666666666666,33,AV,1,0,0,54,763.1985099142711,0.3,-0.5376666666666666,"0.3129496124031007,0.24626465201465206,0.2620057971014493,0.3,0.54,0.04008296108484046","0,0,0"
46.166666666666664,206,AV,0,0,0,85,3824.993837156676,0.4,-0.9244118658010018,"0.45000806451612907,0.3566512141280353,0.35301968503937003,0.4,0.85,0.20088755039855555","0,0,0"
24.866666666666667,75,AV,1,0,0,56,1249.5878531833848,0.1,-0.3486666666666667,"0.3256666666666667,0.2579730538922156,0.2718238482384823,0.1,0.56,0.06562798621929328","0,0,0"
21.866666666666667,226,AV,2,0,0,46,4504.939201911708,0.2,-0.4186666666666667,"0.22470707070707074,0.18548214285714285,0.2018443396226415,0.2,0.46,0.2365980808061097","0,0,0"
28.75,18,AV,2,0,0,59,591.6693204447811,0.2,-0.4875,"0.3444727272727273,0.2726440329218107,0.281470189701897,0.2,0.59,0.0310742985454022","0,0,0"
19.583333333333332,269,AV,1,0,0,46,6709.13861087917,0.1,-0.29583333333333334,"0.22470707070707074,0.18548214285714285,0.2018443396226415,0.1,0.46,0.352361984934795","0,0,0"
