travel_time,id,kind,action,origin,destination,start_time,income,urgency,reward,observation,cost_table
25.8,150,AV,2,0,0,60,2458.2611968747465,0.2,-0.3096,"0.10666666666666667,0.44333333333333336,0.19333333333333333,0.2,0.6,0.1182236724414522","0,0,0"
25.6,99,AV,2,0,0,61,1614.9493849180149,0.2,-0.3072,"0.10666666666666667,0.44333333333333336,0.21333333333333335,0.2,0.61,0.07766678631823196","0,0,0"
22.933333333333334,117,AV,2,0,0,56,1880.1756700095973,0.2,-0.2752,"0.10666666666666667,0.44333333333333336,0.11666666666666667,0.2,0.56,0.0904221540112152","0,0,0"
28.95,56,AV,2,0,0,69,1025.7249596144625,0.5,-0.43424999999999997,"0.10666666666666667,0.47333333333333333,0.2966666666666667,0.5,0.69,0.049329571566540366","0,0,0"
25.55,188,AV,2,0,0,64,3097.4575811220984,0.4,-0.35769999999999996,"0.10666666666666667,0.45,0.27,0.4,0.64,0.14896415846185204","0,0,0"
17.416666666666668,177,AV,2,0,0,44,2946.490055333797,0.1,-0.19158333333333338,"0.05333333333333334,0.31333333333333335,0.0,0.1,0.44,0.14170376833700152","0,0,0"
5.766666666666667,208,AV,1,0,0,0,3456.1529418207683,0.2,-0.0692,"0.0,0.0,0.0,0.2,0.0,0.1662146780093356","0,0,0"
25.833333333333332,221,AV,2,0,0,61,4061.843573313689,0.2,-0.30999999999999994,"0.10666666666666667,0.44333333333333336,0.21333333333333335,0.2,0.61,0.19534379207968386","0,0,0"
26.483333333333334,191,AV,1,0,0,54,3151.1733449572957,0.4,-0.3707666666666667,"0.10666666666666667,0.42333333333333334,0.09333333333333334,0.4,0.54,0.1515474782802132","0,0,0"
12.783333333333333,53,AV,1,0,0,31,1014.5614647146556,0.2,-0.15339999999999998,"0.0,0.13,0.0,0.2,0.31,0.04879269234230884","0,0,0"
28.866666666666667,245,AV,1,0,0,76,4951.479839002994,0.1,-0.3175333333333334,"0.10666666666666667,0.48,0.36666666666666664,0.1,0.76,0.23812853220437127","0,0,0"
26.783333333333335,253,AV,2,0,0,61,5480.041794665195,0.3,-0.3481833333333334,"0.10666666666666667,0.44333333333333336,0.21333333333333335,0.3,0.61,0.26354834340696637","0,0,0"
23.466666666666665,71,AV,2,0,0,55,1150.4391077840953,0.4,-0.3285333333333333,"0.10666666666666667,0.44333333333333336,0.10333333333333333,0.4,0.55,0.05532737384270454","0,0,0"
17.4,247,AV,2,0,0,45,4968.170350229253,0.4,-0.24359999999999996,"0.05333333333333334,0.31333333333333335,0.016666666666666666,0.4,0.45,0.23893121888982288","0,0,0"
24.216666666666665,273,AV,2,0,0,58,7897.119961473183,0.1,-0.2663833333333333,"0.10666666666666667,0.44333333333333336,0.14666666666666667,0.1,0.58,0.37979142523300763","0,0,0"
19.816666666666666,85,AV,1,0,0,42,1434.4967426379471,0.3,-0.25761666666666666,"0.03333333333333333,0.2866666666666667,0.0,0.3,0.42,0.06898838627708276","0,0,0"
29.283333333333335,103,AV,0,0,0,50,1653.1781197118603,0.8,-0.5633937298072017,"0.07333333333333333,0.36,0.056666666666666664,0.8,0.5,0.07950529779368645","0,0,0"
22.016666666666666,284,AV,1,0,0,48,11049.706566164488,0.9,-0.4183166666666666,"0.05333333333333334,0.3333333333333333,0.056666666666666664,0.9,0.48,0.5314068705608562","0,0,0"
24.233333333333334,168,AV,2,0,0,60,2780.081336731352,0.4,-0.33926666666666666,"0.10666666666666667,0.44333333333333336,0.19333333333333333,0.4,0.6,0.13370077424326215","0,0,0"
20.166666666666668,34,AV,1,0,0,42,857.6590975250949,0.2,-0.24200000000000002,"0.03333333333333333,0.2866666666666667,0.0,0.2,0.42,0.041246881470994735","0,0,0"
13.633333333333333,261,AV,1,0,0,32,5899.132481879994,0.2,-0.1636,"0.0,0.14666666666666667,0.0,0.2,0.32,0.2837034189504176","0,0,0"
10.0,11,AV,0,0,0,41,626.2908344343901,0.9,-0.28580213648533853,"0.0033333333333333335,0.2866666666666667,0.0,0.9,0.41,0.03011982720037529","0,0,0"
23.783333333333335,124,AV,1,0,0,52,1997.7276787447236,0.2,-0.2854,"0.10666666666666667,0.38666666666666666,0.056666666666666664,0.2,0.52,0.09607551183714699","0,0,0"
24.1,229,AV,1,0,0,52,4547.885280126284,0.1,-0.26510000000000006,"0.10666666666666667,0.38666666666666666,0.056666666666666664,0.1,0.52,0.2187187026108142","0,0,0"
19.233333333333334,166,AV,2,0,0,47,2761.3662775036096,0.2,-0.2308,"0.05333333333333334,0.3333333333333333,0.043333333333333335,0.2,0.47,0.13280072219237518","0,0,0"
23.8,24,AV,2,0,0,56,779.2240782816187,0.1,-0.26180000000000003,"0.10666666666666667,0.44333333333333336,0.11666666666666667,0.1,0.56,0.03747475341773148","0,0,0"
28.566666666666666,250,AV,2,0,0,69,5158.4050556257225,0.3,-0.3713666666666667,"0.10666666666666667,0.47333333333333333,0.2966666666666667,0.3,0.69,0.24808006178999184","0,0,0"
18.716666666666665,282,AV,1,0,0,40,9030.678864893336,0.1,-0.20588333333333333,"0.0,0.25666666666666665,0.0,0.1,0.4,0.4343069895926497","0,0,0"
27.366666666666667,112,AV,1,0,0,65,1804.2001824470888,0.5,-0.4105,"0.10666666666666667,0.4533333333333333,0.2833333333333333,0.5,0.65,0.08676831073101827","0,0,0"
25.7,176,AV,1,0,0,52,2942.323800284961,0.1,-0.2827,"0.10666666666666667,0.38666666666666666,0.056666666666666664,0.1,0.52,0.1415034031468308","0,0,0"
28.316666666666666,266,AV,2,0,0,70,6248.181898567973,0.1,-0.3114833333333334,"0.10666666666666667,0.47333333333333333,0.32666666666666666,0.1,0.7,0.3004900419328989","0,0,0"
11.25,175,AV,1,0,0,29,2898.378436294527,0.1,-0.12375000000000001,"0.0,0.11,0.0,0.1,0.29,0.13938996527280403","0,0,0"
12.35,92,AV,1,0,0,31,1519.7273932229994,0.2,-0.1482,"0.0,0.13,0.0,0.2,0.31,0.07308733252801383","0,0,0"
24.3,120,AV,1,0,0,52,1929.5758599688188,0.1,-0.26730000000000004,"0.10666666666666667,0.38666666666666666,0.056666666666666664,0.1,0.52,0.09279792753915007","0,0,0"
19.066666666666666,234,AV,1,0,0,40,4617.1597275219765,0.1,-0.20973333333333333,"0.0,0.25666666666666665,0.0,0.1,0.4,0.2220502768096353","0,0,0"
9.533333333333333,190,AV,1,0,0,23,3132.463358685509,0.8,-0.1716,"0.0,0.06333333333333334,0.0,0.8,0.23,0.150647670199936","0,0,0"
8.016666666666667,121,AV,1,0,0,17,1945.516475481125,0.3,-0.10421666666666668,"0.0,0.03333333333333333,0.0,0.3,0.17,0.09356454994251304","0,0,0"
29.983333333333334,86,AV,2,0,0,78,1447.5744631551047,0.1,-0.3298166666666667,"0.10666666666666667,0.49333333333333335,0.37333333333333335,0.1,0.78,0.06961732519889745","0,0,0"
23.266666666666666,264,AV,1,0,0,51,6007.794801579103,0.1,-0.25593333333333335,"0.10666666666666667,0.36,0.056666666666666664,0.1,0.51,0.2889292503255245","0,0,0"
16.983333333333334,222,AV,2,0,0,45,4104.202624979457,0.4,-0.23776666666666665,"0.05333333333333334,0.31333333333333335,0.016666666666666666,0.4,0.45,0.19738094039225168","0,0,0"
19.066666666666666,33,AV,1,0,0,40,835.7777612710734,0.1,-0.20973333333333333,"0.0,0.25666666666666665,0.0,0.1,0.4,0.0401945555695952","0,0,0"
29.416666666666668,169,AV,1,0,0,83,2793.3389947689566,0.5,-0.44125000000000003,"0.10666666666666667,0.49666666666666665,0.38333333333333336,0.5,0.83,0.1343383667916745","0,0,0"
22.85,145,AV,2,0,0,54,2382.718205806423,0.2,-0.2742,"0.10666666666666667,0.42333333333333334,0.09333333333333334,0.2,0.54,0.11459062895418437","0,0,0"
28.066666666666666,90,AV,1,0,0,65,1503.4428459110418,0.3,-0.3648666666666667,"0.10666666666666667,0.4533333333333333,0.2833333333333333,0.3,0.65,0.0723041696201366","0,0,0"
13.55,246,AV,1,0,0,32,4959.361066312568,0.1,-0.14905000000000002,"0.0,0.14666666666666667,0.0,0.1,0.32,0.23850755931388606","0,0,0"
22.366666666666667,269,AV,1,0,0,49,7099.697064525982,0.1,-0.24603333333333338,"0.07,0.33666666666666667,0.056666666666666664,0.1,0.49,0.3414414470102487","0,0,0"
14.7,227,AV,1,0,0,36,4304.4895651906745,0.1,-0.1617,"0.0,0.19333333333333333,0.0,0.1,0.36,0.207013219355909","0,0,0"
17.1,129,AV,1,0,0,38,2123.4400354784907,0.2,-0.20520000000000002,"0.0,0.23,0.0,0.2,0.38,0.1021213203554731","0,0,0"
17.583333333333332,159,AV,2,0,0,44,2574.4307659940623,0.9,-0.3340833333333333,"0.05333333333333334,0.31333333333333335,0.0,0.9,0.44,0.12381054543309646","0,0,0"
30.783333333333335,5,AV,2,0,0,74,522.2875039790788,0.6,-0.4925333333333334,"0.10666666666666667,0.48,0.35,0.6,0.74,0.025118057783764625","0,0,0"
18.716666666666665,23,AV,2,0,0,44,779.0639592631991,0.2,-0.22459999999999997,"0.05333333333333334,0.31333333333333335,0.0,0.2,0.44,0.03746705291039347","0,0,0"
22.933333333333334,140,AV,2,0,0,55,2302.618320259251,0.6,-0.36693333333333333,"0.10666666666666667,0.44333333333333336,0.10333333333333333,0.6,0.55,0.11073843349034766","0,0,0"
16.1,198,AV,1,0,0,36,3301.717979419838,0.9,-0.3059,"0.0,0.19333333333333333,0.0,0.9,0.36,0.15878753054770403","0,0,0"
14.533333333333333,238,AV,1,0,0,33,4662.282088415262,0.1,-0.15986666666666668,"0.0,0.17,0.0,0.1,0.33,0.2242203192855181","0,0,0"
28.633333333333333,20,AV,2,0,0,77,753.5670156580491,0.3,-0.37223333333333336,"0.10666666666666667,0.49333333333333335,0.36666666666666664,0.3,0.77,0.03624084378629158","0,0,0"
20.95,220,AV,1,0,0,46,4021.28082322038,0.7,-0.35614999999999997,"0.05333333333333334,0.31333333333333335,0.043333333333333335,0.7,0.46,0.1933930322147629","0,0,0"
7.633333333333334,100,AV,1,0,0,14,1614.9573615816892,0.2,-0.0916,"0.0,0.02666666666666667,0.0,0.2,0.14,0.07766716993510497","0,0,0"
18.7,104,AV,0,0,0,43,1659.6531244520008,0.2,-0.2605521327053274,"0.03333333333333333,0.31333333333333335,0.0,0.2,0.43,0.07981669628967558","0,0,0"
23.433333333333334,200,AV,2,0,0,59,3361.758609282253,0.5,-0.35150000000000003,"0.10666666666666667,0.44333333333333336,0.16666666666666666,0.5,0.59,0.16167502833152653","0,0,0"
24.316666666666666,160,AV,2,0,0,53,2580.565825479665,0.9,-0.46201666666666663,"0.10666666666666667,0.42333333333333334,0.056666666666666664,0.9,0.53,0.12410559514707999","0,0,0"
20.316666666666666,167,AV,1,0,0,42,2767.495209174315,0.1,-0.22348333333333334,"0.03333333333333333,0.2866666666666667,0.0,0.1,0.42,0.13309547720505432","0,0,0"
27.683333333333334,1,AV,1,0,0,65,477.1303205766694,0.2,-0.3322,"0.10666666666666667,0.4533333333333333,0.2833333333333333,0.2,0.65,0.022946340609962184","0,0,0"
18.316666666666666,52,AV,1,0,0,40,985.8695826897422,0.1,-0.20148333333333335,"0.0,0.25666666666666665,0.0,0.1,0.4,0.04741283097259167","0,0,0"
15.783333333333333,73,AV,1,0,0,35,1244.4027248274256,0.3,-0.20518333333333333,"0.0,0.19,0.0,0.3,0.35,0.05984630938009477","0,0,0"
29.45,289,AV,2,0,0,77,13079.31179296209,0.3,-0.38284999999999997,"0.10666666666666667,0.49333333333333335,0.36666666666666664,0.3,0.77,0.6290154500817918","0,0,0"
11.583333333333334,82,AV,0,0,0,41,1342.087988935639,0.1,-0.1721231244359399,"0.0033333333333333335,0.2866666666666667,0.0,0.1,0.41,0.06454422784415724","0,0,0"
28.2,72,AV,2,0,0,74,1194.3606142611325,0.9,-0.5357999999999999,"0.10666666666666667,0.48,0.35,0.9,0.74,0.05743966435173499","0,0,0"
29.35,54,AV,0,0,0,50,1017.530975349866,0.1,-0.3818162638814212,"0.07333333333333333,0.36,0.056666666666666664,0.1,0.5,0.048935503225503364","0,0,0"
8.7,25,AV,1,0,0,21,802.5586880039084,0.3,-0.11309999999999999,"0.0,0.04666666666666667,0.0,0.3,0.21,0.038596970723144074","0,0,0"
12.233333333333333,254,AV,0,0,0,41,5557.427333357366,0.3,-0.16982969582283666,"0.0033333333333333335,0.2866666666666667,0.0,0.3,0.41,0.26726999942532587","0,0,0"
15.516666666666667,207,AV,1,0,0,34,3398.605365942332,0.1,-0.17068333333333335,"0.0,0.18333333333333332,0.0,0.1,0.34,0.16344707716647097","0,0,0"
23.483333333333334,87,AV,2,0,0,54,1460.8215047913693,0.2,-0.2818,"0.10666666666666667,0.42333333333333334,0.09333333333333334,0.2,0.54,0.07025440717912602","0,0,0"
28.816666666666666,225,AV,2,0,0,71,4223.122456076251,0.3,-0.3746166666666667,"0.10666666666666667,0.4766666666666667,0.33,0.3,0.71,0.20310008007368746","0,0,0"
30.916666666666668,75,AV,0,0,0,50,1260.6549751070208,0.2,-0.4185943070743099,"0.07333333333333333,0.36,0.056666666666666664,0.2,0.5,0.06062791904628244","0,0,0"
23.9,186,AV,0,0,0,48,3048.604611013583,0.4,-0.35428113535721883,"0.05333333333333334,0.3333333333333333,0.056666666666666664,0.4,0.48,0.14661470204800806","0,0,0"
22.85,142,AV,2,0,0,56,2318.2944376966047,0.5,-0.34275,"0.10666666666666667,0.44333333333333336,0.11666666666666667,0.5,0.56,0.11149233554738845","0,0,0"
18.7,299,AV,1,0,0,40,20793.30768626012,0.1,-0.20570000000000002,"0.0,0.25666666666666665,0.0,0.1,0.4,1.0","0,0,0"
25.216666666666665,59,AV,2,0,0,59,1047.1205397958274,0.1,-0.2773833333333333,"0.10666666666666667,0.44333333333333336,0.16666666666666666,0.1,0.59,0.050358536294239885","0,0,0"
9.366666666666667,115,AV,1,0,0,23,1832.3133019091129,0.9,-0.1779666666666667,"0.0,0.06333333333333334,0.0,0.9,0.23,0.08812033802202023","0,0,0"
28.05,0,AV,2,0,0,69,381.3218977270381,0.2,-0.3366,"0.10666666666666667,0.47333333333333333,0.2966666666666667,0.2,0.69,0.018338683940074114","0,0,0"
22.85,241,AV,2,0,0,57,4754.245589533712,0.4,-0.3199,"0.10666666666666667,0.44333333333333336,0.14,0.4,0.57,0.22864306445459084","0,0,0"
22.433333333333334,224,AV,2,0,0,55,4200.245935785981,0.7,-0.38136666666666663,"0.10666666666666667,0.44333333333333336,0.10333333333333333,0.7,0.55,0.2019998933869206","0,0,0"
28.666666666666668,233,AV,2,0,0,69,4572.8741748457805,0.2,-0.34400000000000003,"0.10666666666666667,0.47333333333333333,0.2966666666666667,0.2,0.69,0.21992047844641197","0,0,0"
30.95,197,AV,0,0,0,50,3278.222126324269,0.2,-0.3897026035722831,"0.07333333333333333,0.36,0.056666666666666664,0.2,0.5,0.1576575586620336","0,0,0"
10.933333333333334,14,AV,1,0,0,28,636.6552097563458,0.1,-0.12026666666666667,"0.0,0.1,0.0,0.1,0.28,0.030618274848933116","0,0,0"
25.633333333333333,12,AV,2,0,0,62,627.4062491148882,0.2,-0.30759999999999993,"0.10666666666666667,0.44333333333333336,0.23666666666666666,0.2,0.62,0.03017347016557005","0,0,0"
13.366666666666667,68,AV,0,0,0,41,1141.0395517097602,0.4,-0.23971696192893688,"0.0033333333333333335,0.2866666666666667,0.0,0.4,0.41,0.054875326664056465","0,0,0"
21.15,171,AV,1,0,0,46,2813.5576138103806,0.9,-0.40185,"0.05333333333333334,0.31333333333333335,0.043333333333333335,0.9,0.46,0.13531072863744203","0,0,0"
12.983333333333333,203,AV,1,0,0,31,3368.9508766880413,0.2,-0.1558,"0.0,0.13,0.0,0.2,0.31,0.16202092170810273","0,0,0"
11.833333333333334,50,AV,1,0,0,30,979.5720138781878,0.1,-0.13016666666666668,"0.0,0.11333333333333333,0.0,0.1,0.3,0.04710996579565228","0,0,0"
27.566666666666666,219,AV,2,0,0,72,3942.222625638348,0.2,-0.3308,"0.10666666666666667,0.4766666666666667,0.34,0.2,0.72,0.18959093402168548","0,0,0"
28.4,172,AV,1,0,0,70,2818.3733061874163,0.2,-0.34079999999999994,"0.10666666666666667,0.47333333333333333,0.32666666666666666,0.2,0.7,0.13554232682517134","0,0,0"
26.566666666666666,206,AV,1,0,0,54,3393.6426315430986,0.6,-0.4250666666666667,"0.10666666666666667,0.42333333333333334,0.09333333333333334,0.6,0.54,0.1632084073754924","0,0,0"
19.45,133,AV,1,0,0,40,2212.8825544422834,0.1,-0.21395000000000003,"0.0,0.25666666666666665,0.0,0.1,0.4,0.1064228254509272","0,0,0"
25.383333333333333,44,AV,2,0,0,62,946.1123250925148,0.2,-0.30460000000000004,"0.10666666666666667,0.44333333333333336,0.23666666666666666,0.2,0.62,0.04550080917225548","0,0,0"
22.05,240,AV,1,0,0,49,4747.153558918807,0.5,-0.33075,"0.07,0.33666666666666667,0.056666666666666664,0.5,0.49,0.22830199170551635","0,0,0"
29.4,135,AV,1,0,0,87,2218.7455195521825,0.2,-0.35279999999999995,"0.10666666666666667,0.5033333333333333,0.38333333333333336,0.2,0.87,0.1067047894942801","0,0,0"
26.933333333333334,232,AV,2,0,0,69,4569.840806868062,0.2,-0.3232,"0.10666666666666667,0.47333333333333333,0.2966666666666667,0.2,0.69,0.21977459651057532","0,0,0"
24.966666666666665,218,AV,2,0,0,61,3933.772930850901,0.3,-0.32456666666666667,"0.10666666666666667,0.44333333333333336,0.21333333333333335,0.3,0.61,0.1891845679487672","0,0,0"
28.816666666666666,69,AV,2,0,0,68,1148.2139867956057,0.2,-0.3458,"0.10666666666666667,0.47333333333333333,0.2866666666666667,0.2,0.68,0.05522036244162957","0,0,0"
23.0,9,AV,2,0,0,56,615.3970356119416,0.5,-0.34500000000000003,"0.10666666666666667,0.44333333333333336,0.11666666666666667,0.5,0.56,0.029595918306859183","0,0,0"
16.466666666666665,259,AV,1,0,0,37,5825.994272151124,0.2,-0.19759999999999997,"0.0,0.20666666666666667,0.0,0.2,0.37,0.28018602716107777","0,0,0"
28.8,131,AV,1,0,0,76,2193.4249838744518,0.3,-0.37440000000000007,"0.10666666666666667,0.48,0.36666666666666664,0.3,0.76,0.10548706425018813","0,0,0"
23.233333333333334,6,AV,1,0,0,51,548.7192496267361,0.1,-0.25556666666666666,"0.10666666666666667,0.36,0.056666666666666664,0.1,0.51,0.02638922377844295","0,0,0"
26.583333333333332,265,AV,2,0,0,68,6230.691172258436,0.3,-0.3455833333333333,"0.10666666666666667,0.47333333333333333,0.2866666666666667,0.3,0.68,0.29964887098629217","0,0,0"
19.516666666666666,127,AV,2,0,0,45,2113.1349678504243,0.3,-0.25371666666666665,"0.05333333333333334,0.31333333333333335,0.016666666666666666,0.3,0.45,0.10162572495605159","0,0,0"
21.533333333333335,49,AV,1,0,0,46,978.4447105201264,0.4,-0.30146666666666666,"0.05333333333333334,0.31333333333333335,0.043333333333333335,0.4,0.46,0.04705575107546101","0,0,0"
23.5,297,AV,2,0,0,58,18628.94525544202,0.3,-0.3055,"0.10666666666666667,0.44333333333333336,0.14666666666666667,0.3,0.58,0.8959106235777834","0,0,0"
21.033333333333335,116,AV,2,0,0,53,1848.7234685638712,0.3,-0.27343333333333336,"0.10666666666666667,0.42333333333333334,0.056666666666666664,0.3,0.53,0.08890954226515282","0,0,0"
11.033333333333333,29,AV,1,0,0,27,816.2772675203604,0.1,-0.12136666666666668,"0.0,0.09333333333333334,0.0,0.1,0.27,0.03925673009012141","0,0,0"
32.85,292,AV,0,0,0,50,14505.369879802229,0.5,-0.49688639917473226,"0.07333333333333333,0.36,0.056666666666666664,0.5,0.5,0.6975980011774241","0,0,0"
28.133333333333333,213,AV,1,0,0,67,3783.636689084741,0.2,-0.33759999999999996,"0.10666666666666667,0.4633333333333333,0.2866666666666667,0.2,0.67,0.18196415626480184","0,0,0"
29.083333333333332,210,AV,1,0,0,84,3724.6301341612702,0.1,-0.3199166666666667,"0.10666666666666667,0.5,0.38333333333333336,0.1,0.84,0.17912638962306346","0,0,0"
22.45,105,AV,1,0,0,49,1661.9571573900298,0.2,-0.2694,"0.07,0.33666666666666667,0.056666666666666664,0.2,0.49,0.07992750275552475","0,0,0"
26.416666666666668,7,AV,1,0,0,54,610.4868582393152,0.7,-0.44908333333333333,"0.10666666666666667,0.42333333333333334,0.09333333333333334,0.7,0.54,0.029359776109248604","0,0,0"
15.15,46,AV,1,0,0,36,948.3478854920526,0.2,-0.1818,"0.0,0.19333333333333333,0.0,0.2,0.36,0.04560832262962691","0,0,0"
25.6,173,AV,1,0,0,52,2853.537244729806,0.5,-0.384,"0.10666666666666667,0.38666666666666666,0.056666666666666664,0.5,0.52,0.13723344490378397","0,0,0"
22.75,139,AV,1,0,0,49,2294.767722006211,0.6,-0.36400000000000005,"0.07,0.33666666666666667,0.056666666666666664,0.6,0.49,0.11036087940556741","0,0,0"
25.866666666666667,15,AV,2,0,0,62,639.9143284368583,0.2,-0.31039999999999995,"0.10666666666666667,0.44333333333333336,0.23666666666666666,0.2,0.62,0.030775013677102628","0,0,0"
26.966666666666665,231,AV,1,0,0,54,4559.760277629775,0.7,-0.4584333333333333,"0.10666666666666667,0.42333333333333334,0.09333333333333334,0.7,0.54,0.21928979970044837","0,0,0"
14.45,110,AV,1,0,0,34,1782.711710770346,0.9,-0.27454999999999996,"0.0,0.18333333333333332,0.0,0.9,0.34,0.08573487862868172","0,0,0"
28.566666666666666,61,AV,2,0,0,69,1074.3823512953045,0.1,-0.31423333333333336,"0.10666666666666667,0.47333333333333333,0.2966666666666667,0.1,0.69,0.0516696221450731","0,0,0"
17.5,183,AV,1,0,0,39,3001.8426729260827,0.5,-0.26249999999999996,"0.0,0.23666666666666666,0.0,0.5,0.39,0.14436580837543475","0,0,0"
9.666666666666666,274,AV,1,0,0,24,7912.643587116454,0.1,-0.10633333333333334,"0.0,0.07,0.0,0.1,0.24,0.38053799359420826","0,0,0"
15.8,10,AV,1,0,0,37,617.4453946714843,0.3,-0.2054,"0.0,0.20666666666666667,0.0,0.3,0.37,0.02969442880314238","0,0,0"
26.45,212,AV,2,0,0,60,3759.463069718096,0.5,-0.39675000000000005,"0.10666666666666667,0.44333333333333336,0.19333333333333333,0.5,0.6,0.18080158897481655","0,0,0"
24.75,211,AV,1,0,0,52,3729.3449139509553,0.9,-0.47025,"0.10666666666666667,0.38666666666666666,0.056666666666666664,0.9,0.52,0.17935313468261935","0,0,0"
24.166666666666668,236,AV,0,0,0,48,4656.548587392589,0.1,-0.27871841310302536,"0.05333333333333334,0.3333333333333333,0.056666666666666664,0.1,0.48,0.22394458148039434","0,0,0"
29.366666666666667,62,AV,2,0,0,78,1076.386102050743,0.1,-0.3230333333333334,"0.10666666666666667,0.49333333333333335,0.37333333333333335,0.1,0.78,0.051765987321103386","0,0,0"
25.783333333333335,157,AV,2,0,0,62,2530.9644311939346,0.2,-0.3094,"0.10666666666666667,0.44333333333333336,0.23666666666666666,0.2,0.62,0.12172014522087579","0,0,0"
28.916666666666668,144,AV,1,0,0,76,2337.3116255789537,0.5,-0.43375,"0.10666666666666667,0.48,0.36666666666666664,0.5,0.76,0.11240691768935884","0,0,0"
8.466666666666667,91,AV,1,0,0,19,1509.578116022191,0.5,-0.127,"0.0,0.043333333333333335,0.0,0.5,0.19,0.07259922946360745","0,0,0"
18.433333333333334,204,AV,2,0,0,45,3382.383844415393,0.1,-0.2027666666666667,"0.05333333333333334,0.31333333333333335,0.016666666666666666,0.1,0.45,0.16266694531964326","0,0,0"
22.033333333333335,272,AV,2,0,0,53,7572.106998522375,0.9,-0.41863333333333336,"0.10666666666666667,0.42333333333333334,0.056666666666666664,0.9,0.53,0.3641607729166582","0,0,0"
10.333333333333334,38,AV,1,0,0,25,905.8209551718018,0.5,-0.155,"0.0,0.08333333333333333,0.0,0.5,0.25,0.04356310063022602","0,0,0"
17.833333333333332,256,AV,2,0,0,45,5590.116807812239,0.9,-0.33883333333333326,"0.05333333333333334,0.31333333333333335,0.016666666666666666,0.9,0.45,0.26884211459565416","0,0,0"
11.183333333333334,113,AV,1,0,0,27,1805.1606101798543,0.2,-0.1342,"0.0,0.09333333333333334,0.0,0.2,0.27,0.08681450000245393","0,0,0"
17.466666666666665,285,AV,2,0,0,44,11185.875164713363,0.9,-0.3318666666666666,"0.05333333333333334,0.31333333333333335,0.0,0.9,0.44,0.5379555448075637","0,0,0"
24.05,136,AV,2,0,0,59,2225.3307045190536,0.3,-0.31265000000000004,"0.10666666666666667,0.44333333333333336,0.16666666666666666,0.3,0.59,0.10702148682143131","0,0,0"
13.85,143,AV,1,0,0,32,2335.4036410281064,0.2,-0.1662,"0.0,0.14666666666666667,0.0,0.2,0.32,0.1123151581396212","0,0,0"
10.85,242,AV,1,0,0,26,4756.448820673547,0.2,-0.13019999999999998,"0.0,0.08666666666666667,0.0,0.2,0.26,0.22874902312038267","0,0,0"
26.483333333333334,81,AV,2,0,0,60,1297.4303329633815,0.1,-0.2913166666666667,"0.10666666666666667,0.44333333333333336,0.19333333333333333,0.1,0.6,0.06239653414164128","0,0,0"
29.15,187,AV,1,0,0,82,3065.2253709468137,0.4,-0.40809999999999996,"0.10666666666666667,0.49333333333333335,0.38333333333333336,0.4,0.82,0.14741403422661153","0,0,0"
24.683333333333334,189,AV,2,0,0,59,3131.512437779759,0.2,-0.2962,"0.10666666666666667,0.44333333333333336,0.16666666666666666,0.2,0.59,0.15060193813459566","0,0,0"
27.016666666666666,132,AV,1,0,0,54,2198.5025098873134,0.6,-0.4322666666666667,"0.10666666666666667,0.42333333333333334,0.09333333333333334,0.6,0.54,0.10573125464497639","0,0,0"
11.316666666666666,80,AV,1,0,0,28,1293.252850487379,0.1,-0.12448333333333335,"0.0,0.1,0.0,0.1,0.28,0.06219562899759039","0,0,0"
25.816666666666666,107,AV,1,0,0,51,1697.366940102563,0.1,-0.28398333333333337,"0.10666666666666667,0.36,0.056666666666666664,0.1,0.51,0.08163044406947123","0,0,0"
31.266666666666666,138,AV,2,0,0,72,2280.385817754286,0.3,-0.40646666666666664,"0.10666666666666667,0.4766666666666667,0.34,0.3,0.72,0.10966921916233309","0,0,0"
27.666666666666668,18,AV,2,0,0,64,741.34301771214,0.4,-0.3873333333333333,"0.10666666666666667,0.45,0.27,0.4,0.64,0.03565296242896494","0,0,0"
23.083333333333332,260,AV,2,0,0,54,5844.130995646287,0.1,-0.2539166666666667,"0.10666666666666667,0.42333333333333334,0.09333333333333334,0.1,0.54,0.28105826566054204","0,0,0"
9.966666666666667,3,AV,1,0,0,24,508.6019702527906,0.1,-0.10963333333333335,"0.0,0.07,0.0,0.1,0.24,0.024459887668034006","0,0,0"
25.633333333333333,244,AV,0,0,0,48,4950.077303955518,0.1,-0.2940876894943415,"0.05333333333333334,0.3333333333333333,0.056666666666666664,0.1,0.48,0.23806108093261413","0,0,0"
25.933333333333334,295,AV,1,0,0,52,16390.717038727882,0.9,-0.49273333333333336,"0.10666666666666667,0.38666666666666666,0.056666666666666664,0.9,0.52,0.7882688644846343","0,0,0"
32.833333333333336,202,AV,0,0,0,50,3366.895459871004,0.3,-0.44465390445445124,"0.07333333333333333,0.36,0.056666666666666664,0.3,0.5,0.16192207178734694","0,0,0"
21.516666666666666,42,AV,2,0,0,53,934.0011274976006,0.7,-0.3657833333333333,"0.10666666666666667,0.42333333333333334,0.056666666666666664,0.7,0.53,0.04491835265414619","0,0,0"
25.666666666666668,164,AV,2,0,0,62,2750.2432356670683,0.7,-0.4363333333333333,"0.10666666666666667,0.44333333333333336,0.23666666666666666,0.7,0.62,0.13226578845290615","0,0,0"
25.816666666666666,163,AV,0,0,0,48,2744.255474143275,0.1,-0.30584718695969126,"0.05333333333333334,0.3333333333333333,0.056666666666666664,0.1,0.48,0.13197782265092123","0,0,0"
8.933333333333334,79,AV,1,0,0,22,1291.2118623687816,0.5,-0.134,"0.0,0.05333333333333334,0.0,0.5,0.22,0.062097472987522495","0,0,0"
29.566666666666666,278,AV,2,0,0,74,8348.421721831439,0.9,-0.5617666666666666,"0.10666666666666667,0.48,0.35,0.9,0.74,0.4014956084811817","0,0,0"
5.9,216,AV,1,0,0,0,3824.993837156676,0.4,-0.0826,"0.0,0.0,0.0,0.4,0.0,0.18395312063237393","0,0,0"
7.266666666666667,154,AV,1,0,0,13,2520.718778515204,0.1,-0.07993333333333334,"0.0,0.016666666666666666,0.0,0.1,0.13,0.12122740722876209","0,0,0"
13.983333333333333,93,AV,1,0,0,32,1527.6889462703334,0.4,-0.19576666666666667,"0.0,0.14666666666666667,0.0,0.4,0.32,0.07347022269476662","0,0,0"
24.1,156,AV,2,0,0,59,2528.765907819195,0.2,-0.2892,"0.10666666666666667,0.44333333333333336,0.16666666666666666,0.2,0.59,0.12161441296279007","0,0,0"
21.716666666666665,279,AV,1,0,0,46,8436.938288223368,0.4,-0.30403333333333327,"0.05333333333333334,0.31333333333333335,0.043333333333333335,0.4,0.46,0.4057525822983113","0,0,0"
21.633333333333333,51,AV,2,0,0,53,979.573716991658,0.1,-0.23796666666666666,"0.10666666666666667,0.42333333333333334,0.056666666666666664,0.1,0.53,0.04711004770246075","0,0,0"
23.783333333333335,192,AV,2,0,0,59,3159.4556453821087,0.4,-0.33296666666666663,"0.10666666666666667,0.44333333333333336,0.16666666666666666,0.4,0.59,0.15194579395705407","0,0,0"
18.383333333333333,4,AV,1,0,0,39,513.3463032142733,0.4,-0.25736666666666663,"0.0,0.23666666666666666,0.0,0.4,0.39,0.024688054010448962","0,0,0"
25.033333333333335,39,AV,2,0,0,61,921.9548251796884,0.2,-0.3004,"0.10666666666666667,0.44333333333333336,0.21333333333333335,0.2,0.61,0.04433901710543634","0,0,0"
8.9,114,AV,1,0,0,18,1823.811293294481,0.4,-0.1246,"0.0,0.03666666666666667,0.0,0.4,0.18,0.08771145605177698","0,0,0"
34.63333333333333,102,AV,0,0,0,50,1635.9686818612918,0.2,-0.4522755187096468,"0.07333333333333333,0.36,0.056666666666666664,0.2,0.5,0.07867765468320913","0,0,0"
27.216666666666665,226,AV,2,0,0,62,4227.85786318916,0.5,-0.40825,"0.10666666666666667,0.44333333333333336,0.23666666666666666,0.5,0.62,0.20332781715065273","0,0,0"
27.783333333333335,13,AV,1,0,0,64,632.5893922142865,0.7,-0.4723166666666667,"0.10666666666666667,0.45,0.27,0.7,0.64,0.030422739939172414","0,0,0"
9.983333333333333,255,AV,1,0,0,24,5578.433439706214,0.4,-0.13976666666666665,"0.0,0.07,0.0,0.4,0.24,0.2682802334230043","0,0,0"
17.35,179,AV,1,0,0,39,2965.4163440895786,0.1,-0.19085000000000002,"0.0,0.23666666666666666,0.0,0.1,0.39,0.14261397892212588","0,0,0"
23.433333333333334,43,AV,1,0,0,49,938.3100494872764,0.4,-0.3280666666666667,"0.07,0.33666666666666667,0.056666666666666664,0.4,0.49,0.04512557903941836","0,0,0"
18.883333333333333,8,AV,0,0,0,43,614.9217871931492,0.3,-0.3430567178671192,"0.03333333333333333,0.31333333333333335,0.0,0.3,0.43,0.029573062471416202","0,0,0"
18.166666666666668,65,AV,1,0,0,39,1117.0806745336297,0.2,-0.218,"0.0,0.23666666666666666,0.0,0.2,0.39,0.05372308684066549","0,0,0"
29.033333333333335,293,AV,2,0,0,71,14754.343640924068,0.2,-0.3484,"0.10666666666666667,0.4766666666666667,0.33,0.2,0.71,0.7095717460418045","0,0,0"
10.266666666666667,252,AV,1,0,0,24,5458.612723313221,0.9,-0.19506666666666667,"0.0,0.07,0.0,0.9,0.24,0.2625177680086071","0,0,0"
17.5,137,AV,1,0,0,39,2276.662146114732,0.4,-0.24499999999999997,"0.0,0.23666666666666666,0.0,0.4,0.39,0.1094901388690128","0,0,0"
24.35,36,AV,2,0,0,56,870.7377108213431,0.9,-0.46265,"0.10666666666666667,0.44333333333333336,0.11666666666666667,0.9,0.56,0.04187586332869553","0,0,0"
12.733333333333333,31,AV,1,0,0,31,825.4433072334436,0.3,-0.16553333333333334,"0.0,0.13,0.0,0.3,0.31,0.039697546907310144","0,0,0"
16.6,181,AV,2,0,0,44,2969.8754393798326,0.5,-0.249,"0.05333333333333334,0.31333333333333335,0.0,0.5,0.44,0.1428284275013291","0,0,0"
20.833333333333332,287,AV,1,0,0,42,11662.42845360034,0.6,-0.3333333333333333,"0.03333333333333333,0.2866666666666667,0.0,0.6,0.42,0.5608741345806508","0,0,0"
25.983333333333334,290,AV,2,0,0,64,13748.957190518822,0.1,-0.2858166666666667,"0.10666666666666667,0.45,0.27,0.1,0.64,0.6612203021265304","0,0,0"
28.483333333333334,185,AV,2,0,0,69,3031.4508351358254,0.2,-0.3418,"0.10666666666666667,0.47333333333333333,0.2966666666666667,0.2,0.69,0.14578973585520302","0,0,0"
15.433333333333334,152,AV,1,0,0,36,2478.182963693478,0.1,-0.16976666666666668,"0.0,0.19333333333333333,0.0,0.1,0.36,0.1191817579523926","0,0,0"
6.983333333333333,97,AV,1,0,0,10,1588.8002265047048,0.1,-0.07681666666666667,"0.0,0.01,0.0,0.1,0.1,0.07640921062090368","0,0,0"
29.733333333333334,223,AV,2,0,0,75,4159.866430607663,0.5,-0.446,"0.10666666666666667,0.48,0.36,0.5,0.75,0.20005794620912742","0,0,0"
19.466666666666665,28,AV,1,0,0,40,814.1496548969513,0.1,-0.21413333333333334,"0.0,0.25666666666666665,0.0,0.1,0.4,0.039154408100012306","0,0,0"
21.45,37,AV,2,0,0,53,871.0408974081768,0.4,-0.30029999999999996,"0.10666666666666667,0.42333333333333334,0.056666666666666664,0.4,0.53,0.04189044429827518","0,0,0"
28.4,280,AV,1,0,0,73,8480.737499651503,0.3,-0.3692,"0.10666666666666667,0.4766666666666667,0.35,0.3,0.73,0.407858991345347","0,0,0"
24.9,64,AV,2,0,0,58,1111.987968807459,0.6,-0.39840000000000003,"0.10666666666666667,0.44333333333333336,0.14666666666666667,0.6,0.58,0.05347816641708441","0,0,0"
23.5,214,AV,1,0,0,51,3803.247088152212,0.4,-0.32899999999999996,"0.10666666666666667,0.36,0.056666666666666664,0.4,0.51,0.18290726735435825","0,0,0"
27.833333333333332,118,AV,1,0,0,67,1900.764377468582,0.6,-0.44533333333333336,"0.10666666666666667,0.4633333333333333,0.2866666666666667,0.6,0.67,0.09141231429593938","0,0,0"
7.9,209,AV,1,0,0,18,3531.3895067900216,0.5,-0.1185,"0.0,0.03666666666666667,0.0,0.5,0.18,0.16983298473111647","0,0,0"
30.183333333333334,21,AV,2,0,0,78,761.8437659652793,0.2,-0.3622,"0.10666666666666667,0.49333333333333335,0.37333333333333335,0.2,0.78,0.03663889254467645","0,0,0"
22.85,199,AV,2,0,0,53,3313.1900178081896,0.3,-0.29705000000000004,"0.10666666666666667,0.42333333333333334,0.056666666666666664,0.3,0.53,0.1593392483677569","0,0,0"
26.6,239,AV,2,0,0,64,4669.869929992837,0.6,-0.42560000000000003,"0.10666666666666667,0.45,0.27,0.6,0.64,0.224585236772051","0,0,0"
20.5,296,AV,1,0,0,42,17322.90883950548,0.7,-0.3485,"0.03333333333333333,0.2866666666666667,0.0,0.7,0.42,0.833100202280572","0,0,0"
25.166666666666668,2,AV,2,0,0,58,497.26542980048754,0.1,-0.2768333333333334,"0.10666666666666667,0.44333333333333336,0.14666666666666667,0.1,0.58,0.023914686268460907","0,0,0"
28.683333333333334,95,AV,2,0,0,71,1567.0706205360798,0.2,-0.3442,"0.10666666666666667,0.4766666666666667,0.33,0.2,0.71,0.07536418179256658","0,0,0"
11.633333333333333,174,AV,1,0,0,30,2857.8751728516777,0.1,-0.12796666666666667,"0.0,0.11333333333333333,0.0,0.1,0.3,0.13744206626346972","0,0,0"
27.433333333333334,41,AV,0,0,0,48,932.1411738504048,0.5,-0.47586793232956054,"0.05333333333333334,0.3333333333333333,0.056666666666666664,0.5,0.48,0.04482890302567631","0,0,0"
25.916666666666668,275,AV,2,0,0,62,8028.27043643778,0.3,-0.33691666666666664,"0.10666666666666667,0.44333333333333336,0.23666666666666666,0.3,0.62,0.3860987658900816","0,0,0"
27.516666666666666,60,AV,2,0,0,69,1068.5648373754009,0.2,-0.3302,"0.10666666666666667,0.47333333333333333,0.2966666666666667,0.2,0.69,0.05138984395837567","0,0,0"
16.4,70,AV,1,0,0,37,1150.2916000513435,0.2,-0.19679999999999997,"0.0,0.20666666666666667,0.0,0.2,0.37,0.05532027984231857","0,0,0"
23.016666666666666,101,AV,1,0,0,49,1626.914224999384,0.2,-0.2762,"0.07,0.33666666666666667,0.056666666666666664,0.2,0.49,0.07824220415275356","0,0,0"
20.566666666666666,78,AV,2,0,0,53,1275.9312017726234,0.9,-0.39076666666666665,"0.10666666666666667,0.42333333333333334,0.056666666666666664,0.9,0.53,0.06136258939772906","0,0,0"
26.616666666666667,258,AV,2,0,0,60,5721.231751015957,0.3,-0.3460166666666667,"0.10666666666666667,0.44333333333333336,0.19333333333333333,0.3,0.6,0.2751477464451918","0,0,0"
18.633333333333333,119,AV,2,0,0,47,1921.5023446668008,0.1,-0.20496666666666666,"0.05333333333333334,0.3333333333333333,0.043333333333333335,0.1,0.47,0.09240965283924012","0,0,0"
28.95,196,AV,1,0,0,76,3269.866339895674,0.7,-0.49215,"0.10666666666666667,0.48,0.36666666666666664,0.7,0.76,0.15725570886715387","0,0,0"
21.7,66,AV,1,0,0,46,1129.1321270070612,0.1,-0.23870000000000002,"0.05333333333333334,0.31333333333333335,0.043333333333333335,0.1,0.46,0.05430267007269716","0,0,0"
17.916666666666668,262,AV,2,0,0,45,5960.007005011629,0.1,-0.19708333333333336,"0.05333333333333334,0.31333333333333335,0.016666666666666666,0.1,0.45,0.2866310206600706","0,0,0"
13.533333333333333,153,AV,0,0,0,41,2496.2043409386315,0.1,-0.1729031604007648,"0.0033333333333333335,0.2866666666666667,0.0,0.1,0.41,0.1200484491742544","0,0,0"
15.216666666666667,165,AV,0,0,0,41,2754.938443140308,0.3,-0.219595737683443,"0.0033333333333333335,0.2866666666666667,0.0,0.3,0.41,0.13249159223285706","0,0,0"
15.383333333333333,281,AV,0,0,0,41,8987.822610831106,0.4,-0.2220423658429827,"0.0033333333333333335,0.2866666666666667,0.0,0.4,0.41,0.4322459296252377","0,0,0"
23.583333333333332,158,AV,2,0,0,58,2563.744074524839,0.1,-0.2594166666666667,"0.10666666666666667,0.44333333333333336,0.14666666666666667,0.1,0.58,0.1232965968285517","0,0,0"
7.466666666666667,17,AV,1,0,0,16,682.056612603955,0.6,-0.11946666666666668,"0.0,0.03,0.0,0.6,0.16,0.03280173712115302","0,0,0"
27.866666666666667,57,AV,2,0,0,68,1038.299283744561,0.1,-0.3065333333333334,"0.10666666666666667,0.47333333333333333,0.2866666666666667,0.1,0.68,0.04993430094965855","0,0,0"
19.2,294,AV,1,0,0,40,15725.918848752755,0.1,-0.21120000000000003,"0.0,0.25666666666666665,0.0,0.1,0.4,0.7562971262693423","0,0,0"
26.35,130,AV,2,0,0,62,2139.4702648744856,0.2,-0.3162,"0.10666666666666667,0.44333333333333336,0.23666666666666666,0.2,0.62,0.10289225250527183","0,0,0"
19.35,230,AV,1,0,0,40,4549.115907877681,0.1,-0.21285,"0.0,0.25666666666666665,0.0,0.1,0.4,0.21877788644870882","0,0,0"
28.3,151,AV,1,0,0,67,2476.7926805910606,0.1,-0.3113000000000001,"0.10666666666666667,0.4633333333333333,0.2866666666666667,0.1,0.67,0.1191148959060364","0,0,0"
18.583333333333332,276,AV,2,0,0,47,8029.700924090037,0.1,-0.20441666666666666,"0.05333333333333334,0.3333333333333333,0.043333333333333335,0.1,0.47,0.386167561469594","0,0,0"
27.1,32,AV,1,0,0,63,832.3173438658397,0.6,-0.43360000000000004,"0.10666666666666667,0.44333333333333336,0.26666666666666666,0.6,0.63,0.0400281358033201","0,0,0"
27.2,178,AV,2,0,0,62,2953.761118311176,0.2,-0.3264,"0.10666666666666667,0.44333333333333336,0.23666666666666666,0.2,0.62,0.14205345118145746","0,0,0"
16.033333333333335,271,AV,1,0,0,37,7177.938863287724,0.7,-0.2725666666666667,"0.0,0.20666666666666667,0.0,0.7,0.37,0.345204282627472","0,0,0"
27.85,96,AV,1,0,0,63,1572.8756307612184,0.3,-0.36205000000000004,"0.10666666666666667,0.44333333333333336,0.26666666666666666,0.3,0.63,0.07564335864661634","0,0,0"
6.883333333333334,277,AV,1,0,0,12,8331.964781214912,0.2,-0.0826,"0.0,0.013333333333333334,0.0,0.2,0.12,0.4007041547661289","0,0,0"
14.816666666666666,141,AV,1,0,0,33,2318.1098695731453,0.9,-0.28151666666666664,"0.0,0.17,0.0,0.9,0.33,0.1114834592239942","0,0,0"
14.316666666666666,63,AV,1,0,0,33,1097.8259349569896,0.3,-0.18611666666666668,"0.0,0.17,0.0,0.3,0.33,0.05279708026839882","0,0,0"
23.7,58,AV,1,0,0,51,1040.734547163155,0.1,-0.2607,"0.10666666666666667,0.36,0.056666666666666664,0.1,0.51,0.05005141860382586","0,0,0"
24.15,123,AV,1,0,0,51,1996.532829496936,0.1,-0.26565,"0.10666666666666667,0.36,0.056666666666666664,0.1,0.51,0.0960180486732379","0,0,0"
12.05,288,AV,1,0,0,30,11940.25564443948,0.2,-0.1446,"0.0,0.11333333333333333,0.0,0.2,0.3,0.5742355100304415","0,0,0"
24.383333333333333,268,AV,1,0,0,52,6778.2755320215965,0.9,-0.46328333333333327,"0.10666666666666667,0.38666666666666666,0.056666666666666664,0.9,0.52,0.3259835151913118","0,0,0"
20.966666666666665,248,AV,2,0,0,45,5003.647877951615,0.3,-0.2725666666666666,"0.05333333333333334,0.31333333333333335,0.016666666666666666,0.3,0.45,0.24063741822365012","0,0,0"
23.933333333333334,88,AV,2,0,0,53,1475.2077210572677,0.6,-0.38293333333333335,"0.10666666666666667,0.42333333333333334,0.056666666666666664,0.6,0.53,0.07094627479744654","0,0,0"
20.483333333333334,35,AV,0,0,0,43,863.3540159882258,0.3,-0.33577973792389043,"0.03333333333333333,0.31333333333333335,0.0,0.3,0.43,0.04152076374836295","0,0,0"
34.63333333333333,89,AV,0,0,0,50,1485.5718097438446,0.2,-0.4559884885311237,"0.07333333333333333,0.36,0.056666666666666664,0.2,0.5,0.07144470866102204","0,0,0"
26.733333333333334,27,AV,2,0,0,63,807.7368269013535,0.1,-0.29406666666666675,"0.10666666666666667,0.44333333333333336,0.26666666666666666,0.1,0.63,0.0388459998326814","0,0,0"
9.0,22,AV,1,0,0,21,767.6170681366935,0.3,-0.11699999999999999,"0.0,0.04666666666666667,0.0,0.3,0.21,0.036916544482430876","0,0,0"
24.433333333333334,134,AV,2,0,0,53,2218.0502812558643,0.4,-0.3420666666666667,"0.10666666666666667,0.42333333333333334,0.056666666666666664,0.4,0.53,0.10667135381839783","0,0,0"
27.033333333333335,243,AV,1,0,0,54,4924.983441788647,0.3,-0.3514333333333334,"0.10666666666666667,0.42333333333333334,0.09333333333333334,0.3,0.54,0.2368542569609065","0,0,0"
16.833333333333332,83,AV,1,0,0,37,1365.417472605012,0.4,-0.23566666666666666,"0.0,0.20666666666666667,0.0,0.4,0.37,0.06566619862539994","0,0,0"
17.083333333333332,148,AV,0,0,0,41,2421.832203454489,0.2,-0.2297746313367277,"0.0033333333333333335,0.2866666666666667,0.0,0.2,0.41,0.11647171484192467","0,0,0"
20.45,30,AV,1,0,0,42,822.5771428470101,0.1,-0.22495,"0.03333333333333333,0.2866666666666667,0.0,0.1,0.42,0.039559706192899544","0,0,0"
7.366666666666666,249,AV,1,0,0,13,5004.1281918097375,0.2,-0.08839999999999999,"0.0,0.016666666666666666,0.0,0.2,0.13,0.24066051766821034","0,0,0"
24.466666666666665,47,AV,2,0,0,55,954.0002559944874,0.1,-0.26913333333333334,"0.10666666666666667,0.44333333333333336,0.10333333333333333,0.1,0.55,0.045880158673594545","0,0,0"
25.1,146,AV,1,0,0,52,2392.7441380289174,0.1,-0.2761,"0.10666666666666667,0.38666666666666666,0.056666666666666664,0.1,0.52,0.1150728000629743","0,0,0"
24.65,98,AV,2,0,0,60,1594.6992934726818,0.2,-0.2958,"0.10666666666666667,0.44333333333333336,0.19333333333333333,0.2,0.6,0.07669291088913349","0,0,0"
20.666666666666668,128,AV,0,0,0,43,2117.047321722312,0.4,-0.31767469320014413,"0.03333333333333333,0.31333333333333335,0.0,0.4,0.43,0.10181387943012177","0,0,0"
29.433333333333334,298,AV,2,0,0,72,19040.472291926453,0.2,-0.3532,"0.10666666666666667,0.4766666666666667,0.34,0.2,0.72,0.91570194503052","0,0,0"
22.183333333333334,26,AV,0,0,0,43,806.3598325453933,0.7,-0.4515251349191107,"0.03333333333333333,0.31333333333333335,0.0,0.7,0.43,0.03877977687399022","0,0,0"
23.4,147,AV,2,0,0,57,2421.0391237858234,0.4,-0.32759999999999995,"0.10666666666666667,0.44333333333333336,0.14,0.4,0.57,0.11643357373995898","0,0,0"
11.95,195,AV,1,0,0,30,3230.862018062417,0.3,-0.15535,"0.0,0.11333333333333333,0.0,0.3,0.3,0.15537989755219744","0,0,0"
26.433333333333334,283,AV,2,0,0,66,9884.322174397852,0.1,-0.2907666666666667,"0.10666666666666667,0.4633333333333333,0.2833333333333333,0.1,0.66,0.47536074219347274","0,0,0"
26.816666666666666,228,AV,2,0,0,69,4459.768546990965,0.2,-0.3218,"0.10666666666666667,0.47333333333333333,0.2966666666666667,0.2,0.69,0.21448095773323778","0,0,0"
36.43333333333333,40,AV,0,0,0,50,932.0432837729122,0.1,-0.46514135939243784,"0.07333333333333333,0.36,0.056666666666666664,0.1,0.5,0.04482419525724574","0,0,0"
22.716666666666665,19,AV,1,0,0,49,743.7818724069466,0.3,-0.29531666666666667,"0.07,0.33666666666666667,0.056666666666666664,0.3,0.49,0.035770252796212196","0,0,0"
24.916666666666668,126,AV,2,0,0,61,2046.5713793034688,0.7,-0.4235833333333333,"0.10666666666666667,0.44333333333333336,0.21333333333333335,0.7,0.61,0.09842452245612708","0,0,0"
29.766666666666666,106,AV,1,0,0,88,1682.490559712908,0.2,-0.35719999999999996,"0.10666666666666667,0.5066666666666667,0.38333333333333336,0.2,0.88,0.08091500328370894","0,0,0"
27.533333333333335,48,AV,0,0,0,49,961.7772661313056,0.9,-0.5855178397184204,"0.07,0.33666666666666667,0.056666666666666664,0.9,0.49,0.04625417372950396","0,0,0"
21.883333333333333,182,AV,1,0,0,46,2971.291490045772,0.1,-0.2407166666666667,"0.05333333333333334,0.31333333333333335,0.043333333333333335,0.1,0.46,0.14289652877156978","0,0,0"
9.216666666666667,67,AV,1,0,0,22,1135.438045570021,0.4,-0.12903333333333333,"0.0,0.05333333333333334,0.0,0.4,0.22,0.0546059368091927","0,0,0"
22.333333333333332,170,AV,2,0,0,56,2797.307504072895,0.1,-0.24566666666666667,"0.10666666666666667,0.44333333333333336,0.11666666666666667,0.1,0.56,0.13452922191505445","0,0,0"
6.733333333333333,74,AV,1,0,0,1,1249.5878531833848,0.5,-0.10099999999999999,"0.0,0.006666666666666667,0.0,0.5,0.01,0.06009567462944302","0,0,0"
14.083333333333334,291,AV,1,0,0,32,14297.77376075636,0.1,-0.15491666666666667,"0.0,0.14666666666666667,0.0,0.1,0.32,0.6876142062863859","0,0,0"
21.216666666666665,180,AV,2,0,0,53,2966.188350320237,0.3,-0.27581666666666665,"0.10666666666666667,0.42333333333333334,0.056666666666666664,0.3,0.53,0.14265110655195307","0,0,0"
20.45,111,AV,1,0,0,42,1794.439334206041,0.4,-0.28629999999999994,"0.03333333333333333,0.2866666666666667,0.0,0.4,0.42,0.08629888814619799","0,0,0"
9.5,125,AV,1,0,0,22,2044.1603053436156,0.2,-0.11399999999999999,"0.0,0.05333333333333334,0.0,0.2,0.22,0.09830856813100321","0,0,0"
25.283333333333335,251,AV,1,0,0,52,5434.023139443809,0.1,-0.27811666666666673,"0.10666666666666667,0.38666666666666666,0.056666666666666664,0.1,0.52,0.26133519598878074","0,0,0"
18.116666666666667,84,AV,1,0,0,39,1389.0632502942228,0.1,-0.19928333333333334,"0.0,0.23666666666666666,0.0,0.1,0.39,0.0668033807440888","0,0,0"
25.233333333333334,184,AV,1,0,0,52,3017.17067826153,0.6,-0.4037333333333334,"0.10666666666666667,0.38666666666666666,0.056666666666666664,0.6,0.52,0.14510296888720728","0,0,0"
17.45,108,AV,1,0,0,38,1716.9764066453156,0.2,-0.20939999999999998,"0.0,0.23,0.0,0.2,0.38,0.08257351031167907","0,0,0"
36.45,263,AV,0,0,0,50,5984.209260784091,0.3,-0.48387638734463956,"0.07333333333333333,0.36,0.056666666666666664,0.3,0.5,0.28779496514344177","0,0,0"
16.5,76,AV,1,0,0,37,1261.43865123121,0.4,-0.23099999999999998,"0.0,0.20666666666666667,0.0,0.4,0.37,0.060665607909257666","0,0,0"
13.283333333333333,77,AV,1,0,0,31,1275.6237969650936,0.9,-0.2523833333333333,"0.0,0.13,0.0,0.9,0.31,0.06134780556380672","0,0,0"
29.183333333333334,16,AV,2,0,0,75,676.2529471816457,0.2,-0.3502,"0.10666666666666667,0.48,0.36,0.2,0.75,0.03252262494189429","0,0,0"
17.083333333333332,201,AV,0,0,0,41,3362.377553451843,0.1,-0.20576118265161414,"0.0033333333333333335,0.2866666666666667,0.0,0.1,0.41,0.16170479484000747","0,0,0"
21.6,237,AV,2,0,0,45,4660.29795945294,0.3,-0.28080000000000005,"0.05333333333333334,0.31333333333333335,0.016666666666666666,0.3,0.45,0.2241248977685445","0,0,0"
26.466666666666665,94,AV,1,0,0,51,1541.4014724042315,0.1,-0.29113333333333336,"0.10666666666666667,0.36,0.056666666666666664,0.1,0.51,0.07412969094006937","0,0,0"
26.333333333333332,193,AV,2,0,0,61,3169.820795106812,0.1,-0.2896666666666667,"0.10666666666666667,0.44333333333333336,0.21333333333333335,0.1,0.61,0.15244427884849596","0,0,0"
12.483333333333333,235,AV,1,0,0,30,4635.813442599864,0.6,-0.19973333333333332,"0.0,0.11333333333333333,0.0,0.6,0.3,0.222947378673338","0,0,0"
14.416666666666666,45,AV,1,0,0,32,946.2003450753726,0.3,-0.18741666666666668,"0.0,0.14666666666666667,0.0,0.3,0.32,0.04550504226418034","0,0,0"
11.266666666666667,217,AV,1,0,0,28,3866.930621896856,0.6,-0.1802666666666667,"0.0,0.1,0.0,0.6,0.28,0.18596996111648273","0,0,0"
18.083333333333332,267,AV,2,0,0,47,6434.117121135291,0.2,-0.21699999999999997,"0.05333333333333334,0.3333333333333333,0.043333333333333335,0.2,0.47,0.3094321123996473","0,0,0"
24.216666666666665,215,AV,1,0,0,51,3822.7735841463273,0.4,-0.3390333333333333,"0.10666666666666667,0.36,0.056666666666666664,0.4,0.51,0.18384634334403438","0,0,0"
7.416666666666667,194,AV,1,0,0,13,3225.188153267811,0.3,-0.09641666666666668,"0.0,0.016666666666666666,0.0,0.3,0.13,0.15510702779620594","0,0,0"
22.316666666666666,162,AV,0,0,0,43,2722.266725979925,0.3,-0.3121571226687882,"0.03333333333333333,0.31333333333333335,0.0,0.3,0.43,0.13092033105337805","0,0,0"
14.133333333333333,122,AV,1,0,0,32,1963.0347272178835,0.1,-0.1554666666666667,"0.0,0.14666666666666667,0.0,0.1,0.32,0.09440704465288248","0,0,0"
17.316666666666666,109,AV,1,0,0,37,1778.835052690156,0.1,-0.19048333333333334,"0.0,0.20666666666666667,0.0,0.1,0.37,0.08554844085078303","0,0,0"
27.016666666666666,205,AV,2,0,0,59,3386.12741774329,0.1,-0.29718333333333335,"0.10666666666666667,0.44333333333333336,0.16666666666666666,0.1,0.59,0.16284698273285247","0,0,0"
26.0,149,AV,2,0,0,59,2446.4664131825853,0.2,-0.312,"0.10666666666666667,0.44333333333333336,0.16666666666666666,0.2,0.59,0.11765643302624577","0,0,0"
20.983333333333334,55,AV,1,0,0,42,1020.7360413649084,0.7,-0.3567166666666667,"0.03333333333333333,0.2866666666666667,0.0,0.7,0.42,0.04908964253144747","0,0,0"
23.5,257,AV,2,0,0,56,5654.280440205098,0.1,-0.2585,"0.10666666666666667,0.44333333333333336,0.11666666666666667,0.1,0.56,0.2719278974523786","0,0,0"
15.3,286,AV,1,0,0,33,11515.391842589095,0.3,-0.1989,"0.0,0.17,0.0,0.3,0.33,0.5538027915682833","0,0,0"
9.8,161,AV,0,0,0,40,2648.588416164911,0.8,-0.19905357638574833,"0.0,0.25666666666666665,0.0,0.8,0.4,0.1273769645564883","0,0,0"
10.733333333333333,270,AV,1,0,0,26,7128.986247371214,0.1,-0.11806666666666667,"0.0,0.08666666666666667,0.0,0.1,0.26,0.34285003400790975","0,0,0"
25.333333333333332,155,AV,2,0,0,58,2520.757475212996,0.3,-0.3293333333333333,"0.10666666666666667,0.44333333333333336,0.14666666666666667,0.3,0.58,0.12122926824569963","0,0,0"
