travel_time,id,kind,action,origin,destination,start_time,income,urgency,reward,observation,cost_table
30.866666666666667,146,AV,1,0,0,66,2280.385817754286,0.2,-4.554944894344224,"0.36178455284552846,0.28628205128205125,0.3400208333333333,0.2,0.66,0.1126715743273096","0,0,0"
41.15,7,AV,0,0,0,75,546.8646928603165,0.5,-2.841348751414397,"0.2889954954954955,0.23455503144654088,0.3228448275862068,0.5,0.75,0.027020035561031403","0,0,0"
29.6,111,AV,1,0,0,61,1661.9571573900298,0.3,-4.7268130196018845,"0.37883333333333324,0.2867671957671957,0.3650752688172043,0.3,0.61,0.08211563496394797","0,0,0"
13.9,198,AV,0,0,0,15,3465.4556083993225,0.4,-4.865639692601069,"0.2909950980392157,0.2586495726495726,0.32459770114942527,0.4,0.15,0.17122468317412964","0,0,0"
29.45,288,AV,1,0,0,61,11185.875164713363,0.3,-25.956365424303673,"0.3211747967479674,0.28195041322314046,0.34871428571428575,0.3,0.61,0.5526828641120808","0,0,0"
33.28333333333333,61,AV,2,0,0,50,1022.032321197676,0.3,-2.5770183654441396,"0.3224649122807018,0.270495652173913,0.35402222222222224,0.3,0.5,0.05049759112961852","0,0,0"
39.95,108,AV,1,0,0,96,1645.9523587482854,0.1,-2.6604999174745965,"0.36367857142857135,0.2654834834834835,0.3257741935483871,0.1,0.96,0.0813248539278105","0,0,0"
38.25,47,AV,1,0,0,93,912.6272274022258,0.1,-1.8815149355589682,"0.26739473684210524,0.2459510703363914,0.34111616161616154,0.1,0.93,0.04509199526010037","0,0,0"
42.9,231,AV,0,0,0,81,4639.089550420253,0.3,-15.077041038865822,"0.3035871212121212,0.24074631268436583,0.2957528735632184,0.3,0.81,0.22921275821911885","0,0,0"
44.0,213,AV,2,0,0,91,3898.759045987068,0.1,-4.331954495541186,"0.2194305555555555,0.23742069892473114,0.3356896551724138,0.1,0.91,0.19263377109878843","0,0,0"
26.1,255,AV,1,0,0,45,5702.616109653807,0.7,-27.30979705135734,"0.3465343137254902,0.26446011396011393,0.3547291666666667,0.7,0.45,0.28176053800041856","0,0,0"
27.516666666666666,267,AV,1,0,0,52,6783.106781750961,1.0,-48.13345663582002,"0.3039954954954954,0.267433908045977,0.353563063063063,1.0,0.52,0.33514649757064985","0,0,0"
51.46666666666667,221,AV,0,0,0,90,4164.701887555128,0.5,-27.06355098646935,"0.3217698412698413,0.2615,0.3343,0.5,0.9,0.20577373996162773","0,0,0"
45.28333333333333,112,AV,2,0,0,100,1682.490559712908,0.1,-1.9239591122642974,"0.33959895833333337,0.2817399425287357,0.3579603174603174,0.1,1.0,0.08313016976240285","0,0,0"
45.61666666666667,72,AV,2,0,0,94,1239.4416864014672,1.0,-14.277575318521952,"0.26948684210526314,0.24839528023598817,0.3322606837606837,1.0,0.94,0.0612395696405775","0,0,0"
16.3,45,AV,1,0,0,16,898.3728471886773,0.2,-1.7395695661199717,"0.3432598039215686,0.2644885057471264,0.3514291666666666,0.2,0.16,0.044387700641524724","0,0,0"
39.93333333333333,280,AV,1,0,0,95,8348.421721831439,0.1,-9.418694631947865,"0.26567391304347826,0.25085087719298244,0.30280000000000007,0.1,0.95,0.41248713758156286","0,0,0"
27.35,74,AV,2,0,0,10,1260.6549751070208,0.1,-0.8706796355852783,"0.4295083333333334,0.3020523415977961,0.3770114942528736,0.1,0.1,0.0622876969427672","0,0,0"
32.56666666666667,212,AV,1,0,0,72,3822.7735841463273,0.1,-4.143812955985659,"0.3586888888888889,0.272740412979351,0.36303645833333337,0.1,0.72,0.1888794056993337","0,0,0"
47.916666666666664,263,AV,0,0,0,89,6230.691172258436,0.3,-22.61772363667046,"0.33609126984126986,0.2563090909090909,0.331171052631579,0.3,0.89,0.3078521967905309","0,0,0"
21.133333333333333,283,AV,1,0,0,31,8987.822610831106,0.2,-10.593063190685054,"0.3553288288288288,0.29238425925925926,0.36625,0.2,0.31,0.4440792937110115","0,0,0"
20.466666666666665,279,AV,1,0,0,27,8333.728817076937,0.4,-18.228651493889696,"0.3262420634920635,0.2528738738738739,0.35611711711711713,0.4,0.27,0.4117611759055859","0,0,0"
22.133333333333333,294,AV,1,0,0,30,16390.717038727882,0.1,-10.161141509861377,"0.3519128787878788,0.29734347826086954,0.3671397849462366,0.1,0.3,0.8098488767684134","0,0,0"
24.116666666666667,30,AV,1,0,0,40,753.5670156580491,0.7,-4.212491709427769,"0.25642792792792796,0.2548529411764706,0.32983333333333337,0.7,0.4,0.03723298985385701","0,0,0"
6.9,249,AV,0,0,0,3,5370.167679594476,0.2,-1.8714220701617117,"0.2997171717171717,0.2653978494623656,0.3319090909090909,0.2,0.03,0.26533459476493776","0,0,0"
22.933333333333334,137,AV,1,0,0,38,2142.030696222753,0.8,-10.924021003375449,"0.33884375,0.2727106666666666,0.34727777777777774,0.8,0.38,0.10583558664582342","0,0,0"
15.5,51,AV,0,0,0,16,932.1411738504048,1.0,-3.6485323723942615,"0.2750797101449275,0.24425840978593272,0.33964285714285725,1.0,0.16,0.046056159767061025","0,0,0"
41.11666666666667,210,AV,0,0,0,80,3778.090807703549,0.5,-19.61395206777074,"0.2837444444444445,0.22477777777777777,0.31550595238095236,0.5,0.8,0.18667167456544997","0,0,0"
14.916666666666666,177,AV,1,0,0,8,2968.817229463249,0.6,-7.709826819115171,"0.26607608695652174,0.2618940809968847,0.3486296296296297,0.6,0.08,0.1466862793696381","0,0,0"
32.233333333333334,37,AV,1,0,0,73,827.3783452591958,0.1,-1.6734636867555914,"0.3000520833333333,0.26082886904761904,0.3365944444444445,0.1,0.73,0.040879933561629736","0,0,0"
13.083333333333334,46,AV,1,0,0,3,905.8209551718018,0.8,-3.3941732316830455,"0.41646111111111106,0.28438200589970497,0.35733333333333334,0.8,0.03,0.044755704180963","0,0,0"
39.9,207,AV,1,0,0,94,3630.005597296026,0.4,-15.630022558799133,"0.2829027777777778,0.24778248587570623,0.35440740740740734,0.4,0.94,0.17935493295913799","0,0,0"
14.733333333333333,76,AV,1,0,0,8,1275.6237969650936,0.7,-4.322205410614478,"0.3451801801801801,0.2787549019607843,0.35077777777777785,0.7,0.08,0.06302729140588091","0,0,0"
15.383333333333333,125,AV,1,0,0,11,1963.0347272178835,1.0,-8.625762008510549,"0.2711837606837607,0.2626565217391305,0.3217843137254902,1.0,0.11,0.09699157548376398","0,0,0"
55.28333333333333,21,AV,0,0,0,91,640.5426603936758,0.6,-5.36535354678238,"0.3211598639455782,0.27224923547400603,0.34827083333333336,0.6,0.91,0.03164856990797825","0,0,0"
28.716666666666665,22,AV,1,0,0,62,658.4091024775607,0.4,-2.909829770317908,"0.32047222222222227,0.2541213450292398,0.3198928571428572,0.4,0.62,0.032531332877974904","0,0,0"
12.0,144,AV,1,0,0,2,2255.9253983027734,0.1,-1.6836137570614467,"0.3378079710144927,0.2867245762711864,0.3328115942028985,0.1,0.02,0.11146300955425625","0,0,0"
43.9,79,AV,2,0,0,95,1317.647826688136,0.8,-11.685805978102863,"0.34509909909909914,0.27572131147540985,0.37638172043010754,0.8,0.95,0.06510365653304864","0,0,0"
28.85,16,AV,1,0,0,61,614.9217871931492,0.1,-1.4479922616293524,"0.2830569105691056,0.24759649122807015,0.33572222222222226,0.1,0.61,0.030382668279986823","0,0,0"
36.36666666666667,66,AV,1,0,0,88,1117.0806745336297,0.7,-8.181098578630749,"0.29777777777777775,0.24866129032258066,0.34615277777777786,0.7,0.88,0.055193834863552414","0,0,0"
24.783333333333335,81,AV,1,0,0,42,1338.7213376931895,0.4,-4.351310823484466,"0.32476,0.26380579710144925,0.33981333333333325,0.4,0.42,0.06614487755935793","0,0,0"
37.416666666666664,156,AV,1,0,0,89,2476.7673195544394,0.4,-10.360846182491105,"0.2824959349593496,0.25767083333333335,0.33720689655172414,0.4,0.89,0.12237458721412664","0,0,0"
25.916666666666668,282,AV,1,0,0,46,8981.750106371177,0.1,-6.878207666417164,"0.34436524822695036,0.28538746438746443,0.361198717948718,0.1,0.46,0.4437792573608979","0,0,0"
30.0,254,AV,1,0,0,67,5670.319740923212,0.2,-9.591393546853352,"0.2993405797101449,0.26221540880503147,0.33858333333333335,0.2,0.67,0.28016480683878775","0,0,0"
40.71666666666667,154,AV,1,0,0,100,2421.832203454489,0.5,-13.450623049325161,"0.33416216216216216,0.25707777777777774,0.351125,0.5,1.0,0.119660298268526","0,0,0"
22.633333333333333,53,AV,1,0,0,38,946.1123250925148,0.1,-1.5407493844594424,"0.30377604166666666,0.26108815426997245,0.3223,0.1,0.38,0.04674646032644781","0,0,0"
10.883333333333333,234,AV,1,0,0,0,4679.48341028673,0.5,-7.430350730044685,"0.3094734848484848,0.2645215517241379,0.3570333333333333,0.5,0.0,0.23120857828995","0,0,0"
27.816666666666666,262,AV,1,0,0,57,6081.635477498837,0.5,-22.359952887090824,"0.3889492753623188,0.2871956521739131,0.3476927083333334,0.5,0.57,0.3004875045265025","0,0,0"
24.85,233,AV,2,0,0,9,4669.869929992837,0.4,-11.721845228315354,"0.1970049019607843,0.2573658536585366,0.303029761904762,0.4,0.09,0.23073358587812023","0,0,0"
44.95,298,AV,2,0,0,84,19040.472291926453,0.2,-43.22571866273203,"0.2938805031446541,0.24967810457516337,0.3470533333333334,0.2,0.84,0.9407706241479663","0,0,0"
12.516666666666667,142,AV,1,0,0,1,2241.037238818388,0.2,-2.41668263160994,"0.33715350877192984,0.29418067226890754,0.33376767676767677,0.2,0.01,0.11072740053806189","0,0,0"
29.416666666666668,236,AV,2,0,0,30,4747.153558918807,0.4,-14.105599379615649,"0.315969298245614,0.2770792349726776,0.3763444444444444,0.4,0.3,0.23455209241022626","0,0,0"
39.55,58,AV,1,0,0,94,979.573716991658,0.5,-5.891684407452029,"0.340188596491228,0.28049710144927537,0.3281182795698924,0.5,0.94,0.048399754113449336","0,0,0"
13.65,278,AV,1,0,0,2,8134.997760071039,0.3,-9.412327229164369,"0.3485851851851852,0.26721408045977,0.306919540229885,0.3,0.02,0.40194207385440944","0,0,0"
15.866666666666667,41,AV,1,0,0,12,850.3216016091212,0.2,-1.6814024955655584,"0.3820245098039215,0.29652754820936633,0.33515196078431375,0.2,0.12,0.04201353682867991","0,0,0"
32.166666666666664,277,AV,1,0,0,70,8029.700924090037,0.5,-33.61221124472595,"0.32887500000000003,0.28426366120218577,0.36204166666666665,0.5,0.7,0.39673946287985623","0,0,0"
44.483333333333334,272,AV,0,0,0,84,7362.36439851089,0.6,-49.62159237279183,"0.2832824074074074,0.24796212121212113,0.33390151515151506,0.6,0.84,0.36376703498729634","0,0,0"
24.0,12,AV,1,0,0,38,591.6693204447811,0.1,-1.358587466936231,"0.24872480620155035,0.26116037735849057,0.31935526315789475,0.1,0.38,0.02923378723751827","0,0,0"
26.05,64,AV,0,0,0,35,1089.3140785512585,0.6,-4.299489658524285,"0.2907020202020202,0.2543791666666667,0.337462962962963,0.6,0.35,0.05382191522667051","0,0,0"
24.433333333333334,34,AV,0,0,0,33,779.2240782816187,0.2,-0.9615677598997081,"0.2961033333333333,0.24945791245791246,0.33663513513513516,0.2,0.33,0.038500679564916006","0,0,0"
33.38333333333333,291,AV,1,0,0,76,13430.196447392702,0.1,-12.32183648321868,"0.26765000000000005,0.2450128205128205,0.33672395833333335,0.1,0.76,0.6635725259609666","0,0,0"
61.78333333333333,165,AV,0,0,0,100,2756.9260540590044,0.1,-4.30131518619391,"0.3216858974358974,0.24206582633053222,0.342640350877193,0.1,1.0,0.1362169490778143","0,0,0"
18.283333333333335,116,AV,1,0,0,18,1778.835052690156,0.2,-2.642577485522813,"0.24865740740740744,0.25344702842377265,0.3339666666666667,0.2,0.18,0.08789045445501824","0,0,0"
28.716666666666665,151,AV,1,0,0,57,2382.718205806423,0.1,-2.727871830220735,"0.4044595959595959,0.30070189701897015,0.3612892156862745,0.1,0.57,0.1177277149052501","0,0,0"
30.033333333333335,153,AV,2,0,0,18,2403.836358207942,0.4,-7.292446325741939,"0.3135,0.2751116666666667,0.3407142857142857,0.4,0.18,0.11877114161815011","0,0,0"
12.216666666666667,106,AV,0,0,0,6,1626.914224999384,0.2,-1.0038115546502935,"0.31971481481481484,0.2621222222222222,0.3445133333333333,0.2,0.06,0.0803841988487261","0,0,0"
23.683333333333334,261,AV,1,0,0,41,6031.594525491932,0.8,-29.858235086612915,"0.384390350877193,0.29661624649859947,0.3295202020202021,0.8,0.41,0.2980150313162421","0,0,0"
49.03333333333333,230,AV,2,0,0,99,4630.913868273173,0.1,-5.734069276287741,"0.32352941176470595,0.2708405172413793,0.337625,0.1,0.99,0.2288088059705391","0,0,0"
34.166666666666664,281,AV,2,0,0,50,8436.938288223368,1.0,-72.79344903559723,"0.2804166666666667,0.2502313218390805,0.333265625,1.0,0.5,0.4168606522788469","0,0,0"
46.9,14,AV,2,0,0,99,597.1498506777683,0.3,-2.1216915149081315,"0.2581464646464647,0.24470720720720712,0.33419444444444446,0.3,0.99,0.029504574735270385","0,0,0"
36.416666666666664,105,AV,1,0,0,88,1614.9493849180149,0.3,-5.455384351068007,"0.33931060606060603,0.27549705014749265,0.3222948717948717,0.3,0.88,0.0797930281099649","0,0,0"
58.28333333333333,113,AV,0,0,0,98,1697.366940102563,0.1,-2.498186948459033,"0.2725189393939394,0.24367521367521366,0.3175416666666666,0.1,0.98,0.08386519678534977","0,0,0"
16.55,273,AV,1,0,0,8,7572.106998522375,0.2,-7.329210647754815,"0.31449999999999995,0.2558040935672514,0.314959595959596,0.2,0.08,0.37413020632558763","0,0,0"
34.416666666666664,246,AV,0,0,0,49,5064.807770076448,0.6,-26.41118193234309,"0.3097364341085271,0.26141597796143246,0.3363269230769231,0.6,0.49,0.25024706813941117","0,0,0"
25.133333333333333,130,AV,1,0,0,37,2022.4315636845977,0.2,-3.5671942744413916,"0.3337520325203252,0.24649158249158248,0.3424512195121951,0.2,0.37,0.09992631355425287","0,0,0"
17.75,33,AV,1,0,0,18,779.0639592631991,1.0,-4.492016484071158,"0.34550980392156866,0.25057881136950905,0.3435972222222222,1.0,0.18,0.0384927682449347","0,0,0"
36.583333333333336,269,AV,1,0,0,84,7099.697064525982,0.4,-27.235412553256786,"0.2924117647058823,0.25652380952380954,0.3078988095238096,0.4,0.84,0.3507889056663633","0,0,0"
18.883333333333333,4,AV,1,0,0,22,522.440884226393,0.1,-1.2491269031264745,"0.36642857142857144,0.2910109034267912,0.37313235294117647,0.1,0.22,0.02581327969172718","0,0,0"
55.21666666666667,227,AV,0,0,0,91,4505.18942297478,0.1,-6.281857137338152,"0.2483404255319149,0.2215555555555556,0.31735632183908047,0.1,0.91,0.22259688732374286","0,0,0"
18.95,251,AV,1,0,0,17,5394.467136051333,1.0,-26.814432380851706,"0.209984496124031,0.2084710144927536,0.3083908045977012,1.0,0.17,0.2665352065179911","0,0,0"
25.733333333333334,152,AV,2,0,0,3,2392.7441380289174,0.3,-4.664642612521021,"0.30949122807017543,0.2561059431524548,0.35913768115942024,0.3,0.03,0.1182230861528751","0,0,0"
38.483333333333334,67,AV,1,0,0,93,1141.5133047894662,0.1,-2.1093241669860596,"0.30716176470588236,0.23664682539682538,0.31783888888888884,0.1,0.93,0.0564010266003407","0,0,0"
18.983333333333334,24,AV,0,0,0,24,676.2529471816457,0.1,-0.32418017964642026,"0.2796491228070175,0.22698333333333334,0.30782051282051287,0.1,0.24,0.033412979334117666","0,0,0"
38.766666666666666,215,AV,1,0,0,95,3942.222625638348,0.2,-8.718526790601679,"0.3621444444444444,0.2738637566137566,0.3357058823529411,0.2,0.95,0.19478126294296802","0,0,0"
25.916666666666668,182,AV,1,0,0,40,3024.224513765153,0.2,-4.958475689313816,"0.352972972972973,0.2967880116959064,0.3697988505747126,0.2,0.4,0.14942389767216036","0,0,0"
31.166666666666668,270,AV,1,0,0,68,7332.887514065835,0.1,-6.77125406199626,"0.33410869565217394,0.30225801282051284,0.37301709401709404,0.1,0.68,0.3623106117141683","0,0,0"
36.2,159,AV,2,0,0,53,2530.9644311939346,0.1,-2.3136594042732437,"0.252025,0.25408849557522123,0.3465045045045045,0.1,0.53,0.12505241210010515","0,0,0"
15.183333333333334,193,AV,1,0,0,6,3278.222126324269,0.6,-8.541566558286387,"0.35094144144144146,0.2777278287461774,0.34643750000000006,0.6,0.06,0.16197366475964245","0,0,0"
33.516666666666666,48,AV,1,0,0,77,914.1934345695068,0.8,-7.190043760670972,"0.3186125,0.27400706214689263,0.3409322916666666,0.8,0.77,0.04516937998416169","0,0,0"
34.36666666666667,77,AV,0,0,0,62,1294.2551843223837,0.2,-2.2464260859198277,"0.3627207207207207,0.2975875,0.3710705128205129,0.2,0.62,0.06394784955402583","0,0,0"
28.133333333333333,118,AV,1,0,0,59,1824.367004680513,0.1,-2.2960991178033274,"0.25971428571428573,0.2664317460317461,0.3391458333333333,0.1,0.59,0.09014014250035135","0,0,0"
32.93333333333333,217,AV,1,0,0,70,4021.28082322038,0.2,-7.68859503929585,"0.360463963963964,0.2777268907563025,0.3478472222222223,0.2,0.7,0.19868744913115402","0,0,0"
21.75,266,AV,1,0,0,35,6778.2755320215965,0.8,-30.783331883125193,"0.26394298245614034,0.2702678062678062,0.33857619047619036,0.8,0.35,0.3349077903708691","0,0,0"
35.71666666666667,224,AV,1,0,0,79,4429.527615460413,0.2,-8.990301077383556,"0.23775609756097554,0.2584811827956989,0.331,0.2,0.79,0.2188585133596875","0,0,0"
29.316666666666666,237,AV,1,0,0,63,4754.245589533712,0.1,-4.519662454541161,"0.2910731707317073,0.26979059829059826,0.34105729166666665,0.1,0.63,0.234902502524312","0,0,0"
34.43333333333333,160,AV,0,0,0,58,2563.744074524839,0.4,-8.916995383785046,"0.31425581395348834,0.2650590909090909,0.3730833333333333,0.4,0.58,0.12667202137465233","0,0,0"
37.88333333333333,222,AV,2,0,0,44,4237.057085974603,0.7,-28.373659635918308,"0.285671052631579,0.24649532710280372,0.33638596491228073,0.7,0.44,0.20934873768929974","0,0,0"
30.966666666666665,73,AV,0,0,0,44,1244.4027248274256,0.4,-3.8924246847295563,"0.210781746031746,0.22909439528023598,0.3018440860215054,0.4,0.44,0.06148468956958209","0,0,0"
35.266666666666666,285,AV,1,0,0,80,9280.176126726552,0.3,-25.79400591433508,"0.3088101851851852,0.2756479885057471,0.3233737373737373,0.3,0.8,0.4585241874827607","0,0,0"
39.38333333333333,284,AV,0,0,0,74,9095.945853089892,0.2,-18.09235694516113,"0.2802717391304348,0.24189768976897688,0.3021626984126984,0.2,0.74,0.44942155458275634","0,0,0"
53.233333333333334,247,AV,0,0,0,92,5168.6614957092925,0.3,-20.84432426426197,"0.3157474747474748,0.2619559228650138,0.34380000000000005,0.3,0.92,0.255378376480178","0,0,0"
22.5,62,AV,0,0,0,29,1025.7249596144625,0.4,-2.331193090032869,"0.2640394736842105,0.24147706422018347,0.3196434108527132,0.4,0.29,0.050680040687321244","0,0,0"
46.15,131,AV,0,0,0,86,2033.019749384408,0.1,-2.369289430153799,"0.24863178294573646,0.2476931464174455,0.3209460784313725,0.1,0.86,0.10044946518183244","0,0,0"
37.63333333333333,15,AV,1,0,0,91,601.3137559373858,0.3,-2.7143515920538093,"0.2576944444444445,0.23062005649717512,0.3173111111111111,0.3,0.91,0.029710309114645228","0,0,0"
17.333333333333332,256,AV,1,0,0,17,5844.130995646287,0.2,-6.116074272282945,"0.34918333333333335,0.29218656716417907,0.36492307692307696,0.2,0.17,0.28875264647231946","0,0,0"
17.116666666666667,203,AV,0,0,0,19,3580.4564780460023,0.3,-4.642839397668237,"0.38184343434343426,0.29441884057971013,0.35911507936507936,0.3,0.19,0.17690676071171996","0,0,0"
15.166666666666666,209,AV,1,0,0,3,3759.463069718096,0.2,-3.879723395154434,"0.3309571428571428,0.26806111111111114,0.3462238095238095,0.2,0.03,0.18575129672910448","0,0,0"
24.383333333333333,57,AV,1,0,0,40,961.7772661313056,0.2,-2.184410892550589,"0.2553458333333334,0.2696299212598426,0.33958695652173915,0.2,0.4,0.04752044933955402","0,0,0"
56.86666666666667,245,AV,0,0,0,93,5009.92015912814,0.2,-14.388760591704724,"0.3247525252525253,0.2824884615384615,0.33587654320987653,0.2,0.93,0.24753512637567007","0,0,0"
27.65,119,AV,2,0,0,24,1848.7234685638712,0.7,-9.035869377286293,"0.3104946236559139,0.29772601010101013,0.35514197530864194,0.7,0.24,0.09134357093312716","0,0,0"
35.13333333333333,289,AV,1,0,0,81,11515.391842589095,1.0,-103.16517678526016,"0.32532716049382715,0.2920599415204678,0.3413774509803921,1.0,0.81,0.5689639524149042","0,0,0"
30.15,135,AV,1,0,0,54,2108.868816674547,0.3,-5.816848092631635,"0.31174561403508777,0.2470742574257426,0.3407447916666667,0.3,0.54,0.10419709146344741","0,0,0"
19.35,293,AV,1,0,0,23,14754.343640924068,0.1,-8.209508824542443,"0.3458643410852713,0.29163888888888895,0.34485185185185185,0.1,0.23,0.7289973096860264","0,0,0"
30.766666666666666,229,AV,1,0,0,66,4609.601315671212,0.1,-4.5813653319566745,"0.3519124999999999,0.2918304597701149,0.36062254901960783,0.1,0.66,0.2277557741388637","0,0,0"
14.283333333333333,101,AV,1,0,0,5,1587.6148581174584,0.1,-1.5726371773597063,"0.32404824561403506,0.28973333333333334,0.359764367816092,0.1,0.05,0.07844245657766878","0,0,0"
15.216666666666667,26,AV,1,0,0,11,720.4688823460104,0.1,-1.2768468390496244,"0.3036363636363636,0.2191750841750842,0.3119017094017094,0.1,0.11,0.035597644309025005","0,0,0"
35.016666666666666,253,AV,1,0,0,80,5654.280440205098,0.3,-15.999549501099635,"0.29639583333333336,0.23019305555555555,0.30464285714285716,0.3,0.8,0.2793723210896882","0,0,0"
49.71666666666667,211,AV,0,0,0,90,3783.636689084741,0.1,-4.750247577247384,"0.2750343137254902,0.26842397660818706,0.32520270270270274,0.1,0.9,0.18694569099783895","0,0,0"
17.483333333333334,96,AV,1,0,0,15,1541.4014724042315,0.2,-2.361052310228989,"0.25596099290780144,0.26095718654434247,0.3374743589743589,0.2,0.15,0.07615909957607497","0,0,0"
22.483333333333334,158,AV,1,0,0,37,2528.765907819195,0.2,-3.8714690316903155,"0.25713821138211385,0.23055909090909096,0.31392424242424244,0.2,0.37,0.12494378526691811","0,0,0"
22.533333333333335,192,AV,1,0,0,37,3274.575105225111,0.2,-4.726620826821844,"0.3035601851851852,0.26045794392523364,0.35621875,0.2,0.37,0.16179346910781556","0,0,0"
35.016666666666666,19,AV,1,0,0,78,617.4453946714843,0.4,-3.183927229300991,"0.32880833333333337,0.27386111111111117,0.36915740740740743,0.4,0.78,0.03050735719243069","0,0,0"
17.733333333333334,242,AV,1,0,0,15,4968.170350229253,0.7,-16.573624902570486,"0.3266149425287357,0.2618803418803418,0.3271770833333333,0.7,0.15,0.24547231022417584","0,0,0"
15.35,2,AV,1,0,0,10,506.5869000089976,0.1,-1.196366386745912,"0.2768229166666667,0.2501652173913043,0.3437222222222222,0.1,0.1,0.025029950244917432","0,0,0"
27.066666666666666,8,AV,1,0,0,50,548.7192496267361,0.1,-1.3750505308896546,"0.33776881720430113,0.26520512820512815,0.3336036036036036,0.1,0.5,0.02711166734935643","0,0,0"
33.0,290,AV,2,0,0,54,12197.400506638176,0.1,-10.164500422198481,"0.29537962962962966,0.24610734463276837,0.3155698924731183,0.1,0.54,0.6026613159421645","0,0,0"
34.06666666666667,190,AV,1,0,0,78,3252.767976975094,0.1,-3.798256626657026,"0.3368833333333334,0.2646125356125356,0.3471565656565656,0.1,0.78,0.1607160007897979","0,0,0"
27.816666666666666,248,AV,1,0,0,55,5341.061461458292,0.1,-4.751780967665779,"0.28239147286821703,0.2719951456310679,0.347328125,0.1,0.55,0.26389648574207625","0,0,0"
33.4,275,AV,1,0,0,75,7958.958807233507,0.2,-14.425718391999954,"0.31682113821138214,0.2853247126436782,0.3687222222222221,0.2,0.75,0.3932441658930853","0,0,0"
40.0,200,AV,1,0,0,95,3520.054626539052,0.3,-11.666832201633492,"0.32544696969696973,0.2658954545454546,0.34238425925925925,0.3,0.95,0.17392236585687273","0,0,0"
39.93333333333333,220,AV,1,0,0,100,4090.160813256426,0.3,-13.373769328992925,"0.33541666666666664,0.26754958677685947,0.3634074074074074,0.3,1.0,0.20209074030082702","0,0,0"
31.116666666666667,149,AV,1,0,0,67,2314.8193170712048,0.3,-6.45677735476255,"0.32295121951219513,0.2622241887905605,0.3247638888888889,0.3,0.67,0.11437289896607457","0,0,0"
36.15,225,AV,0,0,0,62,4459.768546990965,0.3,-12.213684316191165,"0.28320720720720727,0.24909039548022602,0.347552380952381,0.3,0.62,0.22035268743240086","0,0,0"
38.583333333333336,98,AV,1,0,0,92,1564.4426034616197,0.3,-5.572834125017234,"0.309905303030303,0.2536481481481482,0.3073333333333333,0.3,0.92,0.07729753873417955","0,0,0"
47.03333333333333,168,AV,2,0,0,94,2813.5576138103806,0.5,-16.70845872511131,"0.31474691358024687,0.2870918079096045,0.3490625,0.5,0.94,0.1390150576014335","0,0,0"
21.533333333333335,36,AV,1,0,0,33,813.126641713825,0.3,-2.326464168048311,"0.2647896825396825,0.25637499999999996,0.3372011494252874,0.3,0.33,0.040175771194542055","0,0,0"
29.7,206,AV,2,0,0,41,3623.60917519969,0.7,-19.023948169798373,"0.2793198198198199,0.25307142857142856,0.3264107142857143,0.7,0.41,0.17903889216374055","0,0,0"
38.31666666666667,195,AV,1,0,0,92,3368.9508766880413,0.1,-4.2597719130916705,"0.24105333333333334,0.25464376590330784,0.33824509803921565,0.1,0.92,0.16645648124650464","0,0,0"
13.95,134,AV,1,0,0,3,2078.9202215407213,0.3,-3.1970406886737166,"0.35968627450980384,0.2946793785310734,0.36635964912280705,0.3,0.03,0.10271736143866485","0,0,0"
47.36666666666667,258,AV,2,0,0,100,5912.288420941998,0.3,-21.21556021757217,"0.27425438596491225,0.27219747899159663,0.35014141414141414,0.3,1.0,0.2921202364434439","0,0,0"
32.766666666666666,91,AV,1,0,0,75,1485.5718097438446,0.1,-2.2292231388705384,"0.3664809523809523,0.2967576923076923,0.3484333333333333,0.1,0.75,0.07340061198282061","0,0,0"
38.1,219,AV,2,0,0,60,4061.843573313689,0.1,-3.907985862203322,"0.30536111111111114,0.245383064516129,0.33614444444444447,0.1,0.6,0.20069161389857007","0,0,0"
35.78333333333333,186,AV,1,0,0,85,3151.1733449572957,0.5,-15.237308862843676,"0.3405111111111111,0.29021904761904754,0.35054761904761905,0.5,0.85,0.1556963119969945","0,0,0"
21.95,44,AV,1,0,0,37,870.7377108213431,0.3,-2.4479312691309456,"0.26540277777777777,0.25385956790123454,0.3362361111111111,0.3,0.37,0.04302227629226974","0,0,0"
30.05,175,AV,1,0,0,61,2964.6777926145683,0.1,-3.2497113047491863,"0.2773625,0.23636781609195398,0.3551323529411765,0.1,0.61,0.14648175394988758","0,0,0"
28.883333333333333,40,AV,1,0,0,59,849.0657401736111,0.2,-2.2385782219872628,"0.3258578431372549,0.28111886304909556,0.35135185185185186,0.2,0.59,0.04195148597571712","0,0,0"
35.75,54,AV,1,0,0,84,946.2003450753726,0.2,-2.7084172897194225,"0.3615416666666666,0.28416931216931224,0.3667013888888889,0.2,0.84,0.04675080930545112","0,0,0"
18.916666666666668,292,AV,1,0,0,18,14505.369879802229,0.1,-7.929122396285998,"0.31089316239316234,0.2578173913043478,0.3338385416666667,0.1,0.18,0.7166957660553899","0,0,0"
31.233333333333334,265,AV,1,0,0,68,6709.13861087917,0.1,-6.291635419523386,"0.32976136363636355,0.2883027777777778,0.3638782051282051,0.1,0.68,0.3314918044931234","0,0,0"
12.716666666666667,89,AV,1,0,0,3,1467.6871321740252,0.4,-2.88526141725384,"0.3110341880341881,0.28092642642642646,0.3624197530864198,0.4,0.03,0.07251694801576773","0,0,0"
46.06666666666667,189,AV,2,0,0,78,3245.380745418587,0.2,-7.5507006568493065,"0.31066666666666665,0.2350820105820106,0.32017676767676767,0.2,0.78,0.16035100509349434","0,0,0"
20.816666666666666,179,AV,1,0,0,27,2996.640782499388,0.4,-7.3010174029322155,"0.26060833333333333,0.24102852852852855,0.3314895833333334,0.4,0.27,0.14806101319737625","0,0,0"
29.55,75,AV,0,0,0,43,1265.4739572733297,1.0,-9.443120059956286,"0.3001126126126126,0.25908918128654973,0.3282863247863248,1.0,0.43,0.06252579801457091","0,0,0"
11.7,139,AV,1,0,0,0,2187.907521251699,0.1,-1.646427222188002,"0.3014212962962963,0.2654789915966386,0.3461666666666666,0.1,0.0,0.10810231452182832","0,0,0"
35.38333333333333,70,AV,1,0,0,78,1167.011530479414,0.6,-7.256478482847969,"0.32800000000000007,0.2900817901234568,0.347421052631579,0.6,0.78,0.05766086833794136","0,0,0"
48.1,136,AV,0,0,0,90,2123.4400354784907,0.1,-2.5792289319827124,"0.26492543859649126,0.25477923976608186,0.34412719298245614,0.1,0.9,0.10491704075874904","0,0,0"
10.6,140,AV,0,0,0,5,2218.0502812558643,0.6,-3.562323178986691,"0.3268055555555555,0.2876902777777777,0.3418725490196079,0.6,0.05,0.10959163803796217","0,0,0"
16.683333333333334,174,AV,1,0,0,9,2949.689674384749,0.3,-4.728080005125168,"0.3170263157894736,0.2801087570621469,0.3584652777777777,0.3,0.09,0.14574120607241453","0,0,0"
12.683333333333334,90,AV,1,0,0,2,1475.2077210572677,0.6,-3.834932009405507,"0.35600416666666673,0.2952148760330579,0.356132183908046,0.6,0.02,0.07288853276372843","0,0,0"
26.683333333333334,208,AV,1,0,0,47,3758.845856207275,0.2,-6.065582673222094,"0.3488846153846154,0.2766883468834688,0.3316049382716049,0.2,0.47,0.18572080082906037","0,0,0"
13.5,180,AV,1,0,0,3,3001.8426729260827,0.3,-4.070066370038039,"0.3046843971631206,0.28200000000000003,0.3236428571428571,0.3,0.03,0.14831803338198302","0,0,0"
26.133333333333333,169,AV,1,0,0,46,2850.5966631146844,0.2,-4.762403676568876,"0.342828947368421,0.28201851851851856,0.35482857142857144,0.2,0.46,0.14084511984976505","0,0,0"
51.483333333333334,132,AV,0,0,0,91,2035.9911412414244,0.1,-2.646959863339546,"0.3260333333333334,0.2790585585585586,0.35953431372549005,0.1,0.91,0.10059627867096521","0,0,0"
53.5,104,AV,0,0,0,91,1597.8734280578535,0.1,-2.158743141441797,"0.3034362745098039,0.2914640804597701,0.33970555555555554,0.1,0.91,0.07894932222142612","0,0,0"
26.616666666666667,121,AV,1,0,0,48,1885.557658153182,0.5,-7.336775210586347,"0.311454954954955,0.23892973856209154,0.33852314814814816,0.5,0.48,0.09316351126856799","0,0,0"
19.4,171,AV,1,0,0,17,2909.5116230827134,0.1,-2.425366805247592,"0.2519102564102564,0.2347586206896552,0.3092904761904761,0.1,0.17,0.14375604888613547","0,0,0"
28.3,59,AV,2,0,0,21,985.8695826897422,0.2,-1.4090964237434194,"0.3224247311827957,0.25872549019607843,0.3409777777777777,0.2,0.21,0.04871082651814225","0,0,0"
26.983333333333334,1,AV,1,0,0,50,491.8679742725259,0.8,-3.68126010217919,"0.3766898148148149,0.31542317708333334,0.36096153846153844,0.8,0.5,0.024302702898339818","0,0,0"
21.083333333333332,148,AV,1,0,0,32,2302.618320259251,0.1,-2.225931050138027,"0.26312280701754387,0.21587301587301588,0.317462962962963,0.1,0.32,0.11377005996029654","0,0,0"
26.916666666666668,276,AV,1,0,0,48,8028.27043643778,0.4,-22.827704974489926,"0.2610625,0.2349945355191257,0.31269565217391304,0.4,0.48,0.39666878392080435","0,0,0"
15.716666666666667,78,AV,0,0,0,16,1310.9401185904849,0.1,-0.5202931531274525,"0.31572435897435897,0.25232954545454545,0.33896666666666664,0.1,0.16,0.06477223540877823","0,0,0"
20.266666666666666,183,AV,1,0,0,20,3065.2253709468137,0.1,-2.5687348699795143,"0.30089583333333336,0.2692256637168142,0.3360892857142857,0.1,0.2,0.15144970887106365","0,0,0"
32.71666666666667,271,AV,0,0,0,46,7336.658338656486,0.2,-12.122778046113371,"0.38153666666666664,0.29153304597701146,0.36392361111111104,0.2,0.46,0.3624969243722426","0,0,0"
22.233333333333334,260,AV,1,0,0,33,5985.732437913218,0.1,-4.3606763771785495,"0.3471228070175439,0.2885339506172839,0.3631447368421052,0.1,0.33,0.2957490316028605","0,0,0"
25.6,56,AV,1,0,0,43,959.5289757906356,1.0,-7.203015601070776,"0.3004333333333333,0.26670480225988696,0.32425333333333334,1.0,0.43,0.04740936357053375","0,0,0"
22.266666666666666,161,AV,1,0,0,35,2612.3907844155665,0.7,-11.282440494888206,"0.3114268292682927,0.28100877192982454,0.35251041666666666,0.7,0.35,0.12907560648141725","0,0,0"
35.81666666666667,239,AV,2,0,0,58,4925.450001742355,0.5,-22.274394052492262,"0.3659318181818182,0.3070864779874214,0.37324444444444443,0.5,0.58,0.24336154068581314","0,0,0"
29.25,199,AV,0,0,0,39,3487.44186130441,0.1,-2.575951374827121,"0.4032586206896552,0.31092857142857144,0.393247619047619,0.1,0.39,0.17231100186155868","0,0,0"
16.866666666666667,150,AV,1,0,0,16,2318.1098695731453,0.2,-2.9746861851919384,"0.28679569892473117,0.2775761154855643,0.33520000000000005,0.2,0.16,0.11453548186231685","0,0,0"
16.316666666666666,100,AV,1,0,0,12,1573.7150367511856,0.2,-2.296857761767181,"0.2832908496732026,0.2601604938271605,0.3314462365591398,0.2,0.12,0.07775568035585004","0,0,0"
56.85,216,AV,0,0,0,95,3958.913906791885,0.8,-45.46752638406438,"0.3298131313131314,0.26645491803278687,0.35583333333333333,0.8,0.95,0.19560596239095915","0,0,0"
34.05,164,AV,1,0,0,77,2744.8905386527767,0.2,-5.720379941471062,"0.3477142857142857,0.285156862745098,0.35767592592592584,0.2,0.77,0.1356222863421919","0,0,0"
39.25,86,AV,0,0,0,74,1405.7852601227096,0.6,-8.360162342396418,"0.3248045977011495,0.26125,0.3222962962962963,0.6,0.74,0.0694584386514629","0,0,0"
16.683333333333334,63,AV,1,0,0,12,1052.4070316009115,0.2,-1.8867503692192864,"0.31246747967479677,0.2776864406779661,0.3721720430107527,0.2,0.12,0.05199837508215116","0,0,0"
58.266666666666666,170,AV,0,0,0,96,2891.134206742707,0.1,-4.25395841194129,"0.40024305555555556,0.2802782258064516,0.37235937500000005,0.1,0.96,0.14284803919103217","0,0,0"
37.983333333333334,95,AV,1,0,0,87,1526.0895405694364,0.2,-3.9275741270688096,"0.32439047619047623,0.2666324786324786,0.34270430107526884,0.2,0.87,0.07540255239340664","0,0,0"
27.666666666666668,87,AV,1,0,0,55,1421.705549214182,0.1,-1.9932791295014909,"0.3158235294117647,0.2563365384615385,0.3574166666666666,0.1,0.55,0.07024504415554754","0,0,0"
40.233333333333334,257,AV,1,0,0,96,5882.279762541917,0.1,-6.976356627431056,"0.2685691056910569,0.2591566091954023,0.33949479166666663,0.1,0.96,0.29063753875296394","0,0,0"
38.81666666666667,127,AV,1,0,0,94,1997.7276787447236,0.4,-8.832841353192695,"0.33146590909090906,0.2562884057971015,0.3353118279569893,0.4,0.94,0.09870571939579707","0,0,0"
17.233333333333334,197,AV,0,0,0,19,3393.6426315430986,0.1,-1.4768629970604226,"0.3133083333333333,0.27462753623188396,0.355471264367816,0.1,0.19,0.16767647606964517","0,0,0"
39.983333333333334,184,AV,1,0,0,92,3101.095365071405,0.2,-7.262228771722476,"0.3074540229885057,0.2812268170426065,0.3536666666666667,0.2,0.92,0.15322200927639995","0,0,0"
37.93333333333333,196,AV,0,0,0,70,3387.2787239910285,1.0,-32.4471648813282,"0.28705882352941176,0.26332650273224045,0.3362303921568628,1.0,0.7,0.16736204178524355","0,0,0"
35.88333333333333,20,AV,1,0,0,86,626.2908344343901,0.3,-2.7025305133045983,"0.30331782945736435,0.2559133986928105,0.3448198198198198,0.3,0.86,0.030944401492541913","0,0,0"
22.016666666666666,39,AV,1,0,0,28,835.7777612710734,0.2,-1.9293454736019258,"0.3682916666666667,0.2770230352303523,0.35584567901234565,0.2,0.28,0.04129494027589717","0,0,0"
20.583333333333332,84,AV,0,0,0,26,1365.417472605012,0.1,-0.7097182570148106,"0.35089837398373974,0.27315266106442576,0.36287777777777774,0.1,0.26,0.06746390678921493","0,0,0"
10.566666666666666,27,AV,0,0,0,5,727.2326469992182,0.1,-0.19405113560501028,"0.3075333333333334,0.25494765840220385,0.30980645161290327,0.1,0.05,0.03593183513143892","0,0,0"
36.11666666666667,94,AV,0,0,0,65,1509.578116022191,0.3,-4.130373456338495,"0.3743697916666666,0.2729731182795698,0.34830645161290313,0.3,0.65,0.07458673947980204","0,0,0"
30.316666666666666,68,AV,1,0,0,64,1148.2139867956057,0.3,-3.637122780279301,"0.35611979166666663,0.2774875,0.35672380952380955,0.3,0.64,0.05673210057248192","0,0,0"
24.466666666666665,166,AV,1,0,0,42,2761.3662775036096,0.1,-2.7060966731377523,"0.2559022988505747,0.2364859943977591,0.28132777777777773,0.1,0.42,0.13643633606135613","0,0,0"
46.35,23,AV,0,0,0,87,670.158540600369,0.4,-3.1375604400835457,"0.3194814814814815,0.2594793650793651,0.35135294117647065,0.4,0.87,0.033111860822172434","0,0,0"
33.016666666666666,250,AV,0,0,0,46,5386.149373461946,0.6,-26.944348254616454,"0.32506140350877183,0.28184313725490195,0.34545454545454546,0.6,0.46,0.2661242342173697","0,0,0"
25.183333333333334,274,AV,1,0,0,43,7592.14370769901,0.1,-5.828168830948319,"0.29589285714285724,0.2767868852459016,0.3548602150537634,0.1,0.43,0.37512020001424035","0,0,0"
51.28333333333333,243,AV,2,0,0,100,4999.976398121604,0.3,-19.42541335482345,"0.2839558823529412,0.2631522309711286,0.3406436781609196,0.3,1.0,0.24704381512534654","0,0,0"
18.2,99,AV,1,0,0,18,1567.0706205360798,0.3,-3.160657976799746,"0.22132926829268293,0.21638935574229695,0.3210714285714286,0.3,0.18,0.07742738641996724","0,0,0"
37.333333333333336,172,AV,1,0,0,91,2909.8477340427667,0.3,-9.229872379110855,"0.3115092592592592,0.24979824561403507,0.3265931372549019,0.3,0.91,0.1437726557913017","0,0,0"
12.25,42,AV,1,0,0,2,854.5785374972068,0.3,-1.793074779116726,"0.29975724637681156,0.26770434782608693,0.3460804597701149,0.3,0.02,0.04222386775802824","0,0,0"
49.75,129,AV,0,0,0,90,2015.5588757501516,0.2,-5.064346165079296,"0.2955757575757576,0.2542140804597701,0.3306388888888889,0.2,0.9,0.09958674094184428","0,0,0"
40.95,25,AV,1,0,0,97,679.8949342204361,0.1,-1.7030731706143145,"0.3428641975308643,0.30105457227138643,0.3858229166666666,0.1,0.97,0.033592926258074716","0,0,0"
39.05,10,AV,2,0,0,66,583.3206434887895,0.2,-1.150437935769557,"0.27782539682539686,0.25386604361370724,0.3516881720430108,0.2,0.66,0.028821287489073047","0,0,0"
21.45,9,AV,1,0,0,28,572.7967315704935,0.4,-2.2410595850694026,"0.2757543859649123,0.23559077380952378,0.31119753086419755,0.4,0.28,0.02830131156452355","0,0,0"
38.55,244,AV,1,0,0,95,5004.1281918097375,0.2,-10.742885949205322,"0.3323849206349206,0.2584956521739131,0.32371717171717174,0.2,0.95,0.2472489510841313","0,0,0"
26.633333333333333,117,AV,2,0,0,17,1823.811293294481,0.1,-1.2266205583689314,"0.3661083333333333,0.2806666666666667,0.373919540229885,0.1,0.17,0.09011268535856054","0,0,0"
42.9,110,AV,0,0,0,82,1653.1781197118603,0.1,-1.790942963021182,"0.26842083333333333,0.25357727272727276,0.34737916666666663,0.1,0.82,0.08168187152419273","0,0,0"
20.866666666666667,60,AV,1,0,0,29,1020.7360413649084,1.0,-6.378625941872329,"0.24592682926829268,0.22858796296296302,0.28831578947368425,1.0,0.29,0.05043354324421705","0,0,0"
46.55,11,AV,2,0,0,97,586.8516376274475,0.7,-4.828929447497569,"0.35206410256410264,0.26760201149425283,0.34854166666666664,0.7,0.97,0.028995750365243225","0,0,0"
19.8,218,AV,1,0,0,23,4034.238052294327,0.5,-11.085595130735816,"0.3023292682926829,0.2667076023391813,0.3301954022988505,0.5,0.23,0.1993276528139321","0,0,0"
30.116666666666667,80,AV,1,0,0,60,1323.5149786113286,0.4,-5.026248428199782,"0.3134612403100775,0.26448567708333326,0.32622807017543864,0.4,0.6,0.06539354662044386","0,0,0"
30.916666666666668,141,AV,1,0,0,69,2225.3307045190536,0.1,-2.7373688791594466,"0.3542564102564102,0.280844611528822,0.3501075268817204,0.1,0.69,0.1099513564437013","0,0,0"
27.766666666666666,297,AV,0,0,0,39,18628.94525544202,0.1,-13.062214981298991,"0.31272764227642275,0.26972982456140343,0.3319942528735632,0.1,0.39,0.9204374863438488","0,0,0"
24.033333333333335,13,AV,1,0,0,37,595.9176043698985,1.0,-4.616637986116976,"0.33021759259259253,0.25653305785123964,0.32994949494949494,1.0,0.37,0.029443690682060725","0,0,0"
23.916666666666668,115,AV,1,0,0,39,1717.0377309640771,0.3,-4.111046898905872,"0.2795666666666667,0.2358899371069182,0.3262107843137255,0.3,0.39,0.0848371108173414","0,0,0"
21.15,6,AV,1,0,0,34,541.9839687696077,0.4,-2.1578748423714345,"0.287,0.2637188405797102,0.3274191919191919,0.4,0.34,0.02677888388271631","0,0,0"
38.06666666666667,122,AV,1,0,0,94,1899.102970895097,0.1,-2.8255686807762634,"0.31428508771929825,0.25500147492625364,0.34504838709677416,0.1,0.94,0.0938327715750938","0,0,0"
21.0,194,AV,0,0,0,27,3362.377553451843,0.5,-8.915395028092009,"0.3516422764227643,0.29234649122807016,0.35281904761904764,0.5,0.27,0.1661316999433504","0,0,0"
21.05,235,AV,1,0,0,21,4689.4303597647895,0.2,-5.985480256214587,"0.3297927927927928,0.26806880733944954,0.3299122807017543,0.2,0.21,0.2317000470794511","0,0,0"
35.05,28,AV,1,0,0,83,742.4887258523852,0.3,-2.971532563721674,"0.2648777777777777,0.25877920227920226,0.3229949494949495,0.3,0.83,0.0366856226743472","0,0,0"
13.166666666666666,32,AV,1,0,0,2,767.6170681366935,0.5,-2.2761310686615905,"0.33692187500000004,0.2661710144927536,0.3665,0.5,0.02,0.03792718884414417","0,0,0"
32.733333333333334,82,AV,1,0,0,74,1342.087988935639,0.3,-4.328107083673731,"0.23183760683760682,0.2414731182795699,0.32395061728395064,0.3,0.74,0.06631122041798494","0,0,0"
37.35,18,AV,1,0,0,92,616.3739675020589,0.2,-2.1627054386970657,"0.3031623931623931,0.2653551912568306,0.34810919540229884,0.2,0.92,0.030454419051430016","0,0,0"
15.583333333333334,299,AV,1,0,0,8,20239.22920549412,0.1,-8.96451149290278,"0.3105398550724638,0.2331622418879056,0.30520555555555556,0.1,0.08,1.0","0,0,0"
30.95,85,AV,0,0,0,45,1391.0507319816634,0.2,-2.174394957314772,"0.3633798449612403,0.2867759103641456,0.3728630952380953,0.2,0.45,0.06873042040573611","0,0,0"
26.066666666666666,102,AV,1,0,0,42,1588.8002265047048,1.0,-11.458264117227937,"0.3405375,0.2602366071428571,0.32256190476190477,1.0,0.42,0.07850102443987396","0,0,0"
33.9,5,AV,1,0,0,75,539.5213747330826,0.2,-1.923725990073308,"0.3660364583333333,0.2964972677595628,0.3697701149425287,0.2,0.75,0.026657209583190285","0,0,0"
8.65,204,AV,0,0,0,5,3583.4963710051925,0.1,-0.7827586769998717,"0.3569494949494949,0.28185792349726774,0.35601999999999995,0.1,0.05,0.17705695877155342","0,0,0"
23.633333333333333,157,AV,1,0,0,38,2486.38103050259,0.4,-6.935502190661064,"0.40405555555555567,0.292819783197832,0.3681666666666667,0.4,0.38,0.12284959102235175","0,0,0"
5.35,71,AV,0,0,0,2,1174.3503864217532,0.1,-0.1586559234180904,"0.29039523809523815,0.24124722222222228,0.33618279569892473,0.1,0.02,0.05802347384370573","0,0,0"
38.18333333333333,138,AV,2,0,0,56,2187.718469250836,0.2,-4.218908260146182,"0.3343378378378377,0.25602359882005904,0.353800925925926,0.2,0.56,0.10809297365222585","0,0,0"
36.083333333333336,29,AV,1,0,0,88,742.6585956180782,0.4,-3.7068280463184164,"0.25731034482758625,0.24706984126984124,0.319412037037037,0.4,0.88,0.03669401576896401","0,0,0"
35.65,295,AV,1,0,0,84,17322.90883950548,0.3,-47.784977282452296,"0.23935185185185184,0.24034795321637428,0.3056666666666667,0.3,0.84,0.8559075379611304","0,0,0"
27.566666666666666,286,AV,1,0,0,58,10450.70686878338,0.1,-8.275029108151394,"0.36435937499999993,0.26732432432432424,0.3753468468468468,0.1,0.58,0.5163589365323479","0,0,0"
60.25,55,AV,0,0,0,99,950.4213588862824,0.3,-4.3380974903711,"0.33155072463768115,0.27633779761904753,0.37577604166666667,0.3,0.99,0.04695936536102284","0,0,0"
44.483333333333334,31,AV,0,0,0,84,763.1985099142711,0.1,-0.8573134776772684,"0.28033749999999996,0.26234684684684684,0.333457264957265,0.1,0.84,0.03770887231748401","0,0,0"
16.966666666666665,49,AV,1,0,0,15,921.9548251796884,0.2,-1.7900252626539754,"0.3120347222222222,0.2600513784461153,0.33250641025641026,0.2,0.15,0.04555286250374671","0,0,0"
13.883333333333333,109,AV,0,0,0,10,1649.648602545546,0.4,-2.3133961042431648,"0.28019318181818176,0.25523809523809526,0.323080808080808,0.4,0.1,0.08150748162374356","0,0,0"
22.483333333333334,120,AV,0,0,0,31,1862.7228332236152,0.3,-3.172743815680122,"0.37099047619047626,0.29075757575757577,0.3717916666666667,0.3,0.31,0.09203526548916015","0,0,0"
24.85,69,AV,1,0,0,44,1148.9174546898266,0.3,-3.1629241476547114,"0.28461965811965817,0.23937837837837836,0.28413492063492063,0.3,0.44,0.05676685821503235","0,0,0"
36.56666666666667,181,AV,1,0,0,90,3022.892107624705,0.1,-3.7913406077982343,"0.3013676470588235,0.2687777777777777,0.33083888888888885,0.1,0.9,0.14935806482215805","0,0,0"
12.3,52,AV,0,0,0,8,938.3100494872764,0.5,-1.4572239404916036,"0.3267023809523809,0.2730611620795107,0.35170114942528735,0.5,0.08,0.04636095772029518","0,0,0"
34.583333333333336,128,AV,2,0,0,54,2010.868248891871,0.3,-5.268373253094233,"0.22262015503875973,0.22860875706214684,0.3132586206896552,0.3,0.54,0.09935498177697413","0,0,0"
31.416666666666668,223,AV,2,0,0,54,4412.688598555705,0.2,-7.001614485082075,"0.3878992248062014,0.3001896551724138,0.36383870967741944,0.2,0.54,0.21802651443652019","0,0,0"
41.43333333333333,228,AV,1,0,0,98,4549.115907877681,0.8,-39.077785006679846,"0.2873472222222223,0.26528078078078066,0.3383253968253968,0.8,0.98,0.22476725085176577","0,0,0"
16.933333333333334,201,AV,1,0,0,14,3523.1638559153366,0.1,-2.506538079802181,"0.29914772727272715,0.2653390313390313,0.3296140350877193,0.1,0.14,0.1740759897594787","0,0,0"
26.933333333333334,167,AV,1,0,0,48,2793.3389947689566,0.6,-12.39908034228948,"0.32227941176470587,0.2896147798742138,0.3619621212121212,0.6,0.48,0.13801607592895285","0,0,0"
34.78333333333333,65,AV,1,0,0,76,1111.987968807459,0.2,-2.9534670798831373,"0.24657657657657658,0.23317630853994487,0.31290804597701155,0.2,0.76,0.05494220938540485","0,0,0"
19.016666666666666,114,AV,0,0,0,25,1703.2333497257905,0.2,-1.6358495387517904,"0.3306621621621621,0.2892451923076923,0.3567795698924731,0.2,0.25,0.08415505019644881","0,0,0"
43.71666666666667,50,AV,2,0,0,84,931.9887487728153,0.2,-2.057749569049743,"0.3128333333333333,0.2700266106442577,0.3379476190476191,0.2,0.84,0.046048628596973375","0,0,0"
31.183333333333334,38,AV,1,0,0,70,832.4581618945489,0.2,-2.311051532748065,"0.30071354166666664,0.2758685636856369,0.3467884615384616,0.2,0.7,0.041130922202737376","0,0,0"
12.233333333333333,103,AV,1,0,0,2,1594.6992934726818,0.5,-3.463192932257888,"0.2794912280701754,0.24259604519774006,0.3082892156862745,0.5,0.02,0.07879249141759738","0,0,0"
15.416666666666666,17,AV,1,0,0,7,615.3970356119416,0.1,-1.2395800748910126,"0.3744057971014492,0.2951350574712644,0.3474999999999999,0.1,0.07,0.030406149827330708","0,0,0"
28.383333333333333,191,AV,1,0,0,60,3257.3450634265246,1.0,-24.347048160839105,"0.2944512195121951,0.2443918918918919,0.33082017543859643,1.0,0.6,0.1609421500371313","0,0,0"
32.516666666666666,187,AV,1,0,0,74,3159.4556453821087,0.2,-6.18863464994991,"0.31846874999999997,0.2969124293785311,0.36347142857142856,0.2,0.74,0.15610553214765938","0,0,0"
35.03333333333333,3,AV,1,0,0,76,513.3463032142733,0.2,-1.908294553330305,"0.29498148148148146,0.2701538461538462,0.3347440476190476,0.2,0.76,0.02536392557256681","0,0,0"
15.733333333333333,83,AV,1,0,0,11,1348.5865378412918,1.0,-6.358020588056311,"0.2906733333333334,0.23949838187702266,0.3331049382716049,1.0,0.11,0.0666323071965214","0,0,0"
60.516666666666666,214,AV,0,0,0,97,3941.04555698938,0.3,-18.06810153715712,"0.27772083333333336,0.24696464646464641,0.3123416666666667,0.3,0.97,0.19472310516250035","0,0,0"
44.95,188,AV,2,0,0,96,3206.59631480788,0.8,-29.118485727396813,"0.35800438596491235,0.28523976608187135,0.357452380952381,0.8,0.96,0.15843470530673276","0,0,0"
25.916666666666668,232,AV,0,0,0,35,4645.51881630073,0.2,-6.080624376555249,"0.34819607843137246,0.27938218390804603,0.34155208333333337,0.2,0.35,0.2295304217929239","0,0,0"
19.733333333333334,133,AV,1,0,0,26,2046.5713793034688,0.6,-7.119041699735625,"0.30922916666666667,0.24783608815426997,0.31919369369369366,0.6,0.26,0.10111903761374018","0,0,0"
29.233333333333334,123,AV,1,0,0,60,1929.5758599688188,0.5,-8.12221392757851,"0.26382222222222224,0.24198899371069188,0.28798333333333337,0.5,0.6,0.09533840643718873","0,0,0"
24.816666666666666,35,AV,1,0,0,43,783.6834518391023,0.1,-1.4911214898099425,"0.3617196969696969,0.30085072463768114,0.361736559139785,0.1,0.43,0.038721012736313315","0,0,0"
35.6,264,AV,1,0,0,78,6254.49597505133,0.2,-12.245457409688251,"0.29275490196078435,0.2591778711484594,0.314235632183908,0.2,0.78,0.3090283682025544","0,0,0"
38.016666666666666,252,AV,0,0,0,66,5590.116807812239,0.3,-16.099818735630954,"0.31180555555555567,0.27485449735449735,0.37785606060606064,0.3,0.66,0.27620206041714035","0,0,0"
6.9,126,AV,0,0,0,2,1986.5043233563797,0.3,-1.0383999872090166,"0.28685964912280704,0.2823972222222222,0.33929166666666666,0.3,0.02,0.09815118467145603","0,0,0"
19.266666666666666,147,AV,1,0,0,25,2294.767722006211,0.3,-4.34943369525149,"0.2701166666666666,0.25400266666666665,0.3317428571428572,0.3,0.25,0.11338216978061968","0,0,0"
20.9,0,AV,2,0,0,4,437.5592869272848,0.7,-1.61653847670358,"0.33303124999999995,0.27424393939393943,0.35951041666666667,0.7,0.04,0.021619365168734063","0,0,0"
30.7,155,AV,2,0,0,43,2446.4664131825853,0.2,-3.793258529530574,"0.31286458333333333,0.2564913793103448,0.3558101851851852,0.2,0.43,0.12087744984470407","0,0,0"
40.56666666666667,202,AV,1,0,0,98,3534.445695738256,0.3,-11.862172756852164,"0.28662380952380956,0.24855316091954024,0.3200178571428571,0.3,0.98,0.1746334141410286","0,0,0"
31.65,268,AV,1,0,0,72,6918.069898529506,0.8,-45.23371965423411,"0.29032407407407396,0.24534677419354836,0.32643333333333335,0.8,0.72,0.34181488970200175","0,0,0"
26.683333333333334,185,AV,2,0,0,10,3131.512437779759,0.2,-4.2201611219574025,"0.31891481481481476,0.2757217514124294,0.34845061728395066,0.2,0.1,0.15472488630790748","0,0,0"
30.4,145,AV,2,0,0,22,2271.53748778668,0.4,-6.975226225122734,"0.2928270440251572,0.24033000000000002,0.3318378378378379,0.4,0.22,0.11223438722508516","0,0,0"
31.966666666666665,241,AV,1,0,0,72,4951.479839002994,0.7,-28.979195420224826,"0.3200042735042735,0.26245478036175707,0.3574682539682541,0.7,0.72,0.2446476488175187","0,0,0"
27.966666666666665,296,AV,0,0,0,35,17693.100214811147,0.2,-24.990759394320794,"0.29965040650406505,0.2526260504201681,0.3484555555555555,0.2,0.35,0.874198322236906","0,0,0"
28.8,163,AV,2,0,0,17,2744.255474143275,0.4,-7.983288652053163,"0.30621666666666664,0.2680987654320987,0.31417261904761906,0.4,0.17,0.13559090844222083","0,0,0"
31.883333333333333,143,AV,1,0,0,71,2250.3510049999354,0.4,-8.247342546405516,"0.35925000000000007,0.2963753623188405,0.3672692307692308,0.4,0.71,0.11118758437643748","0,0,0"
62.36666666666667,93,AV,0,0,0,99,1496.328062426438,0.3,-7.0697722343430955,"0.3177380952380952,0.2628060109289618,0.365140625,0.3,0.99,0.07393206763132296","0,0,0"
26.033333333333335,97,AV,1,0,0,45,1546.5147326922538,0.2,-3.0333804818731487,"0.2541881720430108,0.2633333333333333,0.3393655913978495,0.2,0.45,0.07641174063449208","0,0,0"
37.65,92,AV,1,0,0,84,1490.1599361877834,1.0,-15.167808484209607,"0.376530303030303,0.30842592592592594,0.3572688172043011,1.0,0.84,0.0736273067051025","0,0,0"
14.0,162,AV,1,0,0,7,2629.980017260476,1.0,-10.297909151930977,"0.33080208333333333,0.25677134986225897,0.32616666666666666,1.0,0.07,0.1299446728211638","0,0,0"
8.616666666666667,88,AV,0,0,0,6,1460.106853854364,0.3,-0.9531253073771544,"0.2912648809523809,0.2591380952380953,0.3388275862068965,0.3,0.06,0.07214241407266661","0,0,0"
21.716666666666665,173,AV,1,0,0,35,2942.323800284961,0.3,-5.840717060317304,"0.32460476190476184,0.2727076271186441,0.3288333333333333,0.3,0.35,0.14537726562660996","0,0,0"
16.716666666666665,178,AV,1,0,0,14,2987.078671303881,0.1,-2.260959556951933,"0.3595035460992908,0.29784097859327213,0.370328431372549,0.1,0.14,0.14758855888113623","0,0,0"
37.36666666666667,240,AV,2,0,0,49,4934.883137056144,0.2,-9.313138041481377,"0.31839166666666663,0.265,0.3327222222222222,0.2,0.49,0.2438276224331965","0,0,0"
26.933333333333334,205,AV,1,0,0,56,3608.770587345788,0.3,-8.363350087311607,"0.33080180180180185,0.28590789473684214,0.3618162393162393,0.3,0.56,0.17830573243205106","0,0,0"
19.916666666666668,226,AV,1,0,0,27,4504.939201911708,0.6,-14.59445036940528,"0.3003854166666667,0.2612139107611548,0.35297333333333336,0.6,0.27,0.2225845241521748","0,0,0"
21.866666666666667,107,AV,1,0,0,27,1628.9397076974285,0.2,-2.798963717591773,"0.2908157894736842,0.24522666666666676,0.3199814814814815,0.2,0.27,0.0804842759157665","0,0,0"
33.166666666666664,43,AV,1,0,0,75,857.6590975250949,0.2,-2.4366511818812615,"0.3032824074074074,0.2548536231884058,0.31994444444444453,0.2,0.75,0.04237607513690668","0,0,0"
26.0,238,AV,1,0,0,44,4864.205776554158,0.1,-4.19367045935374,"0.2966111111111111,0.2756711711711711,0.3327569444444445,0.1,0.44,0.24033552499290464","0,0,0"
24.466666666666665,124,AV,0,0,0,31,1950.0200213032829,0.1,-1.204810349862466,"0.2923550724637681,0.2602642642642643,0.3459197530864197,0.1,0.31,0.09634853192798135","0,0,0"
19.4,259,AV,1,0,0,27,5984.209260784091,0.1,-3.931658072202308,"0.27523643410852716,0.2502600574712644,0.3172611111111111,0.1,0.27,0.2956737729497932","0,0,0"
31.516666666666666,176,AV,2,0,0,32,2966.188350320237,0.6,-14.164298410241333,"0.2994647435897436,0.2769216524216524,0.36518518518518517,0.6,0.32,0.14655638908990856","0,0,0"
27.3,287,AV,2,0,0,26,10751.672106064549,0.6,-44.47282552963063,"0.2890641025641026,0.2253347222222222,0.3283064516129032,0.6,0.26,0.5312293268137855","0,0,0"
