travel_time,id,kind,action,origin,destination,start_time,income,urgency,reward,observation,cost_table
35.65,109,AV,1,0,0,90,1659.6531244520008,,-35.65,"0,0,0,0","0,0,0"
43.483333333333334,84,AV,2,0,0,92,1444.5182772575097,,-43.483333333333334,"0,0,0,0","0,0,0"
8.683333333333334,174,AV,0,0,0,6,2758.442965787371,,-8.683333333333334,"0,0,0,0","0,0,0"
38.56666666666667,6,AV,2,0,0,68,508.6019702527906,,-38.56666666666667,"0,0,0,0","0,0,0"
39.5,121,AV,2,0,0,79,1822.2981036688468,,-39.5,"0,0,0,0","0,0,0"
45.68333333333333,235,AV,2,0,0,91,4381.240268036911,,-45.68333333333333,"0,0,0,0","0,0,0"
24.083333333333332,131,AV,2,0,0,7,1975.501985353583,,-24.083333333333332,"0,0,0,0","0,0,0"
35.166666666666664,187,AV,2,0,0,33,2968.817229463249,,-35.166666666666664,"0,0,0,0","0,0,0"
38.55,278,AV,2,0,0,57,7332.887514065835,,-38.55,"0,0,0,0","0,0,0"
46.75,199,AV,2,0,0,92,3387.2787239910285,,-46.75,"0,0,0,0","0,0,0"
29.033333333333335,99,AV,2,0,0,28,1581.4824060924602,,-29.033333333333335,"0,0,0,0","0,0,0"
22.45,149,AV,2,0,0,2,2193.4249838744518,,-22.45,"0,0,0,0","0,0,0"
22.766666666666666,94,AV,2,0,0,5,1519.7273932229994,,-22.766666666666666,"0,0,0,0","0,0,0"
13.783333333333333,198,AV,0,0,0,29,3366.895459871004,,-13.783333333333333,"0,0,0,0","0,0,0"
27.266666666666666,258,AV,1,0,0,60,5168.6614957092925,,-27.266666666666666,"0,0,0,0","0,0,0"
22.95,74,AV,1,0,0,39,1301.8927857652438,,-22.95,"0,0,0,0","0,0,0"
42.35,178,AV,2,0,0,63,2835.850686157305,,-42.35,"0,0,0,0","0,0,0"
13.0,202,AV,1,0,0,2,3458.1247672483346,,-13.0,"0,0,0,0","0,0,0"
45.583333333333336,76,AV,2,0,0,92,1317.647826688136,,-45.583333333333336,"0,0,0,0","0,0,0"
42.63333333333333,157,AV,2,0,0,56,2302.618320259251,,-42.63333333333333,"0,0,0,0","0,0,0"
34.93333333333333,41,AV,2,0,0,50,912.6272274022258,,-34.93333333333333,"0,0,0,0","0,0,0"
43.11666666666667,30,AV,2,0,0,87,827.3783452591958,,-43.11666666666667,"0,0,0,0","0,0,0"
37.4,136,AV,2,0,0,43,2043.1688306873104,,-37.4,"0,0,0,0","0,0,0"
28.35,169,AV,2,0,0,26,2612.3907844155665,,-28.35,"0,0,0,0","0,0,0"
27.7,184,AV,2,0,0,11,2909.8477340427667,,-27.7,"0,0,0,0","0,0,0"
20.183333333333334,216,AV,0,0,0,61,3758.845856207275,,-20.183333333333334,"0,0,0,0","0,0,0"
19.65,91,AV,1,0,0,31,1475.2077210572677,,-19.65,"0,0,0,0","0,0,0"
26.15,226,AV,1,0,0,56,4015.909421979459,,-26.15,"0,0,0,0","0,0,0"
37.25,15,AV,2,0,0,56,616.3739675020589,,-37.25,"0,0,0,0","0,0,0"
31.066666666666666,154,AV,1,0,0,79,2260.56382504795,,-31.066666666666666,"0,0,0,0","0,0,0"
42.06666666666667,151,AV,2,0,0,66,2215.952556227922,,-42.06666666666667,"0,0,0,0","0,0,0"
29.3,119,AV,2,0,0,14,1805.1606101798543,,-29.3,"0,0,0,0","0,0,0"
26.166666666666668,132,AV,2,0,0,5,1993.780724220221,,-26.166666666666668,"0,0,0,0","0,0,0"
34.766666666666666,66,AV,2,0,0,51,1194.3606142611325,,-34.766666666666666,"0,0,0,0","0,0,0"
24.35,13,AV,2,0,0,6,610.4868582393152,,-24.35,"0,0,0,0","0,0,0"
23.2,122,AV,1,0,0,38,1824.367004680513,,-23.2,"0,0,0,0","0,0,0"
35.8,225,AV,2,0,0,50,3942.222625638348,,-35.8,"0,0,0,0","0,0,0"
37.516666666666666,110,AV,2,0,0,68,1684.196745492046,,-37.516666666666666,"0,0,0,0","0,0,0"
21.766666666666666,293,AV,1,0,0,40,13430.196447392702,,-21.766666666666666,"0,0,0,0","0,0,0"
44.8,125,AV,2,0,0,89,1885.557658153182,,-44.8,"0,0,0,0","0,0,0"
38.05,96,AV,2,0,0,49,1546.5147326922538,,-38.05,"0,0,0,0","0,0,0"
24.5,259,AV,2,0,0,4,5304.212874057136,,-24.5,"0,0,0,0","0,0,0"
44.166666666666664,231,AV,2,0,0,83,4223.122456076251,,-44.166666666666664,"0,0,0,0","0,0,0"
32.75,179,AV,1,0,0,82,2838.632091159661,,-32.75,"0,0,0,0","0,0,0"
43.833333333333336,72,AV,2,0,0,65,1291.2118623687816,,-43.833333333333336,"0,0,0,0","0,0,0"
21.766666666666666,159,AV,1,0,0,33,2397.5381966938494,,-21.766666666666666,"0,0,0,0","0,0,0"
21.85,114,AV,2,0,0,12,1778.835052690156,,-21.85,"0,0,0,0","0,0,0"
40.21666666666667,14,AV,2,0,0,74,615.3970356119416,,-40.21666666666667,"0,0,0,0","0,0,0"
25.616666666666667,40,AV,2,0,0,5,902.2448599555772,,-25.616666666666667,"0,0,0,0","0,0,0"
33.06666666666667,223,AV,2,0,0,49,3919.41152379869,,-33.06666666666667,"0,0,0,0","0,0,0"
40.083333333333336,1,AV,2,0,0,68,419.7646265090227,,-40.083333333333336,"0,0,0,0","0,0,0"
34.583333333333336,240,AV,2,0,0,36,4572.8741748457805,,-34.583333333333336,"0,0,0,0","0,0,0"
38.18333333333333,28,AV,2,0,0,65,813.126641713825,,-38.18333333333333,"0,0,0,0","0,0,0"
37.25,51,AV,2,0,0,58,968.7072844723906,,-37.25,"0,0,0,0","0,0,0"
12.883333333333333,145,AV,1,0,0,2,2123.4400354784907,,-12.883333333333333,"0,0,0,0","0,0,0"
24.233333333333334,35,AV,2,0,0,8,859.2772315809713,,-24.233333333333334,"0,0,0,0","0,0,0"
7.2,247,AV,0,0,0,1,4818.617258984985,,-7.2,"0,0,0,0","0,0,0"
37.733333333333334,155,AV,2,0,0,68,2276.662146114732,,-37.733333333333334,"0,0,0,0","0,0,0"
40.833333333333336,17,AV,2,0,0,80,632.5893922142865,,-40.833333333333336,"0,0,0,0","0,0,0"
44.4,25,AV,2,0,0,81,753.7709081553346,,-44.4,"0,0,0,0","0,0,0"
33.68333333333333,210,AV,2,0,0,50,3628.2404526711953,,-33.68333333333333,"0,0,0,0","0,0,0"
37.233333333333334,105,AV,1,0,0,94,1597.8734280578535,,-37.233333333333334,"0,0,0,0","0,0,0"
19.65,38,AV,1,0,0,29,877.2934597877683,,-19.65,"0,0,0,0","0,0,0"
29.233333333333334,59,AV,1,0,0,65,1040.734547163155,,-29.233333333333334,"0,0,0,0","0,0,0"
33.95,173,AV,2,0,0,47,2750.2432356670683,,-33.95,"0,0,0,0","0,0,0"
29.583333333333332,200,AV,2,0,0,11,3414.9419898187493,,-29.583333333333332,"0,0,0,0","0,0,0"
36.25,98,AV,2,0,0,71,1579.1767070066765,,-36.25,"0,0,0,0","0,0,0"
34.46666666666667,224,AV,2,0,0,41,3933.772930850901,,-34.46666666666667,"0,0,0,0","0,0,0"
28.55,153,AV,1,0,0,68,2225.3307045190536,,-28.55,"0,0,0,0","0,0,0"
36.71666666666667,291,AV,2,0,0,25,11185.875164713363,,-36.71666666666667,"0,0,0,0","0,0,0"
38.016666666666666,246,AV,1,0,0,97,4735.166802079286,,-38.016666666666666,"0,0,0,0","0,0,0"
28.616666666666667,97,AV,1,0,0,61,1567.0706205360798,,-28.616666666666667,"0,0,0,0","0,0,0"
15.133333333333333,142,AV,1,0,0,8,2105.6010448069283,,-15.133333333333333,"0,0,0,0","0,0,0"
29.166666666666668,266,AV,2,0,0,19,5557.427333357366,,-29.166666666666668,"0,0,0,0","0,0,0"
22.35,137,AV,2,0,0,4,2044.1603053436156,,-22.35,"0,0,0,0","0,0,0"
42.166666666666664,255,AV,2,0,0,60,5003.647877951615,,-42.166666666666664,"0,0,0,0","0,0,0"
24.05,195,AV,2,0,0,1,3274.575105225111,,-24.05,"0,0,0,0","0,0,0"
29.1,42,AV,2,0,0,35,923.9636394510808,,-29.1,"0,0,0,0","0,0,0"
49.38333333333333,93,AV,2,0,0,93,1517.942512651984,,-49.38333333333333,"0,0,0,0","0,0,0"
19.633333333333333,124,AV,1,0,0,35,1880.1756700095973,,-19.633333333333333,"0,0,0,0","0,0,0"
20.033333333333335,2,AV,1,0,0,23,449.0833195935783,,-20.033333333333335,"0,0,0,0","0,0,0"
30.083333333333332,253,AV,1,0,0,75,4951.479839002994,,-30.083333333333332,"0,0,0,0","0,0,0"
33.53333333333333,148,AV,2,0,0,49,2187.718469250836,,-33.53333333333333,"0,0,0,0","0,0,0"
28.933333333333334,296,AV,2,0,0,24,14312.770160915026,,-28.933333333333334,"0,0,0,0","0,0,0"
32.266666666666666,283,AV,2,0,0,6,8436.938288223368,,-32.266666666666666,"0,0,0,0","0,0,0"
25.25,87,AV,1,0,0,46,1460.106853854364,,-25.25,"0,0,0,0","0,0,0"
28.666666666666668,172,AV,2,0,0,30,2747.619709803412,,-28.666666666666668,"0,0,0,0","0,0,0"
28.35,233,AV,2,0,0,14,4266.216809230351,,-28.35,"0,0,0,0","0,0,0"
36.85,113,AV,2,0,0,69,1717.0377309640771,,-36.85,"0,0,0,0","0,0,0"
29.933333333333334,262,AV,2,0,0,37,5394.467136051333,,-29.933333333333334,"0,0,0,0","0,0,0"
35.75,90,AV,2,0,0,63,1474.807688008607,,-35.75,"0,0,0,0","0,0,0"
27.916666666666668,130,AV,1,0,0,64,1945.516475481125,,-27.916666666666668,"0,0,0,0","0,0,0"
34.63333333333333,49,AV,2,0,0,41,950.4213588862824,,-34.63333333333333,"0,0,0,0","0,0,0"
42.05,205,AV,2,0,0,88,3487.44186130441,,-42.05,"0,0,0,0","0,0,0"
7.366666666666666,133,AV,0,0,0,2,2011.9739719035176,,-7.366666666666666,"0,0,0,0","0,0,0"
31.733333333333334,250,AV,2,0,0,42,4889.272753955773,,-31.733333333333334,"0,0,0,0","0,0,0"
35.95,243,AV,2,0,0,58,4662.282088415262,,-35.95,"0,0,0,0","0,0,0"
45.06666666666667,138,AV,2,0,0,83,2052.607856914241,,-45.06666666666667,"0,0,0,0","0,0,0"
40.78333333333333,71,AV,2,0,0,87,1275.9312017726234,,-40.78333333333333,"0,0,0,0","0,0,0"
46.9,248,AV,2,0,0,80,4843.3187157075145,,-46.9,"0,0,0,0","0,0,0"
43.8,58,AV,2,0,0,85,1022.032321197676,,-43.8,"0,0,0,0","0,0,0"
37.333333333333336,33,AV,1,0,0,95,854.5785374972068,,-37.333333333333336,"0,0,0,0","0,0,0"
24.516666666666666,107,AV,2,0,0,11,1626.914224999384,,-24.516666666666666,"0,0,0,0","0,0,0"
46.45,61,AV,2,0,0,88,1074.3823512953045,,-46.45,"0,0,0,0","0,0,0"
20.633333333333333,0,AV,1,0,0,32,388.2787303527966,,-20.633333333333333,"0,0,0,0","0,0,0"
12.6,143,AV,1,0,0,0,2108.868816674547,,-12.6,"0,0,0,0","0,0,0"
26.283333333333335,19,AV,2,0,0,14,640.5426603936758,,-26.283333333333335,"0,0,0,0","0,0,0"
35.68333333333333,65,AV,1,0,0,93,1150.4391077840953,,-35.68333333333333,"0,0,0,0","0,0,0"
24.633333333333333,150,AV,1,0,0,41,2198.5025098873134,,-24.633333333333333,"0,0,0,0","0,0,0"
23.666666666666668,282,AV,2,0,0,3,8348.421721831439,,-23.666666666666668,"0,0,0,0","0,0,0"
18.316666666666666,83,AV,1,0,0,17,1434.2863071033526,,-18.316666666666666,"0,0,0,0","0,0,0"
29.8,214,AV,1,0,0,75,3724.6301341612702,,-29.8,"0,0,0,0","0,0,0"
26.516666666666666,10,AV,2,0,0,11,583.3206434887895,,-26.516666666666666,"0,0,0,0","0,0,0"
43.416666666666664,20,AV,2,0,0,93,646.5589615252754,,-43.416666666666664,"0,0,0,0","0,0,0"
31.733333333333334,12,AV,2,0,0,38,597.1498506777683,,-31.733333333333334,"0,0,0,0","0,0,0"
32.88333333333333,75,AV,2,0,0,36,1310.9401185904849,,-32.88333333333333,"0,0,0,0","0,0,0"
23.533333333333335,152,AV,1,0,0,45,2218.0502812558643,,-23.533333333333335,"0,0,0,0","0,0,0"
14.183333333333334,251,AV,1,0,0,7,4934.883137056144,,-14.183333333333334,"0,0,0,0","0,0,0"
35.333333333333336,289,AV,2,0,0,59,10838.007207066395,,-35.333333333333336,"0,0,0,0","0,0,0"
44.06666666666667,241,AV,2,0,0,92,4617.1597275219765,,-44.06666666666667,"0,0,0,0","0,0,0"
33.78333333333333,103,AV,1,0,0,89,1594.6992934726818,,-33.78333333333333,"0,0,0,0","0,0,0"
19.683333333333334,55,AV,1,0,0,24,1014.5614647146556,,-19.683333333333334,"0,0,0,0","0,0,0"
25.416666666666668,158,AV,1,0,0,55,2352.9451803313505,,-25.416666666666668,"0,0,0,0","0,0,0"
36.916666666666664,275,AV,2,0,0,74,7081.334819999852,,-36.916666666666664,"0,0,0,0","0,0,0"
34.53333333333333,77,AV,2,0,0,56,1323.5149786113286,,-34.53333333333333,"0,0,0,0","0,0,0"
33.983333333333334,272,AV,2,0,0,51,5985.732437913218,,-33.983333333333334,"0,0,0,0","0,0,0"
31.416666666666668,88,AV,2,0,0,37,1460.8215047913693,,-31.416666666666668,"0,0,0,0","0,0,0"
30.233333333333334,45,AV,2,0,0,31,943.1907669438916,,-30.233333333333334,"0,0,0,0","0,0,0"
39.06666666666667,80,AV,2,0,0,72,1391.0507319816634,,-39.06666666666667,"0,0,0,0","0,0,0"
36.983333333333334,160,AV,2,0,0,48,2401.1770329784995,,-36.983333333333334,"0,0,0,0","0,0,0"
18.483333333333334,197,AV,0,0,0,54,3361.758609282253,,-18.483333333333334,"0,0,0,0","0,0,0"
45.333333333333336,123,AV,2,0,0,95,1830.3424648913517,,-45.333333333333336,"0,0,0,0","0,0,0"
42.38333333333333,167,AV,2,0,0,81,2496.2043409386315,,-42.38333333333333,"0,0,0,0","0,0,0"
17.9,106,AV,1,0,0,18,1614.9493849180149,,-17.9,"0,0,0,0","0,0,0"
38.733333333333334,196,AV,2,0,0,62,3278.222126324269,,-38.733333333333334,"0,0,0,0","0,0,0"
15.616666666666667,192,AV,1,0,0,3,3230.862018062417,,-15.616666666666667,"0,0,0,0","0,0,0"
24.666666666666668,156,AV,2,0,0,0,2293.603195459698,,-24.666666666666668,"0,0,0,0","0,0,0"
25.416666666666668,22,AV,2,0,0,8,736.5379020629116,,-25.416666666666668,"0,0,0,0","0,0,0"
25.783333333333335,126,AV,1,0,0,60,1899.102970895097,,-25.783333333333335,"0,0,0,0","0,0,0"
32.166666666666664,164,AV,1,0,0,88,2436.431929205765,,-32.166666666666664,"0,0,0,0","0,0,0"
18.216666666666665,176,AV,1,0,0,23,2793.3389947689566,,-18.216666666666665,"0,0,0,0","0,0,0"
22.75,116,AV,1,0,0,42,1794.439334206041,,-22.75,"0,0,0,0","0,0,0"
27.65,168,AV,2,0,0,11,2520.757475212996,,-27.65,"0,0,0,0","0,0,0"
29.516666666666666,227,AV,1,0,0,74,4021.28082322038,,-29.516666666666666,"0,0,0,0","0,0,0"
29.45,92,AV,2,0,0,17,1507.5005543882637,,-29.45,"0,0,0,0","0,0,0"
30.5,43,AV,2,0,0,31,926.7012599248138,,-30.5,"0,0,0,0","0,0,0"
37.88333333333333,244,AV,2,0,0,67,4705.31956239884,,-37.88333333333333,"0,0,0,0","0,0,0"
30.583333333333332,242,AV,2,0,0,23,4656.548587392589,,-30.583333333333332,"0,0,0,0","0,0,0"
35.9,89,AV,2,0,0,43,1467.6871321740252,,-35.9,"0,0,0,0","0,0,0"
37.833333333333336,100,AV,2,0,0,73,1587.6148581174584,,-37.833333333333336,"0,0,0,0","0,0,0"
37.75,237,AV,2,0,0,70,4429.527615460413,,-37.75,"0,0,0,0","0,0,0"
10.3,26,AV,0,0,0,17,776.0711537761008,,-10.3,"0,0,0,0","0,0,0"
42.4,213,AV,2,0,0,74,3667.3634505223554,,-42.4,"0,0,0,0","0,0,0"
37.766666666666666,268,AV,1,0,0,100,5578.433439706214,,-37.766666666666666,"0,0,0,0","0,0,0"
30.883333333333333,46,AV,1,0,0,75,946.1123250925148,,-30.883333333333333,"0,0,0,0","0,0,0"
22.766666666666666,297,AV,1,0,0,38,17322.90883950548,,-22.766666666666666,"0,0,0,0","0,0,0"
19.1,270,AV,1,0,0,22,5862.871835726062,,-19.1,"0,0,0,0","0,0,0"
38.13333333333333,85,AV,1,0,0,92,1446.9812594843625,,-38.13333333333333,"0,0,0,0","0,0,0"
35.9,298,AV,2,0,0,40,18628.94525544202,,-35.9,"0,0,0,0","0,0,0"
44.68333333333333,62,AV,2,0,0,91,1117.0806745336297,,-44.68333333333333,"0,0,0,0","0,0,0"
31.516666666666666,5,AV,2,0,0,28,477.1303205766694,,-31.516666666666666,"0,0,0,0","0,0,0"
16.533333333333335,18,AV,1,0,0,18,636.6552097563458,,-16.533333333333335,"0,0,0,0","0,0,0"
29.15,190,AV,2,0,0,35,3031.4508351358254,,-29.15,"0,0,0,0","0,0,0"
17.716666666666665,292,AV,1,0,0,17,11662.42845360034,,-17.716666666666665,"0,0,0,0","0,0,0"
35.916666666666664,79,AV,2,0,0,50,1386.7650627050614,,-35.916666666666664,"0,0,0,0","0,0,0"
28.733333333333334,3,AV,2,0,0,29,457.16351791608827,,-28.733333333333334,"0,0,0,0","0,0,0"
38.86666666666667,39,AV,2,0,0,53,892.1845339920479,,-38.86666666666667,"0,0,0,0","0,0,0"
15.016666666666667,264,AV,1,0,0,6,5458.612723313221,,-15.016666666666667,"0,0,0,0","0,0,0"
25.483333333333334,56,AV,1,0,0,54,1017.530975349866,,-25.483333333333334,"0,0,0,0","0,0,0"
27.466666666666665,252,AV,2,0,0,23,4950.268578812107,,-27.466666666666665,"0,0,0,0","0,0,0"
45.15,222,AV,2,0,0,95,3882.59008652233,,-45.15,"0,0,0,0","0,0,0"
34.03333333333333,245,AV,2,0,0,39,4717.175795221327,,-34.03333333333333,"0,0,0,0","0,0,0"
30.833333333333332,273,AV,1,0,0,78,6434.117121135291,,-30.833333333333332,"0,0,0,0","0,0,0"
46.483333333333334,166,AV,2,0,0,96,2458.2611968747465,,-46.483333333333334,"0,0,0,0","0,0,0"
46.833333333333336,232,AV,2,0,0,80,4245.708624069837,,-46.833333333333336,"0,0,0,0","0,0,0"
24.566666666666666,81,AV,1,0,0,49,1404.912317929139,,-24.566666666666666,"0,0,0,0","0,0,0"
18.2,57,AV,1,0,0,21,1020.7360413649084,,-18.2,"0,0,0,0","0,0,0"
39.25,191,AV,2,0,0,70,3032.1279287666234,,-39.25,"0,0,0,0","0,0,0"
41.43333333333333,108,AV,2,0,0,91,1635.9686818612918,,-41.43333333333333,"0,0,0,0","0,0,0"
37.05,212,AV,2,0,0,59,3651.018124108644,,-37.05,"0,0,0,0","0,0,0"
32.75,257,AV,1,0,0,85,5051.78348307234,,-32.75,"0,0,0,0","0,0,0"
34.71666666666667,69,AV,2,0,0,41,1240.6560786390864,,-34.71666666666667,"0,0,0,0","0,0,0"
37.81666666666667,112,AV,2,0,0,68,1716.9764066453156,,-37.81666666666667,"0,0,0,0","0,0,0"
29.5,24,AV,1,0,0,72,753.5670156580491,,-29.5,"0,0,0,0","0,0,0"
26.816666666666666,50,AV,2,0,0,23,954.0002559944874,,-26.816666666666666,"0,0,0,0","0,0,0"
13.716666666666667,54,AV,0,0,0,32,985.8695826897422,,-13.716666666666667,"0,0,0,0","0,0,0"
32.46666666666667,163,AV,1,0,0,79,2421.0391237858234,,-32.46666666666667,"0,0,0,0","0,0,0"
30.75,230,AV,2,0,0,27,4200.245935785981,,-30.75,"0,0,0,0","0,0,0"
34.2,128,AV,2,0,0,53,1927.298426803608,,-34.2,"0,0,0,0","0,0,0"
46.11666666666667,208,AV,2,0,0,97,3564.273841812899,,-46.11666666666667,"0,0,0,0","0,0,0"
32.6,104,AV,2,0,0,49,1596.1763216794554,,-32.6,"0,0,0,0","0,0,0"
38.81666666666667,280,AV,2,0,0,59,8139.327108000771,,-38.81666666666667,"0,0,0,0","0,0,0"
30.2,144,AV,1,0,0,76,2113.1349678504243,,-30.2,"0,0,0,0","0,0,0"
37.516666666666666,170,AV,2,0,0,52,2629.980017260476,,-37.516666666666666,"0,0,0,0","0,0,0"
39.05,209,AV,2,0,0,65,3580.4564780460023,,-39.05,"0,0,0,0","0,0,0"
38.95,281,AV,2,0,0,74,8333.728817076937,,-38.95,"0,0,0,0","0,0,0"
19.483333333333334,37,AV,1,0,0,28,873.8892656114449,,-19.483333333333334,"0,0,0,0","0,0,0"
37.11666666666667,162,AV,1,0,0,96,2411.397471856681,,-37.11666666666667,"0,0,0,0","0,0,0"
23.033333333333335,217,AV,2,0,0,5,3759.463069718096,,-23.033333333333335,"0,0,0,0","0,0,0"
34.96666666666667,207,AV,2,0,0,59,3531.3895067900216,,-34.96666666666667,"0,0,0,0","0,0,0"
33.833333333333336,21,AV,2,0,0,35,676.2529471816457,,-33.833333333333336,"0,0,0,0","0,0,0"
14.866666666666667,32,AV,1,0,0,11,849.0657401736111,,-14.866666666666667,"0,0,0,0","0,0,0"
23.666666666666668,267,AV,2,0,0,11,5568.958209200236,,-23.666666666666668,"0,0,0,0","0,0,0"
44.2,82,AV,2,0,0,76,1421.705549214182,,-44.2,"0,0,0,0","0,0,0"
23.133333333333333,115,AV,2,0,0,2,1782.711710770346,,-23.133333333333333,"0,0,0,0","0,0,0"
15.6,203,AV,1,0,0,14,3465.4556083993225,,-15.6,"0,0,0,0","0,0,0"
14.55,165,AV,1,0,0,3,2456.6540037696086,,-14.55,"0,0,0,0","0,0,0"
26.216666666666665,215,AV,2,0,0,21,3742.7752140142647,,-26.216666666666665,"0,0,0,0","0,0,0"
15.45,139,AV,0,0,0,36,2078.9202215407213,,-15.45,"0,0,0,0","0,0,0"
30.45,234,AV,1,0,0,73,4304.4895651906745,,-30.45,"0,0,0,0","0,0,0"
26.833333333333332,117,AV,2,0,0,22,1797.659883656486,,-26.833333333333332,"0,0,0,0","0,0,0"
32.5,288,AV,1,0,0,80,10450.70686878338,,-32.5,"0,0,0,0","0,0,0"
15.0,260,AV,1,0,0,12,5307.329693361759,,-15.0,"0,0,0,0","0,0,0"
14.116666666666667,220,AV,1,0,0,2,3863.855435177377,,-14.116666666666667,"0,0,0,0","0,0,0"
8.566666666666666,135,AV,0,0,0,13,2035.9911412414244,,-8.566666666666666,"0,0,0,0","0,0,0"
30.966666666666665,78,AV,2,0,0,48,1338.7213376931895,,-30.966666666666665,"0,0,0,0","0,0,0"
43.7,276,AV,2,0,0,94,7099.697064525982,,-43.7,"0,0,0,0","0,0,0"
34.78333333333333,175,AV,1,0,0,87,2767.495209174315,,-34.78333333333333,"0,0,0,0","0,0,0"
21.783333333333335,177,AV,2,0,0,5,2813.5576138103806,,-21.783333333333335,"0,0,0,0","0,0,0"
41.016666666666666,294,AV,2,0,0,80,13748.957190518822,,-41.016666666666666,"0,0,0,0","0,0,0"
31.433333333333334,286,AV,1,0,0,79,8987.822610831106,,-31.433333333333334,"0,0,0,0","0,0,0"
12.183333333333334,239,AV,1,0,0,1,4459.768546990965,,-12.183333333333334,"0,0,0,0","0,0,0"
45.65,271,AV,2,0,0,96,5912.288420941998,,-45.65,"0,0,0,0","0,0,0"
23.5,211,AV,1,0,0,39,3630.005597296026,,-23.5,"0,0,0,0","0,0,0"
29.916666666666668,118,AV,2,0,0,12,1804.2001824470888,,-29.916666666666668,"0,0,0,0","0,0,0"
24.5,140,AV,2,0,0,1,2088.64210540395,,-24.5,"0,0,0,0","0,0,0"
30.55,101,AV,2,0,0,18,1588.8002265047048,,-30.55,"0,0,0,0","0,0,0"
37.7,70,AV,1,0,0,95,1244.4027248274256,,-37.7,"0,0,0,0","0,0,0"
35.68333333333333,290,AV,2,0,0,53,11049.706566164488,,-35.68333333333333,"0,0,0,0","0,0,0"
37.43333333333333,285,AV,2,0,0,38,8689.506535985933,,-37.43333333333333,"0,0,0,0","0,0,0"
36.75,68,AV,1,0,0,94,1234.5997004771,,-36.75,"0,0,0,0","0,0,0"
18.3,44,AV,1,0,0,21,938.3100494872764,,-18.3,"0,0,0,0","0,0,0"
42.96666666666667,102,AV,2,0,0,84,1592.6375082496468,,-42.96666666666667,"0,0,0,0","0,0,0"
38.13333333333333,180,AV,1,0,0,100,2853.537244729806,,-38.13333333333333,"0,0,0,0","0,0,0"
25.933333333333334,279,AV,2,0,0,22,7592.14370769901,,-25.933333333333334,"0,0,0,0","0,0,0"
34.583333333333336,256,AV,2,0,0,45,5009.92015912814,,-34.583333333333336,"0,0,0,0","0,0,0"
37.56666666666667,182,AV,2,0,0,72,2872.269398564857,,-37.56666666666667,"0,0,0,0","0,0,0"
26.433333333333334,53,AV,2,0,0,15,979.5720138781878,,-26.433333333333334,"0,0,0,0","0,0,0"
23.65,181,AV,1,0,0,47,2857.712092786687,,-23.65,"0,0,0,0","0,0,0"
24.383333333333333,63,AV,1,0,0,53,1129.1321270070612,,-24.383333333333333,"0,0,0,0","0,0,0"
31.75,16,AV,2,0,0,29,626.2908344343901,,-31.75,"0,0,0,0","0,0,0"
36.18333333333333,284,AV,2,0,0,51,8493.635575370567,,-36.18333333333333,"0,0,0,0","0,0,0"
44.9,204,AV,2,0,0,75,3476.696831582168,,-44.9,"0,0,0,0","0,0,0"
35.06666666666667,221,AV,1,0,0,93,3866.930621896856,,-35.06666666666667,"0,0,0,0","0,0,0"
21.566666666666666,274,AV,0,0,0,70,6995.337061486569,,-21.566666666666666,"0,0,0,0","0,0,0"
23.8,219,AV,2,0,0,0,3778.090807703549,,-23.8,"0,0,0,0","0,0,0"
28.266666666666666,29,AV,2,0,0,4,822.5771428470101,,-28.266666666666666,"0,0,0,0","0,0,0"
26.666666666666668,95,AV,0,0,0,89,1541.4014724042315,,-26.666666666666668,"0,0,0,0","0,0,0"
36.4,206,AV,1,0,0,93,3523.1638559153366,,-36.4,"0,0,0,0","0,0,0"
35.3,11,AV,1,0,0,94,588.8906571209208,,-35.3,"0,0,0,0","0,0,0"
27.6,64,AV,2,0,0,21,1135.438045570021,,-27.6,"0,0,0,0","0,0,0"
25.083333333333332,218,AV,2,0,0,0,3773.692032315799,,-25.083333333333332,"0,0,0,0","0,0,0"
30.4,48,AV,2,0,0,39,948.3478854920526,,-30.4,"0,0,0,0","0,0,0"
43.63333333333333,287,AV,2,0,0,90,10071.894878668398,,-43.63333333333333,"0,0,0,0","0,0,0"
25.75,4,AV,1,0,0,55,473.5024380788758,,-25.75,"0,0,0,0","0,0,0"
32.766666666666666,228,AV,1,0,0,83,4113.319853961603,,-32.766666666666666,"0,0,0,0","0,0,0"
23.383333333333333,249,AV,1,0,0,42,4864.205776554158,,-23.383333333333333,"0,0,0,0","0,0,0"
49.266666666666666,229,AV,2,0,0,90,4159.866430607663,,-49.266666666666666,"0,0,0,0","0,0,0"
22.933333333333334,295,AV,1,0,0,38,14297.77376075636,,-22.933333333333334,"0,0,0,0","0,0,0"
35.11666666666667,120,AV,1,0,0,87,1809.16611953512,,-35.11666666666667,"0,0,0,0","0,0,0"
39.31666666666667,189,AV,2,0,0,73,3024.224513765153,,-39.31666666666667,"0,0,0,0","0,0,0"
25.533333333333335,188,AV,1,0,0,54,2971.291490045772,,-25.533333333333335,"0,0,0,0","0,0,0"
24.45,186,AV,1,0,0,47,2965.4163440895786,,-24.45,"0,0,0,0","0,0,0"
10.45,129,AV,0,0,0,15,1929.5758599688188,,-10.45,"0,0,0,0","0,0,0"
17.616666666666667,67,AV,1,0,0,12,1200.7903182940884,,-17.616666666666667,"0,0,0,0","0,0,0"
42.56666666666667,238,AV,2,0,0,78,4446.537177105173,,-42.56666666666667,"0,0,0,0","0,0,0"
12.533333333333333,86,AV,1,0,0,0,1457.5875839824732,,-12.533333333333333,"0,0,0,0","0,0,0"
11.983333333333333,7,AV,0,0,0,18,541.9839687696077,,-11.983333333333333,"0,0,0,0","0,0,0"
19.416666666666668,171,AV,1,0,0,27,2744.8905386527767,,-19.416666666666668,"0,0,0,0","0,0,0"
46.1,299,AV,2,0,0,90,20793.30768626012,,-46.1,"0,0,0,0","0,0,0"
19.733333333333334,127,AV,1,0,0,22,1921.5023446668008,,-19.733333333333334,"0,0,0,0","0,0,0"
37.083333333333336,141,AV,2,0,0,52,2105.159940183184,,-37.083333333333336,"0,0,0,0","0,0,0"
47.25,36,AV,2,0,0,90,863.3540159882258,,-47.25,"0,0,0,0","0,0,0"
13.866666666666667,254,AV,1,0,0,2,4968.170350229253,,-13.866666666666667,"0,0,0,0","0,0,0"
29.033333333333335,261,AV,2,0,0,16,5370.167679594476,,-29.033333333333335,"0,0,0,0","0,0,0"
43.4,60,AV,2,0,0,88,1062.4074567339185,,-43.4,"0,0,0,0","0,0,0"
23.316666666666666,277,AV,2,0,0,9,7128.986247371214,,-23.316666666666666,"0,0,0,0","0,0,0"
30.683333333333334,263,AV,1,0,0,74,5427.330032863625,,-30.683333333333334,"0,0,0,0","0,0,0"
29.066666666666666,269,AV,1,0,0,66,5702.616109653807,,-29.066666666666666,"0,0,0,0","0,0,0"
37.166666666666664,147,AV,2,0,0,55,2158.6935677652164,,-37.166666666666664,"0,0,0,0","0,0,0"
30.016666666666666,193,AV,0,0,0,96,3236.647802754315,,-30.016666666666666,"0,0,0,0","0,0,0"
25.3,111,AV,1,0,0,54,1697.366940102563,,-25.3,"0,0,0,0","0,0,0"
46.0,52,AV,2,0,0,91,978.4447105201264,,-46.0,"0,0,0,0","0,0,0"
28.383333333333333,9,AV,1,0,0,65,567.9518330451218,,-28.383333333333333,"0,0,0,0","0,0,0"
25.633333333333333,185,AV,1,0,0,59,2953.464044858564,,-25.633333333333333,"0,0,0,0","0,0,0"
12.866666666666667,34,AV,1,0,0,1,857.6590975250949,,-12.866666666666667,"0,0,0,0","0,0,0"
25.133333333333333,73,AV,0,0,0,80,1293.252850487379,,-25.133333333333333,"0,0,0,0","0,0,0"
20.116666666666667,134,AV,2,0,0,2,2022.4315636845977,,-20.116666666666667,"0,0,0,0","0,0,0"
34.45,194,AV,2,0,0,62,3256.7228478661937,,-34.45,"0,0,0,0","0,0,0"
23.616666666666667,161,AV,1,0,0,48,2403.836358207942,,-23.616666666666667,"0,0,0,0","0,0,0"
27.966666666666665,236,AV,1,0,0,65,4412.688598555705,,-27.966666666666665,"0,0,0,0","0,0,0"
24.15,8,AV,1,0,0,42,566.7055292848979,,-24.15,"0,0,0,0","0,0,0"
20.083333333333332,146,AV,2,0,0,0,2133.445027811215,,-20.083333333333332,"0,0,0,0","0,0,0"
19.933333333333334,201,AV,1,0,0,35,3438.9188747307694,,-19.933333333333334,"0,0,0,0","0,0,0"
28.6,27,AV,2,0,0,31,801.7987355487146,,-28.6,"0,0,0,0","0,0,0"
37.18333333333333,31,AV,2,0,0,65,845.7864251007381,,-37.18333333333333,"0,0,0,0","0,0,0"
16.833333333333332,47,AV,1,0,0,16,946.2003450753726,,-16.833333333333332,"0,0,0,0","0,0,0"
41.78333333333333,23,AV,2,0,0,74,741.34301771214,,-41.78333333333333,"0,0,0,0","0,0,0"
38.53333333333333,265,AV,2,0,0,76,5502.789496653042,,-38.53333333333333,"0,0,0,0","0,0,0"
45.11666666666667,183,AV,2,0,0,94,2891.134206742707,,-45.11666666666667,"0,0,0,0","0,0,0"
