travel_time,id,kind,action,origin,destination,start_time,income,urgency,reward,observation,cost_table
40.05,217,AV,2,0,0,54,3882.59008652233,0.1,-3.926710428414629,"0.06983333333333334,0.27888735632183914,0.32018229166666673,0.1,0.54,0.1918348790411626","0,0,0"
43.56666666666667,183,AV,1,0,0,92,3158.0604616132755,0.1,-3.474398167784976,"0.1144,0.28663199105145415,0.3330833333333333,0.1,0.92,0.1560365975180513","0,0,0"
42.8,225,AV,1,0,0,88,4113.319853961603,0.2,-8.891418674220033,"0.16236666666666666,0.26533796296296297,0.3097543859649123,0.2,0.88,0.20323500525627752","0,0,0"
16.0,107,AV,1,0,0,10,1581.4824060924602,0.4,-2.5559311613615523,"0.22494444444444445,0.31724125874125875,0.3729950980392157,0.4,0.1,0.07813945827853724","0,0,0"
34.25,283,AV,1,0,0,66,8981.750106371177,0.1,-7.768306594525576,"0.13583333333333333,0.2761814814814815,0.32198913043478256,0.1,0.66,0.4437792573608979","0,0,0"
36.7,73,AV,1,0,0,70,1141.0395517097602,0.3,-3.172435723314258,"0.18475000000000003,0.2809233333333333,0.3365745614035087,0.3,0.7,0.056377618936200136","0,0,0"
29.783333333333335,221,AV,1,0,0,52,3987.5502105766736,0.4,-11.996215869192788,"0.26766666666666666,0.32567543859649123,0.36891441441441436,0.4,0.52,0.19702085341739287","0,0,0"
29.65,299,AV,1,0,0,49,20239.22920549412,0.1,-15.15386732179042,"0.17102380952380952,0.31644370860927146,0.34282291666666675,0.1,0.49,1.0","0,0,0"
14.116666666666667,211,AV,1,0,0,5,3742.7752140142647,0.2,-2.6684601062879483,"0.17633333333333334,0.26415227817745807,0.34513475177304964,0.2,0.05,0.18492676652914503","0,0,0"
35.03333333333333,194,AV,1,0,0,69,3301.717979419838,0.3,-8.762892920126891,"0.14819444444444443,0.30309173126614986,0.37159401709401707,0.3,0.69,0.16313457127722814","0,0,0"
38.13333333333333,99,AV,1,0,0,74,1490.1599361877834,1.0,-14.349688274400876,"0.1645714285714286,0.29071446078431373,0.32958333333333334,1.0,0.74,0.0736273067051025","0,0,0"
20.65,125,AV,1,0,0,22,1848.7234685638712,0.2,-1.928087859891108,"0.12411111111111112,0.27640510948905106,0.3386754385964913,0.2,0.22,0.09134357093312716","0,0,0"
19.183333333333334,156,AV,1,0,0,18,2497.1975937909187,0.1,-1.2097114606285133,"0.11066666666666666,0.30696136865342166,0.3565135135135135,0.1,0.18,0.12338402655734695","0,0,0"
42.0,8,AV,1,0,0,87,491.8679742725259,0.1,-0.5216781545314669,"0.16276666666666664,0.3000501253132832,0.3512063492063492,0.1,0.87,0.024302702898339818","0,0,0"
36.31666666666667,79,AV,2,0,0,68,1234.5997004771,0.3,-3.396708014317678,"0.12994444444444445,0.2984967532467533,0.33852020202020205,0.3,0.68,0.06100033197617807","0,0,0"
25.75,278,AV,1,0,0,44,8475.089255911002,0.2,-11.021896380793349,"0.14553333333333332,0.2906217948717949,0.33310833333333334,0.2,0.44,0.41874565329841523","0,0,0"
12.183333333333334,290,AV,1,0,0,1,11185.875164713363,0.2,-6.882891199836253,"0.1963611111111111,0.322011982570806,0.3467043010752688,0.2,0.01,0.5526828641120808","0,0,0"
32.1,188,AV,2,0,0,31,3236.647802754315,0.1,-2.6236463249599375,"0.14144444444444446,0.28844553376906323,0.3428333333333334,0.1,0.31,0.1599195191621081","0,0,0"
34.416666666666664,102,AV,1,0,0,67,1517.942512651984,0.3,-3.9577667785686192,"0.19391666666666665,0.29584375,0.3538630952380952,0.3,0.67,0.07500001592155126","0,0,0"
24.766666666666666,248,AV,2,0,0,9,4925.450001742355,0.2,-6.160958503862912,"0.15579166666666666,0.29840202702702695,0.3420482456140351,0.2,0.09,0.24336154068581314","0,0,0"
14.816666666666666,223,AV,1,0,0,5,4021.28082322038,0.1,-1.5045953921897803,"0.17313333333333333,0.2827206896551724,0.3451666666666667,0.1,0.05,0.19868744913115402","0,0,0"
24.066666666666666,263,AV,2,0,0,10,5960.007005011629,0.1,-3.6221591394094252,"0.15616666666666668,0.2898096926713948,0.3307460317460318,0.1,0.1,0.29447796378499097","0,0,0"
24.033333333333335,103,AV,1,0,0,34,1526.0895405694364,0.4,-3.7047493560625044,"0.19366666666666668,0.3070794701986755,0.3368904761904762,0.4,0.34,0.07540255239340664","0,0,0"
41.35,19,AV,1,0,0,85,586.8516376274475,0.1,-0.6127857377751252,"0.16776666666666665,0.3185820895522387,0.3832682926829268,0.1,0.85,0.028995750365243225","0,0,0"
41.833333333333336,277,AV,1,0,0,86,8139.327108000771,0.1,-8.598363232778594,"0.15309999999999999,0.2965596107055961,0.3495324074074074,0.1,0.86,0.40215598259005225","0,0,0"
31.95,10,AV,2,0,0,43,522.440884226393,0.5,-2.107574021595108,"0.18246666666666664,0.29627972027972027,0.3819009009009009,0.5,0.43,0.02581327969172718","0,0,0"
20.716666666666665,288,AV,1,0,0,23,10071.894878668398,0.1,-5.269093154118189,"0.21041666666666664,0.28212773722627743,0.32058888888888887,0.1,0.23,0.497642216331751","0,0,0"
25.95,184,AV,1,0,0,46,3159.4556453821087,0.3,-6.211202575580736,"0.11554545454545455,0.25739802631578945,0.3176913580246914,0.3,0.46,0.15610553214765938","0,0,0"
33.11666666666667,158,AV,1,0,0,62,2520.757475212996,0.4,-8.432230813549197,"0.21626666666666666,0.3326506172839507,0.36517407407407404,0.4,0.62,0.12454809665027725","0,0,0"
32.3,247,AV,1,0,0,58,4818.617258984985,0.3,-11.791010414031438,"0.08088888888888889,0.26491402116402113,0.32349358974358977,0.3,0.58,0.2380830420990997","0,0,0"
24.65,66,AV,1,0,0,22,1005.9867386644172,0.2,-1.2524026822261558,"0.22911111111111113,0.3391085526315789,0.36249047619047614,0.2,0.22,0.04970479500233799","0,0,0"
20.033333333333335,224,AV,1,0,0,19,4104.202624979457,0.1,-2.076284324589776,"0.23450000000000004,0.3069433106575964,0.34650000000000003,0.1,0.19,0.20278453212365097","0,0,0"
25.15,97,AV,1,0,0,37,1467.6871321740252,0.3,-2.7963887404679344,"0.09227777777777778,0.282635632183908,0.33927192982456134,0.3,0.37,0.07251694801576773","0,0,0"
14.883333333333333,293,AV,1,0,0,9,11940.25564443948,0.3,-13.462939760712695,"0.14266666666666666,0.288787037037037,0.3632719298245614,0.3,0.09,0.5899560464090298","0,0,0"
31.066666666666666,13,AV,1,0,0,57,542.8991684878858,0.3,-1.2777323864411858,"0.14138888888888887,0.2836860730593607,0.3422567567567568,0.3,0.57,0.02682410298216846","0,0,0"
35.45,5,AV,1,0,0,70,457.16351791608827,1.0,-4.0925370480114465,"0.2602916666666667,0.28989952718676126,0.3662357723577236,1.0,0.7,0.02258799054422424","0,0,0"
22.283333333333335,68,AV,2,0,0,6,1040.734547163155,0.2,-1.1712643851491062,"0.13516666666666666,0.3222997762863535,0.36261842105263153,0.2,0.06,0.05142164934229008","0,0,0"
40.7,177,AV,1,0,0,84,3046.5766145774583,0.6,-18.787222456560993,"0.14383333333333334,0.2997465277777777,0.3783970588235293,0.6,0.84,0.15052829253746666","0,0,0"
31.1,168,AV,1,0,0,58,2857.8751728516777,0.3,-6.733327111794483,"0.21833333333333332,0.2800076754385965,0.3693243243243243,0.3,0.58,0.14120474371009553","0,0,0"
23.533333333333335,2,AV,1,0,0,32,424.9057127261393,0.2,-0.5050226147889804,"0.23658333333333334,0.3061738095238095,0.336447619047619,0.2,0.32,0.02099416476842877","0,0,0"
16.333333333333332,40,AV,1,0,0,13,807.7368269013535,0.2,-0.6663148908782209,"0.19722222222222222,0.3084047619047619,0.35722695035460994,0.2,0.13,0.039909465854662395","0,0,0"
41.13333333333333,244,AV,1,0,0,84,4705.31956239884,1.0,-48.875120707072135,"0.19806666666666664,0.29894328703703704,0.3609444444444445,1.0,0.84,0.23248511663287746","0,0,0"
27.116666666666667,60,AV,1,0,0,45,938.3100494872764,0.2,-1.2850424667641402,"0.20620000000000002,0.31889444444444437,0.3689142857142857,0.2,0.45,0.04636095772029518","0,0,0"
36.483333333333334,275,AV,1,0,0,68,7612.519032757181,0.8,-56.107084722914045,"0.1522777777777778,0.2711206896551725,0.3237777777777778,0.8,0.68,0.3761269243737155","0,0,0"
46.9,271,AV,1,0,0,99,7336.658338656486,1.0,-86.89123133408818,"0.12766666666666668,0.2695158150851582,0.3397009803921569,1.0,0.99,0.3624969243722426","0,0,0"
33.8,18,AV,1,0,0,64,572.7967315704935,0.2,-0.9778045215698323,"0.15159999999999996,0.2639975845410628,0.32266666666666666,0.2,0.64,0.02830131156452355","0,0,0"
34.71666666666667,205,AV,2,0,0,56,3534.445695738256,0.3,-9.295770687149984,"0.23072222222222222,0.28476913580246915,0.3361125,0.3,0.56,0.1746334141410286","0,0,0"
11.65,9,AV,1,0,0,0,508.6019702527906,0.1,-0.14962658973345985,"0.17309523809523808,0.2873892857142856,0.33654301075268817,0.1,0.0,0.025129512843044734","0,0,0"
27.55,37,AV,1,0,0,45,777.0630287344238,0.1,-0.5406082434755903,"0.19419444444444445,0.30050894854586124,0.36529047619047633,0.1,0.45,0.03839390427593374","0,0,0"
38.233333333333334,249,AV,1,0,0,71,4951.479839002994,0.1,-4.780595433784877,"0.21866666666666665,0.29402245862884163,0.3565555555555555,0.1,0.71,0.2446476488175187","0,0,0"
27.7,215,AV,1,0,0,51,3783.636689084741,0.3,-7.939904264215706,"0.17600000000000002,0.2967887323943661,0.3367829457364341,0.3,0.51,0.18694569099783895","0,0,0"
34.266666666666666,281,AV,1,0,0,67,8795.495569618428,0.1,-7.61091704172369,"0.16143333333333335,0.31354362416107384,0.35528703703703707,0.1,0.67,0.43457660765217343","0,0,0"
16.216666666666665,75,AV,1,0,0,9,1150.2916000513435,0.1,-0.4710579658459416,"0.21808333333333332,0.3358549160671462,0.3748156028368793,0.1,0.09,0.05683475335805212","0,0,0"
25.133333333333333,291,AV,1,0,0,41,11515.391842589095,0.2,-14.617180891097943,"0.17229166666666665,0.2914684684684684,0.36119298245614034,0.2,0.41,0.5689639524149042","0,0,0"
39.016666666666666,210,AV,2,0,0,69,3724.6301341612702,0.7,-25.68834764667539,"0.1810238095238095,0.2880095238095238,0.34670238095238093,0.7,0.69,0.1840302363466582","0,0,0"
24.583333333333332,170,AV,2,0,0,5,2909.8477340427667,0.4,-7.22563199951697,"0.26322222222222225,0.3094975845410628,0.3548983739837398,0.4,0.05,0.1437726557913017","0,0,0"
27.7,117,AV,1,0,0,46,1723.69240549938,0.8,-9.645713057036934,"0.17019444444444443,0.3064847417840375,0.3637938596491228,0.8,0.46,0.08516591160652838","0,0,0"
44.85,7,AV,1,0,0,93,473.5024380788758,0.2,-1.0725547650423022,"0.13636666666666666,0.3017323600973237,0.358204861111111,0.2,0.93,0.02339528018934334","0,0,0"
33.28333333333333,266,AV,1,0,0,62,6563.608435155774,0.2,-11.03327108165495,"0.17275,0.3116776960784314,0.3519666666666667,0.2,0.62,0.3243013045859485","0,0,0"
28.233333333333334,171,AV,2,0,0,29,2927.9701715656583,0.1,-2.0875342889866273,"0.17758333333333332,0.3330490196078432,0.34577898550724634,0.1,0.29,0.1446680672389853","0,0,0"
27.016666666666666,25,AV,1,0,0,49,627.4062491148882,0.1,-0.4280410479020344,"0.17741666666666667,0.3051846522781775,0.3592857142857142,0.1,0.49,0.0309995130123124","0,0,0"
25.516666666666666,47,AV,2,0,0,8,857.6590975250949,0.2,-1.1052828942011113,"0.19133333333333333,0.29734523809523816,0.3467624113475177,0.2,0.08,0.04237607513690668","0,0,0"
17.283333333333335,26,AV,1,0,0,12,640.5426603936758,0.1,-0.2795634422677786,"0.1335952380952381,0.29525490196078436,0.3206333333333333,0.1,0.12,0.03164856990797825","0,0,0"
32.4,203,AV,1,0,0,61,3508.846318545673,0.1,-2.870874260628278,"0.17177083333333334,0.26886458333333335,0.3167412280701754,0.1,0.61,0.17336857460921315","0,0,0"
29.183333333333334,282,AV,2,0,0,17,8975.220492497892,0.3,-19.84294328581289,"0.20116666666666666,0.30436465324384776,0.3507948717948718,0.3,0.17,0.44345663569349214","0,0,0"
12.333333333333334,198,AV,1,0,0,4,3393.6426315430986,0.4,-4.227770281720359,"0.131625,0.33544519015659957,0.36145495495495494,0.4,0.04,0.16767647606964517","0,0,0"
29.716666666666665,265,AV,1,0,0,52,6230.691172258436,0.2,-9.351281447926592,"0.18295833333333333,0.28334649122807026,0.36892424242424243,0.2,0.52,0.3078521967905309","0,0,0"
41.88333333333333,145,AV,2,0,0,77,2326.172138461347,0.1,-2.46029906732044,"0.21893333333333334,0.31532438478747205,0.3635046296296296,0.1,0.77,0.11493383047561351","0,0,0"
36.06666666666667,112,AV,1,0,0,71,1661.9571573900298,0.2,-3.0273361015084386,"0.10583333333333332,0.2746224489795918,0.30384649122807017,0.2,0.71,0.08211563496394797","0,0,0"
45.95,113,AV,1,0,0,94,1664.0464513081895,0.1,-1.9308821827679623,"0.21458333333333332,0.3472112526539277,0.3754770114942529,0.1,0.94,0.08221886487932402","0,0,0"
46.38333333333333,45,AV,1,0,0,97,844.3352662229099,0.1,-0.9889667701592416,"0.13699999999999998,0.2873093607305936,0.33674444444444446,0.1,0.97,0.04171775800600685","0,0,0"
32.233333333333334,132,AV,1,0,0,60,2052.607856914241,0.2,-3.3415350128553394,"0.18475000000000003,0.3261345755693582,0.3702530864197531,0.2,0.6,0.10141729391339874","0,0,0"
25.45,174,AV,1,0,0,38,2987.078671303881,0.1,-1.9197260652697925,"0.1063888888888889,0.2655788888888888,0.3062444444444445,0.1,0.38,0.14758855888113623","0,0,0"
29.95,41,AV,1,0,0,53,816.2772675203604,0.4,-2.4694448648722016,"0.20375925925925928,0.3055,0.3761519607843137,0.4,0.53,0.04033144045321521","0,0,0"
19.433333333333334,164,AV,1,0,0,22,2722.266725979925,0.1,-1.3359271896012597,"0.12123333333333333,0.25955681818181814,0.3224601449275362,0.1,0.22,0.13450446646658565","0,0,0"
28.716666666666665,219,AV,2,0,0,37,3941.04555698938,0.3,-8.573764513500885,"0.15875,0.28918791946308725,0.3392820512820512,0.3,0.37,0.19472310516250035","0,0,0"
24.516666666666666,135,AV,2,0,0,13,2131.3254046090938,0.3,-3.958560189621183,"0.16983333333333334,0.2603253424657534,0.31452136752136756,0.3,0.13,0.10530664893258515","0,0,0"
43.68333333333333,212,AV,1,0,0,90,3752.1132597063192,0.3,-12.417031380922047,"0.13405555555555557,0.2569694835680751,0.303489898989899,0.3,0.9,0.1853881499937643","0,0,0"
21.816666666666666,286,AV,1,0,0,28,9280.176126726552,0.1,-5.112689625372498,"0.11694444444444443,0.3122426303854875,0.35517129629629635,0.1,0.28,0.4585241874827607","0,0,0"
30.2,195,AV,1,0,0,55,3366.895459871004,0.1,-2.5676829012147557,"0.126625,0.2756809895833334,0.3387713178294574,0.1,0.55,0.16635492516469105","0,0,0"
23.9,33,AV,1,0,0,35,742.6585956180782,0.3,-1.3446621541872779,"0.16824999999999998,0.2771666666666666,0.3062017543859649,0.3,0.35,0.03669401576896401","0,0,0"
38.71666666666667,154,AV,1,0,0,76,2458.2611968747465,0.2,-4.806852491868717,"0.14525,0.2946401766004415,0.31550900900900897,0.2,0.76,0.1214602182679679","0,0,0"
42.43333333333333,131,AV,1,0,0,89,2022.4315636845977,0.1,-2.167134158729371,"0.134,0.2567887323943662,0.31874137931034485,0.1,0.89,0.09992631355425287","0,0,0"
16.35,65,AV,1,0,0,14,985.8695826897422,0.2,-0.8140892766150145,"0.17820833333333333,0.30769951338199514,0.37185470085470096,0.2,0.14,0.04871082651814225","0,0,0"
31.216666666666665,228,AV,2,0,0,40,4237.057085974603,0.4,-13.360282697020928,"0.10316666666666667,0.27714269406392694,0.3362070707070707,0.4,0.4,0.20934873768929974","0,0,0"
27.783333333333335,128,AV,1,0,0,43,1927.298426803608,0.8,-10.817530227210826,"0.09256666666666666,0.24669166666666661,0.3457094017094018,0.8,0.43,0.09522588075045987","0,0,0"
40.11666666666667,173,AV,1,0,0,80,2965.4163440895786,0.4,-12.01642616199262,"0.1505,0.279748275862069,0.3347301587301588,0.4,0.8,0.14651824503694982","0,0,0"
45.233333333333334,178,AV,1,0,0,94,3064.640983136323,0.2,-7.001208441272713,"0.18983333333333335,0.3237738927738928,0.37042635658914724,0.2,0.94,0.1514208348559242","0,0,0"
19.466666666666665,147,AV,1,0,0,17,2337.3116255789537,0.1,-1.1489814725068255,"0.10616666666666666,0.28409259259259256,0.35621317829457366,0.1,0.17,0.11548422135287985","0,0,0"
26.966666666666665,31,AV,2,0,0,8,736.5379020629116,0.3,-1.5046948554770085,"0.12983333333333336,0.28031431767337817,0.3273869047619048,0.3,0.08,0.03639159844402433","0,0,0"
47.6,220,AV,1,0,0,100,3942.222625638348,0.1,-4.738631236878418,"0.16869047619047617,0.2734027777777778,0.33445098039215687,0.1,1.0,0.19478126294296802","0,0,0"
48.45,78,AV,1,0,0,100,1174.3503864217532,0.2,-2.873599809198684,"0.21619047619047616,0.32153555555555563,0.3429393939393939,0.2,1.0,0.05802347384370573","0,0,0"
27.95,63,AV,1,0,0,51,950.4213588862824,1.0,-6.708150752745352,"0.2520833333333334,0.3148783783783784,0.350495238095238,1.0,0.51,0.04695936536102284","0,0,0"
30.016666666666666,85,AV,2,0,0,46,1265.4739572733297,0.3,-2.8776749962743264,"0.15188888888888888,0.3142488888888889,0.3407657657657658,0.3,0.46,0.06252579801457091","0,0,0"
45.96666666666667,185,AV,1,0,0,96,3169.820795106812,0.7,-25.756128059904086,"0.2136388888888889,0.32450117370892023,0.38412301587301584,0.7,0.96,0.15661766379158035","0,0,0"
23.55,23,AV,1,0,0,37,601.3137559373858,0.5,-1.7879973424653328,"0.22808333333333333,0.30936194029850744,0.35080476190476195,0.5,0.37,0.029710309114645228","0,0,0"
49.0,22,AV,1,0,0,95,597.1498506777683,0.1,-0.7388975425053195,"0.1495,0.27175445292620876,0.34425333333333336,0.1,0.95,0.029504574735270385","0,0,0"
33.81666666666667,57,AV,1,0,0,55,923.9636394510808,0.1,-0.7890245052383178,"0.14483333333333334,0.26366666666666666,0.31154166666666666,0.1,0.55,0.0456521160005571","0,0,0"
37.81666666666667,101,AV,1,0,0,74,1509.578116022191,0.3,-4.324788819765595,"0.10140476190476189,0.21419999999999997,0.30460162601626023,0.3,0.74,0.07458673947980204","0,0,0"
41.28333333333333,160,AV,1,0,0,86,2563.744074524839,1.0,-26.72724778029472,"0.15066666666666667,0.27775362318840574,0.31081300813008134,1.0,0.86,0.12667202137465233","0,0,0"
32.86666666666667,16,AV,1,0,0,64,566.7055292848979,0.1,-0.47034650831221325,"0.13983333333333334,0.2746184210526316,0.3248088235294117,0.1,0.64,0.02800035137361163","0,0,0"
22.1,179,AV,2,0,0,2,3097.4575811220984,0.6,-10.371789779211877,"0.106375,0.2610800438596491,0.3361519607843137,0.6,0.02,0.15304227002287546","0,0,0"
28.116666666666667,110,AV,1,0,0,50,1596.1763216794554,0.2,-2.2666241200953214,"0.14194444444444443,0.3123009592326139,0.3433798449612403,0.2,0.5,0.07886546989873305","0,0,0"
30.483333333333334,133,AV,1,0,0,52,2105.6010448069283,0.2,-3.241703965447704,"0.12472222222222222,0.24822831050228314,0.3077850877192983,0.2,0.52,0.104035634135481","0,0,0"
18.333333333333332,20,AV,1,0,0,15,588.8906571209208,0.3,-0.8179036904457231,"0.06916666666666667,0.32675986842105265,0.3688738738738737,0.3,0.15,0.029096496271758268","0,0,0"
24.55,46,AV,1,0,0,36,849.0657401736111,0.4,-2.1055115071981976,"0.24383333333333332,0.29458333333333325,0.3397751937984496,0.4,0.36,0.04195148597571712","0,0,0"
22.2,86,AV,1,0,0,28,1297.4303329633815,0.6,-4.364083847240465,"0.1849333333333333,0.2962091954022989,0.3423291666666667,0.6,0.28,0.06410473046133508","0,0,0"
30.85,17,AV,2,0,0,47,571.0932451196882,0.2,-0.8898094248455748,"0.16866666666666666,0.29303729603729606,0.35438288288288283,0.2,0.47,0.028217144008856807","0,0,0"
35.3,196,AV,1,0,0,69,3382.383844415393,0.3,-9.04531437180783,"0.20591666666666664,0.29680666666666666,0.33365740740740735,0.3,0.69,0.16712019069862674","0,0,0"
19.466666666666665,59,AV,1,0,0,20,932.1411738504048,0.1,-0.45822428074801036,"0.19954166666666664,0.32728270042194096,0.3769761904761905,0.1,0.2,0.046056159767061025","0,0,0"
32.2,252,AV,2,0,0,50,5307.329693361759,0.3,-12.94666788835217,"0.17595833333333333,0.31126973684210524,0.3444611111111111,0.3,0.5,0.2622298329385507","0,0,0"
16.366666666666667,214,AV,1,0,0,8,3778.090807703549,0.1,-1.56148365873943,"0.19370833333333334,0.3016268656716418,0.32811428571428564,0.1,0.08,0.18667167456544997","0,0,0"
23.466666666666665,14,AV,1,0,0,34,546.8646928603165,0.1,-0.32406796613944683,"0.15729166666666666,0.2925797101449275,0.32790579710144924,0.1,0.34,0.027020035561031403","0,0,0"
45.2,124,AV,1,0,0,92,1832.3133019091129,0.1,-2.091428314300301,"0.19404166666666664,0.3229489795918367,0.37458119658119654,0.1,0.92,0.09053276107035316","0,0,0"
17.566666666666666,39,AV,1,0,0,15,793.0252767736928,0.6,-2.1107288932309904,"0.15903333333333333,0.28985111111111117,0.3468285714285714,0.6,0.15,0.0391825829295129","0,0,0"
45.18333333333333,208,AV,1,0,0,94,3628.2404526711953,1.0,-41.39797923902193,"0.19216666666666665,0.2829987745098039,0.32639316239316246,1.0,0.94,0.1792677189349818","0,0,0"
40.05,150,AV,1,0,0,80,2382.718205806423,0.1,-2.4097945490542236,"0.23550000000000001,0.28833796296296305,0.3615992063492064,0.1,0.8,0.1177277149052501","0,0,0"
20.6,207,AV,1,0,0,27,3580.4564780460023,0.2,-3.7251213862498815,"0.15930000000000002,0.2960632183908047,0.3572166666666666,0.2,0.27,0.17690676071171996","0,0,0"
12.0,62,AV,1,0,0,1,948.3478854920526,0.1,-0.28737814711880383,"0.13552777777777777,0.28055043859649126,0.29649479166666665,0.1,0.01,0.04685691712185437","0,0,0"
46.85,137,AV,1,0,0,97,2187.718469250836,0.4,-10.352990937818348,"0.2053333333333333,0.29087347931873475,0.35432312925170073,0.4,0.97,0.10809297365222585","0,0,0"
31.066666666666666,267,AV,2,0,0,43,6778.2755320215965,0.6,-31.90582220123297,"0.174875,0.30884367816091957,0.34187398373983735,0.6,0.43,0.3349077903708691","0,0,0"
14.916666666666666,256,AV,1,0,0,9,5502.789496653042,0.1,-2.0728100166264616,"0.11944444444444442,0.2856059602649007,0.3321759259259259,0.1,0.09,0.27188730562719554","0,0,0"
24.1,143,AV,1,0,0,26,2318.1098695731453,0.1,-1.4107688852705256,"0.15166666666666667,0.28047587719298245,0.3400229885057471,0.1,0.26,0.11453548186231685","0,0,0"
14.866666666666667,116,AV,1,0,0,6,1718.6657268339234,0.3,-1.93566897517154,"0.16820833333333332,0.2750337690631809,0.33216,0.3,0.06,0.0849175484591763","0,0,0"
37.3,149,AV,2,0,0,64,2360.1328348572283,0.1,-2.223054412630672,"0.2704444444444445,0.3046772300469483,0.3458761904761905,0.1,0.64,0.11661179439662402","0,0,0"
32.983333333333334,264,AV,2,0,0,43,6130.868263041086,0.1,-5.106476554107033,"0.15625,0.2996094890510949,0.34791666666666665,0.1,0.43,0.3029200470429381","0,0,0"
33.81666666666667,268,AV,1,0,0,66,7081.334819999852,0.1,-6.04714997886351,"0.23608333333333334,0.3070889724310777,0.3530510204081633,0.1,0.66,0.34988164559535495","0,0,0"
45.38333333333333,136,AV,1,0,0,93,2158.6935677652164,0.2,-4.9479146338591615,"0.20291666666666663,0.2644220085470086,0.31350000000000006,0.2,0.93,0.10665888240344744","0,0,0"
24.6,29,AV,2,0,0,13,682.056612603955,0.8,-3.3896146808196557,"0.17766666666666667,0.2781968680089486,0.3244414414414415,0.8,0.13,0.033699732617228556","0,0,0"
34.96666666666667,197,AV,1,0,0,67,3389.778327720714,0.1,-2.9931628499823484,"0.13595238095238094,0.2995477941176471,0.3402083333333333,0.1,0.67,0.1674855446965603","0,0,0"
29.433333333333334,172,AV,2,0,0,21,2964.6777926145683,0.5,-11.017720921206497,"0.1975,0.27773673036093416,0.35348765432098767,0.5,0.21,0.14648175394988758","0,0,0"
12.15,239,AV,1,0,0,4,4635.813442599864,0.3,-4.267055555120329,"0.1799722222222222,0.31221654501216545,0.34836036036036033,0.3,0.04,0.22905088902009327","0,0,0"
43.36666666666667,42,AV,1,0,0,90,818.0604611907775,0.9,-8.062853484918191,"0.22391666666666665,0.27095539906103283,0.3421341463414634,0.9,0.9,0.040419546262597174","0,0,0"
45.28333333333333,38,AV,2,0,0,100,779.2240782816187,0.5,-4.455285817952774,"0.10391666666666666,0.2874465408805031,0.3287666666666667,0.5,1.0,0.038500679564916006","0,0,0"
16.416666666666668,255,AV,1,0,0,6,5434.023139443809,0.7,-15.769187519556002,"0.13633333333333333,0.2668518518518519,0.31887777777777776,0.7,0.06,0.26848962894143685","0,0,0"
39.583333333333336,134,AV,1,0,0,79,2113.1349678504243,0.1,-2.1122456012814643,"0.2865,0.2788707729468599,0.3334552845528455,0.1,0.79,0.10440787771091574","0,0,0"
35.016666666666666,32,AV,1,0,0,68,742.4887258523852,0.1,-0.6565525307305814,"0.12766666666666665,0.32560093896713616,0.3513578431372549,0.1,0.68,0.0366856226743472","0,0,0"
37.1,153,AV,2,0,0,53,2411.397471856681,0.1,-2.25916278297684,"0.19094444444444444,0.30822298850574714,0.33550793650793653,0.1,0.53,0.11914472865409743","0,0,0"
37.28333333333333,100,AV,2,0,0,57,1503.4428459110418,0.2,-2.8309778167533675,"0.106625,0.30470405982905985,0.3496,0.2,0.57,0.07428360194186243","0,0,0"
32.03333333333333,144,AV,1,0,0,55,2318.2944376966047,0.4,-7.50128267550989,"0.1876666666666667,0.31815202702702705,0.36292129629629627,0.4,0.55,0.11454460118803748","0,0,0"
44.71666666666667,298,AV,1,0,0,90,17322.90883950548,0.2,-39.1223606198596,"0.16546666666666668,0.2724429223744292,0.32389316239316246,0.2,0.9,0.8559075379611304","0,0,0"
18.683333333333334,146,AV,1,0,0,17,2329.0008356791827,0.3,-3.296477192924702,"0.0853888888888889,0.3083956916099773,0.35849444444444445,0.3,0.17,0.1150735935658535","0,0,0"
25.166666666666668,169,AV,1,0,0,35,2891.134206742707,0.3,-5.512137187097838,"0.302,0.29965121412803536,0.38185526315789464,0.3,0.35,0.14284803919103217","0,0,0"
19.95,27,AV,1,0,0,27,646.5589615252754,0.4,-1.302914270952449,"0.10233333333333333,0.28178911564625847,0.35747499999999993,0.4,0.27,0.03194582930805295","0,0,0"
36.833333333333336,142,AV,2,0,0,72,2280.385817754286,0.2,-4.242131866361088,"0.21556666666666666,0.3212420924574209,0.35293402777777777,0.2,0.72,0.1126715743273096","0,0,0"
37.35,82,AV,2,0,0,64,1260.3927948639828,0.1,-1.1887795678830748,"0.19447619047619047,0.2761888111888112,0.348662037037037,0.1,0.64,0.06227474288012104","0,0,0"
28.716666666666665,104,AV,2,0,0,31,1541.4014724042315,0.1,-1.1177755626904424,"0.13979166666666668,0.28494292237442914,0.3221916666666667,0.1,0.31,0.07615909957607497","0,0,0"
31.883333333333333,34,AV,2,0,0,25,753.7709081553346,0.3,-1.8206612970974179,"0.1577222222222222,0.2738267195767195,0.3225731707317073,0.3,0.25,0.03724306397749163","0,0,0"
36.93333333333333,120,AV,1,0,0,71,1794.439334206041,0.1,-1.6736016686029405,"0.18716666666666668,0.28458865248226956,0.3460666666666667,0.1,0.71,0.08866144634198442","0,0,0"
13.283333333333333,55,AV,1,0,0,3,881.2906222289953,0.1,-0.2956181085507194,"0.11804166666666666,0.2538344748858447,0.3124114583333333,0.1,0.03,0.04354368505248021","0,0,0"
37.4,250,AV,1,0,0,73,4967.653125719208,0.1,-4.691672396512586,"0.1991,0.317830900243309,0.3685482456140352,0.1,0.73,0.24544675468029653","0,0,0"
15.716666666666667,241,AV,1,0,0,11,4662.282088415262,0.2,-3.7007845196764237,"0.18613333333333335,0.2849049217002237,0.3143518518518519,0.2,0.11,0.23035867824203715","0,0,0"
23.866666666666667,4,AV,1,0,0,34,437.8567856598078,0.5,-1.3194674180657509,"0.16194444444444442,0.2564397849462365,0.3273072916666667,0.5,0.34,0.021634064282494894","0,0,0"
46.06666666666667,159,AV,2,0,0,83,2530.9644311939346,0.1,-2.944270070631328,"0.16041666666666665,0.33640189125295505,0.3613859649122807,0.1,0.83,0.12505241210010515","0,0,0"
13.0,213,AV,1,0,0,5,3773.692032315799,0.2,-2.4776765868740096,"0.1201,0.31567136150234737,0.3698666666666666,0.2,0.05,0.18645433548879403","0,0,0"
24.05,96,AV,1,0,0,36,1454.957177165027,0.1,-0.8836292957277498,"0.1403333333333333,0.31003267973856213,0.36857352941176474,0.1,0.36,0.07188797371641335","0,0,0"
21.4,139,AV,1,0,0,27,2198.5025098873134,0.1,-1.188079639181528,"0.1600952380952381,0.2759885057471265,0.34778947368421065,0.1,0.27,0.10862580227563756","0,0,0"
40.733333333333334,123,AV,1,0,0,85,1824.367004680513,0.1,-1.8765795283834907,"0.18945238095238096,0.30955324074074075,0.33521367521367523,0.1,0.85,0.09014014250035135","0,0,0"
31.916666666666668,152,AV,2,0,0,36,2398.572127464108,0.2,-3.8663852054661336,"0.19925925925925927,0.3096775362318841,0.35126356589147284,0.2,0.36,0.11851104126104732","0,0,0"
37.983333333333334,227,AV,2,0,0,47,4227.85786318916,0.5,-20.27627960902377,"0.1405,0.2909349881796691,0.32983333333333337,0.5,0.47,0.2088942133251532","0,0,0"
31.316666666666666,240,AV,1,0,0,54,4660.29795945294,0.1,-3.685479741503398,"0.1818,0.2876545253863134,0.33599019607843134,0.1,0.54,0.23026064442157015","0,0,0"
39.35,129,AV,2,0,0,65,1945.516475481125,0.3,-5.799702523498657,"0.20274999999999999,0.33168171296296295,0.3888281250000001,0.3,0.65,0.09612601624932422","0,0,0"
35.0,6,AV,1,0,0,67,465.3670128771111,0.2,-0.8226184571060045,"0.10166666666666666,0.27574487179487184,0.3213020833333334,0.2,0.67,0.02299331699602389","0,0,0"
27.7,35,AV,1,0,0,48,767.6170681366935,0.1,-0.5369442623077376,"0.11041666666666666,0.2858954022988506,0.3633428571428571,0.1,0.48,0.03792718884414417","0,0,0"
19.016666666666666,72,AV,1,0,0,16,1104.4445206976068,0.3,-1.591125250146426,"0.09524999999999999,0.2732470862470862,0.3396434108527131,0.3,0.16,0.05456949518600221","0,0,0"
38.93333333333333,216,AV,1,0,0,74,3803.247088152212,0.4,-14.956877437581761,"0.08708333333333335,0.3150821256038647,0.35479999999999995,0.4,0.74,0.18791462113190488","0,0,0"
40.56666666666667,81,AV,1,0,0,81,1244.4027248274256,0.2,-2.549559118038682,"0.16925,0.3109657534246575,0.36693693693693696,0.2,0.81,0.06148468956958209","0,0,0"
35.7,28,AV,1,0,0,69,649.7132696839626,0.1,-0.5857263567605422,"0.13677777777777778,0.30569144144144145,0.3444427083333334,0.1,0.69,0.03210168050804979","0,0,0"
12.75,11,AV,1,0,0,5,539.5213747330826,0.5,-0.8685476676574245,"0.17729166666666668,0.3432196969696969,0.38096153846153846,0.5,0.05,0.026657209583190285","0,0,0"
34.35,285,AV,1,0,0,63,9095.945853089892,0.2,-15.780087881496861,"0.16855555555555554,0.30871190476190474,0.3496666666666666,0.2,0.63,0.44942155458275634","0,0,0"
21.716666666666665,191,AV,1,0,0,27,3257.3450634265246,0.8,-14.29064181025172,"0.16666666666666669,0.32738344988344986,0.36427604166666666,0.8,0.27,0.1609421500371313","0,0,0"
47.25,24,AV,1,0,0,98,615.3970356119416,0.4,-2.9371222154206307,"0.23391666666666666,0.31315021929824566,0.3752500000000001,0.4,0.98,0.030406149827330708","0,0,0"
38.45,237,AV,1,0,0,73,4577.590037133467,0.7,-31.112584810466483,"0.0801111111111111,0.2735037037037037,0.34560457516339865,0.7,0.73,0.2261741289975035","0,0,0"
22.366666666666667,126,AV,1,0,0,29,1888.2149669861096,0.7,-7.465442508361749,"0.13195833333333332,0.273347972972973,0.3224824561403509,0.7,0.29,0.09329480623074009","0,0,0"
18.183333333333334,246,AV,1,0,0,16,4754.245589533712,0.4,-8.73212447505266,"0.13699999999999998,0.2933155216284987,0.34482323232323225,0.4,0.16,0.234902502524312","0,0,0"
32.333333333333336,279,AV,1,0,0,61,8639.921150992108,0.1,-7.054481074463254,"0.15608333333333335,0.3122163120567376,0.3552962962962962,0.1,0.61,0.42688983178503276","0,0,0"
47.833333333333336,3,AV,2,0,0,95,437.5592869272848,0.2,-1.0570666275095182,"0.20411111111111108,0.3121258741258741,0.3639959349593497,0.2,0.95,0.021619365168734063","0,0,0"
40.95,176,AV,2,0,0,84,3032.1279287666234,0.1,-3.135495926338213,"0.19513333333333333,0.30707981220657277,0.3440155038759689,0.1,0.84,0.14981439747436257","0,0,0"
18.8,180,AV,1,0,0,14,3101.095365071405,0.1,-1.4722371935187482,"0.20620833333333333,0.3168295454545455,0.34420212765957436,0.1,0.14,0.15322200927639995","0,0,0"
20.783333333333335,206,AV,1,0,0,23,3539.477986656502,0.7,-13.003410498958166,"0.2562083333333333,0.32232086167800456,0.36632716049382713,0.7,0.23,0.1748820545841577","0,0,0"
27.6,92,AV,1,0,0,44,1411.5824788559885,0.2,-1.9676604250719842,"0.21811111111111114,0.3335718954248367,0.3753480392156863,0.2,0.44,0.06974487341013964","0,0,0"
39.083333333333336,259,AV,1,0,0,74,5862.871835726062,0.1,-5.786378137532667,"0.18971428571428572,0.25814052287581696,0.2904611111111111,0.1,0.74,0.28967861256961963","0,0,0"
42.56666666666667,94,AV,1,0,0,90,1434.2863071033526,0.1,-1.5417370489654727,"0.15776190476190477,0.28505102040816327,0.35644761904761907,0.1,0.9,0.07086664677496723","0,0,0"
13.633333333333333,258,AV,1,0,0,6,5844.130995646287,0.3,-6.035983780856897,"0.1887333333333333,0.287328431372549,0.3387925170068027,0.3,0.06,0.28875264647231946","0,0,0"
38.333333333333336,192,AV,1,0,0,74,3257.969850357721,0.2,-6.307517387056195,"0.18545833333333334,0.283383950617284,0.338640522875817,0.2,0.74,0.1609730201322744","0,0,0"
28.166666666666668,71,AV,1,0,0,49,1083.524948441525,0.4,-3.0827561664413765,"0.15193333333333334,0.3235103448275863,0.3751666666666667,0.4,0.49,0.053535880118764236","0,0,0"
19.383333333333333,235,AV,1,0,0,19,4569.840806868062,0.4,-8.947348246443696,"0.16216666666666668,0.24964625850340133,0.3142682926829269,0.4,0.19,0.22579124730834796","0,0,0"
27.0,297,AV,1,0,0,41,14754.343640924068,0.1,-10.059779755175503,"0.2587777777777778,0.315002380952381,0.35082269503546093,0.1,0.41,0.7289973096860264","0,0,0"
29.916666666666668,50,AV,2,0,0,18,863.5619359671642,0.1,-0.6523963278876515,"0.13533333333333333,0.2774126984126984,0.3305125,0.1,0.18,0.0426677284593794","0,0,0"
19.0,182,AV,1,0,0,13,3151.1733449572957,0.2,-3.023853209807507,"0.1545,0.3017892857142857,0.35409090909090907,0.2,0.13,0.1556963119969945","0,0,0"
35.666666666666664,189,AV,1,0,0,70,3245.380745418587,0.1,-2.9230281124561346,"0.18593333333333334,0.29321085858585855,0.3446739130434783,0.1,0.7,0.16035100509349434","0,0,0"
46.1,84,AV,1,0,0,97,1261.43865123121,0.2,-2.9369859505938787,"0.21791666666666668,0.28337931034482755,0.33339922480620154,0.2,0.97,0.06232641759345169","0,0,0"
14.9,165,AV,1,0,0,6,2744.255474143275,0.2,-2.0651215436734747,"0.16203333333333333,0.2981375291375292,0.3562658730158731,0.2,0.06,0.13559090844222083","0,0,0"
28.083333333333332,254,AV,2,0,0,17,5354.15698790508,1.0,-37.970347325842006,"0.10141666666666665,0.24781565656565654,0.33290070921985815,1.0,0.17,0.26454352255923097","0,0,0"
24.416666666666668,251,AV,1,0,0,39,5200.876525735832,0.1,-3.206769406651092,"0.17830555555555552,0.28224061032863856,0.3367,0.1,0.39,0.25697008877808486","0,0,0"
40.3,201,AV,1,0,0,76,3456.1529418207683,0.9,-31.6552189898584,"0.21822222222222223,0.34684444444444446,0.37942735042735043,0.9,0.76,0.17076504775599677","0,0,0"
55.15,51,AV,2,0,0,97,870.7377108213431,0.2,-2.4253123612018723,"0.24358333333333335,0.3070856807511737,0.34084722222222225,0.2,0.97,0.04302227629226974","0,0,0"
15.5,0,AV,1,0,0,8,388.2787303527966,0.3,-0.4559333576112383,"0.12768749999999998,0.2684956989247312,0.32449999999999996,0.3,0.08,0.01918446233354553","0,0,0"
13.8,111,AV,1,0,0,6,1628.9397076974285,0.1,-0.5676608072278918,"0.15316666666666667,0.25324396135265703,0.3203378378378378,0.1,0.06,0.0804842759157665","0,0,0"
24.683333333333334,292,AV,1,0,0,37,11662.42845360034,0.3,-21.808152196694575,"0.14605555555555555,0.2789531590413943,0.3579583333333333,0.3,0.37,0.5762288837775733","0,0,0"
45.166666666666664,269,AV,1,0,0,93,7332.887514065835,0.7,-58.54582329201551,"0.22025000000000003,0.2897083333333333,0.33426960784313736,0.7,0.93,0.3623106117141683","0,0,0"
38.016666666666666,53,AV,1,0,0,75,873.8892656114449,0.1,-0.8389484069274855,"0.19308333333333333,0.2765419664268585,0.32543877551020406,0.1,0.75,0.04317799145108845","0,0,0"
25.883333333333333,274,AV,1,0,0,44,7592.14370769901,0.1,-4.962373391437947,"0.17983333333333335,0.29189688249400475,0.33577651515151524,0.1,0.44,0.37512020001424035","0,0,0"
11.95,187,AV,1,0,0,1,3206.59631480788,0.1,-0.9676471202513679,"0.14371428571428568,0.25614801864801867,0.3268958333333334,0.1,0.01,0.15843470530673276","0,0,0"
16.583333333333332,89,AV,1,0,0,14,1348.5865378412918,0.6,-3.3884939524042554,"0.0,0.28999743589743593,0.332382882882883,0.6,0.14,0.0666323071965214","0,0,0"
46.5,70,AV,1,0,0,95,1074.3823512953045,0.1,-1.2615853367482746,"0.14508333333333334,0.31662293144208037,0.37784583333333344,0.1,0.95,0.05308415357061393","0,0,0"
42.2,295,AV,1,0,0,86,13460.811009378149,0.2,-28.68920326241202,"0.23633333333333334,0.3483381294964028,0.3951622807017543,0.2,0.86,0.6650851607394264","0,0,0"
32.166666666666664,202,AV,2,0,0,58,3487.44186130441,0.1,-2.832812623029256,"0.21487499999999998,0.3432576923076923,0.3721860465116279,0.1,0.58,0.17231100186155868","0,0,0"
28.95,186,AV,2,0,0,34,3197.7177395395383,0.8,-18.70180374942821,"0.18180555555555553,0.32031597222222224,0.3750761904761904,0.8,0.34,0.15799602381455757","0,0,0"
43.85,257,AV,1,0,0,92,5702.891177591027,0.1,-6.314943892357742,"0.22663333333333335,0.3471799516908213,0.37534649122807,0.1,0.92,0.28177412883109826","0,0,0"
33.7,273,AV,1,0,0,62,7572.106998522375,0.3,-19.331818625015455,"0.17808333333333334,0.3414494623655915,0.36244086021505373,0.3,0.62,0.37413020632558763","0,0,0"
46.71666666666667,130,AV,1,0,0,97,1986.5043233563797,0.4,-9.374026293548708,"0.18223333333333336,0.3056252955082742,0.36396774193548387,0.4,0.97,0.09815118467145603","0,0,0"
25.183333333333334,122,AV,1,0,0,41,1822.2981036688468,0.3,-3.4766318619237717,"0.1297777777777778,0.31856349206349205,0.3560875,0.3,0.41,0.09003792017801585","0,0,0"
21.6,243,AV,1,0,0,28,4687.914961676448,0.4,-10.228178098203161,"0.12319999999999999,0.3007475845410628,0.3439855072463767,0.4,0.28,0.23162517278098077","0,0,0"
21.1,114,AV,1,0,0,27,1691.6338586686718,0.1,-0.9013503640886107,"0.17186666666666667,0.3003122222222222,0.35628095238095236,0.1,0.27,0.08358193098625824","0,0,0"
18.316666666666666,108,AV,1,0,0,17,1592.2311391495805,0.1,-0.736473914951763,"0.14223333333333332,0.29260171568627447,0.369542735042735,0.1,0.17,0.07867054238989274","0,0,0"
25.216666666666665,260,AV,1,0,0,42,5882.279762541917,0.2,-7.491489293540337,"0.17838888888888887,0.31124125874125874,0.39306504065040654,0.2,0.42,0.29063753875296394","0,0,0"
30.25,162,AV,2,0,0,38,2580.565825479665,0.7,-13.798858927912097,"0.17397222222222222,0.32838321167883217,0.37066666666666664,0.7,0.38,0.12750316720456661","0,0,0"
50.18333333333333,233,AV,2,0,0,97,4459.768546990965,0.1,-5.6516679692717995,"0.210375,0.29589949109414754,0.3370982905982906,0.1,0.97,0.22035268743240086","0,0,0"
36.583333333333336,155,AV,2,0,0,67,2476.7926805910606,0.4,-9.152457801174037,"0.16496666666666665,0.27729080459770117,0.34217129629629633,0.4,0.67,0.12237584027749006","0,0,0"
33.05,121,AV,2,0,0,66,1797.659883656486,0.4,-6.001278702509785,"0.17163888888888892,0.3028950617283951,0.3648707482993197,0.4,0.66,0.08882057045771759","0,0,0"
39.03333333333333,93,AV,1,0,0,75,1421.705549214182,0.7,-9.8095289452093,"0.1736111111111111,0.3396153846153846,0.3333531746031746,0.7,0.75,0.07024504415554754","0,0,0"
29.183333333333334,76,AV,2,0,0,29,1150.4391077840953,0.1,-0.8478193929839861,"0.11519444444444446,0.25703354978354975,0.2985666666666667,0.1,0.29,0.056842041567067104","0,0,0"
29.216666666666665,161,AV,1,0,0,52,2574.4307659940623,0.2,-3.798802300326255,"0.1912857142857143,0.284935632183908,0.34550000000000003,0.2,0.52,0.12720004007342384","0,0,0"
44.233333333333334,175,AV,1,0,0,94,3017.17067826153,0.4,-13.480759225767846,"0.1615833333333333,0.29406781609195404,0.33172839506172835,0.4,0.94,0.14907537474018487","0,0,0"
35.18333333333333,98,AV,2,0,0,54,1475.2077210572677,0.2,-2.6213497467608518,"0.13266666666666668,0.317005787037037,0.36632520325203244,0.2,0.54,0.07288853276372843","0,0,0"
44.45,280,AV,1,0,0,94,8689.506535985933,0.5,-48.76875827330489,"0.12339583333333333,0.2543666666666667,0.329481981981982,0.5,0.94,0.42933979588645044","0,0,0"
37.81666666666667,261,AV,2,0,0,63,5899.132481879994,0.5,-28.167364481030532,"0.21133333333333332,0.32731494252873566,0.3693125,0.5,0.63,0.29147021469961026","0,0,0"
16.833333333333332,166,AV,1,0,0,13,2818.3733061874163,0.1,-1.198045891939937,"0.20072222222222222,0.32236267605633806,0.3714333333333333,0.1,0.13,0.13925299612805134","0,0,0"
22.216666666666665,67,AV,1,0,0,24,1022.032321197676,0.1,-0.5733876616820295,"0.17070833333333332,0.31665509259259256,0.3516309523809524,0.1,0.24,0.05049759112961852","0,0,0"
33.43333333333333,294,AV,1,0,0,65,12051.378145129962,0.6,-61.048142826087634,"0.26766666666666666,0.29013752913752916,0.32798863636363634,0.6,0.65,0.5954464976293913","0,0,0"
28.85,163,AV,1,0,0,52,2675.3892374750885,0.1,-1.9491156439685937,"0.19308333333333333,0.2752836879432624,0.33196969696969686,0.1,0.52,0.13218829681264888","0,0,0"
48.43333333333333,48,AV,1,0,0,99,859.2772315809713,0.1,-1.0509510248208342,"0.20116666666666663,0.31224342105263153,0.36682380952380944,0.1,0.99,0.042456025516412095","0,0,0"
25.833333333333332,238,AV,1,0,0,44,4617.971391102537,0.3,-9.03769653561734,"0.1549722222222222,0.3018252873563218,0.34417948717948726,0.3,0.44,0.2281693311644965","0,0,0"
13.933333333333334,49,AV,1,0,0,8,863.3540159882258,0.3,-0.9113181279875715,"0.16125,0.28194651741293525,0.32270270270270274,0.3,0.08,0.04265745534191888","0,0,0"
31.4,272,AV,1,0,0,55,7362.36439851089,0.2,-11.675668793598078,"0.2195,0.3061354166666666,0.33508914728682165,0.2,0.55,0.36376703498729634","0,0,0"
42.81666666666667,245,AV,1,0,0,89,4707.821121085941,0.4,-20.36093006745755,"0.13660000000000003,0.29182034632034637,0.3460268817204301,0.4,0.89,0.2326087161366778","0,0,0"
27.566666666666666,289,AV,1,0,0,47,10783.100237376317,0.3,-22.519252263409626,"0.27411111111111114,0.30279865771812087,0.32482894736842105,0.3,0.47,0.5327821592360418","0,0,0"
11.083333333333334,95,AV,1,0,0,1,1434.4967426379471,0.2,-0.8029800790018812,"0.12283333333333335,0.29203456790123455,0.3456,0.2,0.01,0.07087704418350775","0,0,0"
40.56666666666667,61,AV,1,0,0,81,943.1907669438916,0.4,-3.864859135928337,"0.18616666666666667,0.28479885057471266,0.33057870370370374,0.4,0.81,0.046602109070826375","0,0,0"
21.533333333333335,234,AV,1,0,0,24,4549.070920567666,0.3,-7.420959127996748,"0.13449999999999998,0.2919807256235828,0.3279065040650406,0.3,0.24,0.22476502807393375","0,0,0"
15.916666666666666,36,AV,1,0,0,9,776.0711537761008,0.1,-0.31193095616842437,"0.18183333333333337,0.2801372549019608,0.32865656565656565,0.1,0.09,0.03834489672983343","0,0,0"
40.05,222,AV,1,0,0,80,4015.909421979459,0.1,-4.061544756320134,"0.19795833333333332,0.3292747126436782,0.37013008130081304,0.1,0.8,0.19842205358736212","0,0,0"
41.31666666666667,88,AV,1,0,0,87,1338.7213376931895,0.2,-2.7935102661123037,"0.19379166666666667,0.29458789954337905,0.3415166666666667,0.2,0.87,0.06614487755935793","0,0,0"
47.71666666666667,200,AV,1,0,0,100,3438.9188747307694,0.2,-8.287562911072554,"0.2295555555555556,0.31232993197278913,0.36348888888888886,0.2,1.0,0.16991352979970423","0,0,0"
26.65,232,AV,2,0,0,15,4446.537177105173,0.5,-14.962148455789501,"0.1105,0.2718846153846154,0.3156344086021505,0.5,0.15,0.21969893872727725","0,0,0"
29.783333333333335,157,AV,1,0,0,50,2520.718778515204,0.1,-1.8958436267704843,"0.15350000000000003,0.31582697201017806,0.34592948717948724,0.1,0.5,0.12454618468528102","0,0,0"
23.85,262,AV,1,0,0,33,5913.041300376779,0.2,-7.122527020908394,"0.13933333333333336,0.2523216783216783,0.31522549019607843,0.2,0.33,0.2921574354606168","0,0,0"
31.216666666666665,80,AV,1,0,0,55,1239.4416864014672,0.4,-3.908205856279374,"0.23620833333333338,0.3343997747747748,0.34520614035087727,0.4,0.55,0.0612395696405775","0,0,0"
14.05,90,AV,1,0,0,8,1373.5659577718477,0.4,-1.9493537077469154,"0.15983333333333336,0.245830985915493,0.3077523809523809,0.4,0.08,0.06786651526229966","0,0,0"
37.78333333333333,105,AV,1,0,0,72,1552.9853059451273,0.3,-4.44522435426465,"0.1439722222222222,0.28188888888888886,0.3471666666666667,0.3,0.72,0.07673144516410514","0,0,0"
30.583333333333332,141,AV,1,0,0,56,2239.257430619588,0.3,-5.188178516650182,"0.1216,0.298945205479452,0.3330213675213675,0.3,0.56,0.11063946200143439","0,0,0"
41.516666666666666,44,AV,1,0,0,81,837.3801312568858,0.1,-0.8779098935020634,"0.17308333333333334,0.31303827160493825,0.35032407407407407,0.1,0.81,0.04137411176852384","0,0,0"
47.583333333333336,209,AV,1,0,0,100,3654.013033637752,0.4,-17.562638402417143,"0.18313333333333331,0.2605243309002433,0.32423412698412696,0.4,1.0,0.18054111629141673","0,0,0"
40.5,119,AV,2,0,0,84,1782.711710770346,0.6,-10.939367316090758,"0.1280952380952381,0.294292270531401,0.32799549549549545,0.6,0.84,0.08808199623958074","0,0,0"
19.75,193,AV,1,0,0,18,3292.2479258152307,1.0,-16.419670842134042,"0.13516666666666666,0.28726666666666667,0.34299242424242427,1.0,0.18,0.16266666543415204","0,0,0"
28.4,151,AV,1,0,0,51,2397.5381966938494,1.0,-17.1944658550771,"0.15826666666666664,0.30308150851581506,0.3594692982456141,1.0,0.51,0.11845995577949263","0,0,0"
16.8,74,AV,1,0,0,12,1148.2139867956057,0.6,-2.92272651184336,"0.1185,0.2709363425925925,0.30400000000000005,0.6,0.12,0.05673210057248192","0,0,0"
22.75,287,AV,1,0,0,29,9884.322174397852,0.3,-17.03547950511751,"0.13505555555555554,0.28832742316784876,0.32642105263157895,0.3,0.29,0.48837443728907737","0,0,0"
22.516666666666666,106,AV,1,0,0,31,1564.4426034616197,0.3,-2.6686388349452628,"0.20308333333333334,0.34695299145299147,0.38792187499999997,0.3,0.31,0.07729753873417955","0,0,0"
38.666666666666664,69,AV,1,0,0,77,1062.4074567339185,0.6,-6.224205302077502,"0.16479166666666667,0.30313510101010105,0.35648148148148145,0.6,0.77,0.052492486050087245","0,0,0"
46.8,270,AV,1,0,0,93,7334.728577480919,0.1,-8.668315591568359,"0.13854166666666667,0.320238255033557,0.3721666666666667,0.1,0.93,0.3624015768095477","0,0,0"
31.4,83,AV,1,0,0,58,1260.6549751070208,0.1,-0.9996102580394054,"0.17472222222222225,0.31077343749999997,0.3677350427350428,0.1,0.58,0.0622876969427672","0,0,0"
38.13333333333333,230,AV,1,0,0,72,4381.240268036911,0.3,-12.65691632988441,"0.12936111111111112,0.29397482014388493,0.34996875000000005,0.3,0.72,0.21647268399171962","0,0,0"
37.766666666666666,138,AV,2,0,0,79,2193.4249838744518,0.1,-2.091877530917301,"0.0,0.31447222222222226,0.35201086956521743,0.1,0.79,0.10837492681188801","0,0,0"
33.86666666666667,12,AV,1,0,0,64,541.9839687696077,0.2,-0.9270298186362314,"0.1741111111111111,0.2636690140845071,0.34791085271317823,0.2,0.64,0.02677888388271631","0,0,0"
33.583333333333336,181,AV,1,0,0,63,3119.7161673652217,0.7,-18.520032214093625,"0.17427777777777778,0.31775241545893723,0.34385416666666674,0.7,0.63,0.15414204442718335","0,0,0"
40.28333333333333,148,AV,1,0,0,78,2347.541384251396,0.9,-21.492452748998577,"0.13404166666666664,0.3033636363636364,0.3493636363636363,0.9,0.78,0.11598966346080683","0,0,0"
37.45,52,AV,1,0,0,73,871.0408974081768,0.1,-0.8237495355539451,"0.15283333333333335,0.2869714285714286,0.3400138888888889,0.1,0.73,0.0430372564372029","0,0,0"
30.4,190,AV,1,0,0,55,3251.3322332141274,0.4,-9.98388887774843,"0.11827777777777777,0.23785698198198202,0.29987179487179483,0.4,0.55,0.16064506213169047","0,0,0"
44.88333333333333,226,AV,2,0,0,95,4196.147454418583,0.1,-4.75598699273958,"0.2042142857142857,0.30832648401826485,0.32817129629629627,0.1,0.95,0.207327433856992","0,0,0"
36.983333333333334,15,AV,1,0,0,72,548.7192496267361,0.3,-1.5373838572244034,"0.13191666666666665,0.282705596107056,0.3429115646258504,0.3,0.72,0.02711166734935643","0,0,0"
37.36666666666667,167,AV,2,0,0,65,2857.6088215719105,0.3,-8.089342143894223,"0.19914285714285712,0.31764611872146115,0.34832432432432436,0.3,0.65,0.14119158356071124","0,0,0"
37.416666666666664,87,AV,2,0,0,81,1301.8927857652438,0.3,-3.690340030357288,"0.18683333333333332,0.2792008830022075,0.3612083333333333,0.3,0.81,0.06432521577510636","0,0,0"
42.95,127,AV,1,0,0,89,1921.5023446668008,0.2,-4.168107358759551,"0.11299999999999999,0.3140158730158731,0.37095,0.2,0.89,0.09493950214987396","0,0,0"
42.016666666666666,43,AV,1,0,0,86,832.3173438658397,0.1,-0.8831111211640497,"0.1161,0.24927311827956988,0.3073518518518519,0.1,0.86,0.04112396452528438","0,0,0"
36.61666666666667,199,AV,1,0,0,69,3414.9419898187493,0.1,-3.15767152846456,"0.2492222222222222,0.3089235159817351,0.3845833333333332,0.1,0.69,0.16872885598290138","0,0,0"
37.8,276,AV,2,0,0,72,7864.29237148983,0.7,-52.54777175495476,"0.14456666666666668,0.29337878787878785,0.33554301075268816,0.7,0.72,0.38856679232403757","0,0,0"
43.71666666666667,296,AV,1,0,0,91,14297.77376075636,0.2,-31.568232806787826,"0.14,0.30979259259259256,0.3674912280701755,0.2,0.91,0.7064386501870882","0,0,0"
45.8,64,AV,1,0,0,97,954.0002559944874,0.5,-5.516819662190343,"0.09391666666666668,0.29713422818791946,0.33528070175438596,0.5,0.97,0.04713619507483592","0,0,0"
16.883333333333333,253,AV,1,0,0,15,5341.061461458292,0.3,-6.831433409668244,"0.15145833333333333,0.2859351230425055,0.3440270270270269,0.3,0.15,0.26389648574207625","0,0,0"
27.6,56,AV,1,0,0,48,904.859336063587,0.1,-0.6306595372564394,"0.2084,0.3108848920863309,0.36301282051282047,0.1,0.48,0.044708191546047354","0,0,0"
31.55,30,AV,1,0,0,59,720.4688823460104,0.5,-2.870049651264726,"0.2145,0.3023702380952381,0.3564074074074074,0.5,0.59,0.035597644309025005","0,0,0"
36.666666666666664,109,AV,1,0,0,64,1594.6992934726818,0.5,-7.3828670994105625,"0.19358333333333333,0.30298792270531405,0.3548208333333333,0.5,0.64,0.07879249141759738","0,0,0"
41.28333333333333,58,AV,2,0,0,70,926.7012599248138,0.2,-1.9321877279745485,"0.15183333333333332,0.2676597701149425,0.32698148148148154,0.2,0.7,0.04578737908028891","0,0,0"
39.05,242,AV,1,0,0,77,4669.869929992837,0.5,-23.025053127048015,"0.17172222222222222,0.3288070776255708,0.37225,0.5,0.77,0.23073358587812023","0,0,0"
22.333333333333332,118,AV,1,0,0,30,1751.9448432672848,0.1,-0.9880497011692597,"0.10250000000000002,0.3047528344671202,0.3449078947368421,0.1,0.3,0.08656183619837181","0,0,0"
12.65,21,AV,1,0,0,5,591.6693204447811,0.1,-0.1890054773643051,"0.12204166666666667,0.2799253246753246,0.3331777777777778,0.1,0.05,0.02923378723751827","0,0,0"
18.366666666666667,54,AV,1,0,0,17,877.2934597877683,0.1,-0.40689284203961307,"0.12370833333333332,0.2655487012987013,0.3595677083333333,0.1,0.17,0.04334618926839462","0,0,0"
22.416666666666668,77,AV,2,0,0,9,1167.011530479414,0.8,-5.284951207053239,"0.16922222222222222,0.30361458333333335,0.362447619047619,0.8,0.09,0.05766086833794136","0,0,0"
33.15,115,AV,2,0,0,39,1697.366940102563,0.4,-5.683607481252521,"0.2693333333333333,0.28059592326139093,0.31834,0.4,0.39,0.08386519678534977","0,0,0"
12.166666666666666,231,AV,1,0,0,5,4416.224882412617,1.0,-13.56836769428119,"0.11636111111111111,0.23779999999999998,0.3078717948717949,1.0,0.05,0.21820123867235977","0,0,0"
16.5,204,AV,1,0,0,11,3531.3895067900216,0.6,-8.828473766975055,"0.1585,0.30701307189542487,0.35385294117647065,0.6,0.11,0.17448241091273348","0,0,0"
19.8,236,AV,1,0,0,21,4572.8741748457805,0.2,-4.57287417484578,"0.1695833333333333,0.3221588888888889,0.3445350877192982,0.2,0.21,0.22594112297539634","0,0,0"
23.883333333333333,284,AV,1,0,0,30,8987.822610831106,0.6,-32.524115659901454,"0.12758333333333335,0.2934367396593675,0.33495390070921977,0.6,0.3,0.4440792937110115","0,0,0"
29.95,229,AV,2,0,0,41,4245.708624069837,0.1,-3.211085184113425,"0.13520000000000001,0.2999988738738739,0.3373918918918919,0.1,0.41,0.20977620150263931","0,0,0"
33.3,140,AV,1,0,0,61,2222.040577514192,0.5,-9.342670610002854,"0.11016666666666666,0.28156512141280354,0.3167444444444445,0.5,0.61,0.1097887945708426","0,0,0"
25.266666666666666,218,AV,1,0,0,42,3933.772930850901,0.1,-2.5099325602567193,"0.09416666666666668,0.271922149122807,0.33547685185185183,0.1,0.42,0.19436377200486682","0,0,0"
43.583333333333336,91,AV,1,0,0,88,1386.7650627050614,0.2,-3.052517372873515,"0.22287500000000002,0.3501469135802469,0.3665905797101449,0.2,0.88,0.0685186697885022","0,0,0"
29.183333333333334,1,AV,1,0,0,52,417.8295094645922,0.1,-0.3079206528082916,"0.252,0.35351876379690955,0.3678476190476191,0.1,0.52,0.020644536667985786","0,0,0"
