travel_time,id,kind,action,origin,destination,start_time,income,urgency,reward,observation,cost_table
13.666666666666666,109,AV,1,0,0,7,1659.6531244520008,0.2,-1.6455518199079466,"0.31639130434782614,0.3136816666666667,0.39907843137254906,0.2,0.07,0.07981669628967558","0,0,0"
25.516666666666666,84,AV,0,0,0,59,1444.5182772575097,0.5,-4.653950931147405,"0.25994086021505375,0.289445652173913,0.3302647058823529,0.5,0.59,0.06947034589460839","0,0,0"
18.35,174,AV,1,0,0,16,2758.442965787371,0.1,-1.7782178894494511,"0.22107638888888886,0.2635690235690236,0.3625196078431373,0.1,0.16,0.13266013312591463","0,0,0"
44.833333333333336,6,AV,2,0,0,96,508.6019702527906,0.2,-1.1516324073905781,"0.2584090909090909,0.260768115942029,0.36486666666666673,0.2,0.96,0.024459887668034006","0,0,0"
15.95,121,AV,1,0,0,15,1822.2981036688468,0.1,-1.2339811806443968,"0.32516666666666666,0.2883948412698413,0.3734333333333333,0.1,0.15,0.08763868313616077","0,0,0"
39.45,235,AV,1,0,0,90,4381.240268036911,0.3,-13.593933982883042,"0.24217156862745096,0.2451136363636364,0.3101388888888889,0.3,0.9,0.2107043445969861","0,0,0"
44.05,131,AV,1,0,0,100,1975.501985353583,0.1,-2.697496526637003,"0.3089022988505747,0.29730645161290326,0.3718888888888889,0.1,1.0,0.09500662497573499","0,0,0"
40.45,187,AV,1,0,0,88,2968.817229463249,0.4,-12.630167366847317,"0.20741666666666667,0.2702326388888889,0.3271555555555556,0.4,0.88,0.14277753565032827","0,0,0"
37.833333333333336,278,AV,1,0,0,85,7332.887514065835,0.1,-7.505746909482091,"0.2170701754385965,0.24894897959183676,0.3537608695652174,0.1,0.85,0.3526561345942708","0,0,0"
27.583333333333332,199,AV,2,0,0,26,3387.2787239910285,0.1,-2.359405003453347,"0.26434090909090907,0.2764982638888889,0.3670916666666667,0.1,0.26,0.16290235180953377","0,0,0"
5.4,99,AV,0,0,0,2,1581.4824060924602,0.2,-0.4313133834797619,"0.2301372549019608,0.24488666666666667,0.3239420289855072,0.2,0.02,0.0760572790993459","0,0,0"
17.183333333333334,149,AV,1,0,0,15,2193.4249838744518,0.1,-1.4517765818074746,"0.2895555555555555,0.2742471264367816,0.3888921568627452,0.1,0.15,0.10548706425018813","0,0,0"
13.933333333333334,94,AV,0,0,0,18,1519.7273932229994,0.1,-0.5347188976154998,"0.3025833333333333,0.3170703703703704,0.3851372549019609,0.1,0.18,0.07308733252801383","0,0,0"
25.483333333333334,198,AV,1,0,0,40,3366.895459871004,0.2,-4.833319156685829,"0.3282866666666667,0.2858406593406593,0.3628888888888889,0.2,0.4,0.16192207178734694","0,0,0"
40.65,258,AV,1,0,0,88,5168.6614957092925,0.1,-5.805709338398553,"0.3318939393939393,0.2683574074074074,0.36323809523809525,0.1,0.88,0.24857331857425743","0,0,0"
28.216666666666665,74,AV,1,0,0,45,1301.8927857652438,0.3,-3.2829602099754513,"0.3308030303030302,0.27955860805860805,0.359484126984127,0.3,0.45,0.06261114419162438","0,0,0"
42.86666666666667,178,AV,1,0,0,95,2835.850686157305,0.1,-3.569784496968261,"0.2955555555555556,0.288828231292517,0.3657460317460317,0.1,0.95,0.13638285591431848","0,0,0"
26.116666666666667,202,AV,2,0,0,10,3458.1247672483346,0.2,-4.561348072624698,"0.28906,0.27242375886524817,0.3604761904761905,0.2,0.1,0.16630950781983606","0,0,0"
15.65,76,AV,1,0,0,12,1317.647826688136,0.2,-1.5414741660439055,"0.27515333333333325,0.29989795918367346,0.3739901960784314,0.2,0.12,0.06336884186823323","0,0,0"
38.9,157,AV,1,0,0,87,2302.618320259251,0.1,-2.761915471163759,"0.24698333333333333,0.2495071684587813,0.3361274509803922,0.1,0.87,0.11073843349034766","0,0,0"
15.716666666666667,41,AV,1,0,0,11,912.6272274022258,0.2,-1.2244170668689385,"0.2909871794871795,0.288307560137457,0.3596764705882353,0.2,0.11,0.04389043057374056","0,0,0"
29.116666666666667,30,AV,0,0,0,70,827.3783452591958,0.8,-4.866767572955606,"0.3267604166666666,0.2751373626373626,0.3782745098039215,0.8,0.7,0.03979060752349248","0,0,0"
43.483333333333334,136,AV,1,0,0,99,2043.1688306873104,0.2,-4.987060167729961,"0.27660555555555555,0.2661264367816092,0.38547826086956527,0.2,0.99,0.09826088573860729","0,0,0"
33.71666666666667,169,AV,1,0,0,72,2612.3907844155665,0.1,-2.7242704363942307,"0.29050666666666664,0.29361244979919676,0.36225000000000007,0.1,0.72,0.12563613369419777","0,0,0"
44.78333333333333,184,AV,1,0,0,100,2909.8477340427667,0.3,-10.37217280476378,"0.2932333333333333,0.24614901960784316,0.324359649122807,0.3,1.0,0.13994155128890565","0,0,0"
33.65,216,AV,2,0,0,38,3758.845856207275,0.4,-12.776279097108565,"0.2555277777777778,0.23724712643678164,0.32937777777777777,0.4,0.38,0.18077190569786353","0,0,0"
24.366666666666667,91,AV,1,0,0,33,1475.2077210572677,1.0,-9.577246162397833,"0.2816376811594203,0.26454761904761903,0.34029166666666666,1.0,0.33,0.07094627479744654","0,0,0"
24.383333333333333,226,AV,1,0,0,40,4015.909421979459,0.4,-10.391036168949407,"0.27599358974358973,0.2824552845528456,0.3557272727272727,0.4,0.4,0.19313470865595408","0,0,0"
43.766666666666666,15,AV,2,0,0,82,616.3739675020589,0.3,-2.043684392247988,"0.2219855072463768,0.23962820512820515,0.3149935897435898,0.3,0.82,0.02964290130277584","0,0,0"
15.6,154,AV,0,0,0,22,2260.56382504795,0.2,-1.781050286401415,"0.2633589743589744,0.2587380952380952,0.33635,0.2,0.22,0.10871593202757703","0,0,0"
20.566666666666666,151,AV,0,0,0,43,2215.952556227922,0.2,-2.301755432984222,"0.3654807692307692,0.30875,0.34836666666666666,0.2,0.43,0.10657046919438351","0,0,0"
38.05,119,AV,2,0,0,78,1805.1606101798543,0.2,-3.469008142290073,"0.2841587301587301,0.2899775641025641,0.34696666666666665,0.2,0.78,0.08681450000245393","0,0,0"
21.9,132,AV,2,0,0,9,1993.780724220221,0.2,-2.2052423161829715,"0.2878,0.2855041152263375,0.3716018518518519,0.2,0.09,0.09588569333476842","0,0,0"
34.63333333333333,66,AV,1,0,0,74,1194.3606142611325,0.1,-1.544562860452287,"0.23442105263157897,0.2421930693069307,0.341325,0.1,0.74,0.05743966435173499","0,0,0"
31.2,13,AV,2,0,0,46,610.4868582393152,0.3,-1.4429689376565633,"0.2752698412698413,0.2734018518518518,0.3661014492753623,0.3,0.46,0.029359776109248604","0,0,0"
37.81666666666667,122,AV,1,0,0,77,1824.367004680513,0.1,-2.242209062971416,"0.27837878787878784,0.22929471544715443,0.31661904761904763,0.1,0.77,0.08773818154415255","0,0,0"
37.78333333333333,225,AV,1,0,0,80,3942.222625638348,0.3,-11.784114510507743,"0.3317654320987654,0.29092574257425746,0.4086388888888889,0.3,0.8,0.18959093402168548","0,0,0"
41.5,110,AV,1,0,0,90,1684.196745492046,0.6,-11.090024990593925,"0.3175641025641026,0.29252304964539005,0.3804083333333334,0.6,0.9,0.08099705784688291","0,0,0"
16.15,293,AV,1,0,0,17,13430.196447392702,0.3,-16.931641865560007,"0.32629861111111114,0.3173561403508772,0.3802380952380952,0.3,0.17,0.6458903340456582","0,0,0"
19.95,125,AV,1,0,0,26,1885.557658153182,0.2,-2.399842185866464,"0.30199242424242423,0.2769121863799283,0.36506666666666665,0.2,0.26,0.09068098671954573","0,0,0"
15.516666666666667,96,AV,1,0,0,13,1546.5147326922538,0.3,-2.3179358789602125,"0.2935873015873016,0.26711052631578946,0.3454920634920635,0.3,0.13,0.07437559988179109","0,0,0"
15.566666666666666,259,AV,1,0,0,16,5304.212874057136,0.8,-17.180588634240284,"0.29130357142857144,0.27864232209737827,0.3726159420289854,0.8,0.16,0.25509230922226356","0,0,0"
19.833333333333332,231,AV,1,0,0,25,4223.122456076251,0.5,-11.075580224601723,"0.29459166666666664,0.2833297491039426,0.3590925925925926,0.5,0.25,0.20310008007368746","0,0,0"
41.86666666666667,179,AV,1,0,0,90,2838.632091159661,0.8,-24.50890172724939,"0.3379565217391305,0.32563440860215054,0.4009444444444445,0.8,0.9,0.13651662034681394","0,0,0"
32.78333333333333,72,AV,1,0,0,65,1291.2118623687816,0.2,-2.6378903478782774,"0.40748000000000006,0.311553872053872,0.38987499999999997,0.2,0.65,0.062097472987522495","0,0,0"
41.6,159,AV,1,0,0,94,2397.5381966938494,0.4,-10.57450393762264,"0.30626984126984125,0.3185949820788531,0.35617948717948716,0.4,0.94,0.11530335783364105","0,0,0"
32.96666666666667,114,AV,1,0,0,63,1778.835052690156,0.9,-13.82778687204973,"0.18361111111111106,0.24808245614035085,0.3268968253968254,0.9,0.63,0.08554844085078303","0,0,0"
44.06666666666667,14,AV,1,0,0,98,615.3970356119416,0.3,-2.5544315178762296,"0.35511111111111116,0.33027840909090905,0.4029266666666666,0.3,0.98,0.029595918306859183","0,0,0"
40.56666666666667,40,AV,0,0,0,100,902.2448599555772,0.3,-2.7728080670857005,"0.29326282051282054,0.2636148148148148,0.34518055555555555,0.3,1.0,0.04339111764078622","0,0,0"
40.733333333333334,223,AV,0,0,0,100,3919.41152379869,0.1,-4.0315832340757565,"0.3121666666666667,0.29675946969696976,0.34584523809523815,0.1,1.0,0.18849389346499082","0,0,0"
33.016666666666666,1,AV,1,0,0,60,419.7646265090227,0.8,-3.29984419230429,"0.249536231884058,0.24468199233716478,0.33610555555555555,0.8,0.6,0.02018748689927752","0,0,0"
40.583333333333336,240,AV,1,0,0,88,4572.8741748457805,0.5,-23.93213092539873,"0.2588888888888889,0.2737414965986395,0.3089888888888889,0.5,0.88,0.21992047844641197","0,0,0"
24.6,28,AV,2,0,0,0,813.126641713825,0.3,-1.5153723777394013,"0.28223655913978496,0.2659021739130435,0.33896874999999993,0.3,0.0,0.03910520894427614","0,0,0"
18.35,51,AV,1,0,0,19,968.7072844723906,0.2,-1.3977665994984025,"0.2857126436781609,0.2908851851851852,0.3486031746031746,0.2,0.19,0.04658745492005087","0,0,0"
25.933333333333334,145,AV,2,0,0,25,2123.4400354784907,0.2,-2.781205972394387,"0.3021666666666667,0.2608092592592593,0.34669135802469137,0.2,0.25,0.1021213203554731","0,0,0"
22.633333333333333,35,AV,1,0,0,34,859.2772315809713,0.3,-1.9733566672815137,"0.3190114942528735,0.2916282051282051,0.3680763888888889,0.3,0.34,0.041324701415771756","0,0,0"
34.333333333333336,247,AV,2,0,0,62,4818.617258984985,0.1,-4.177757387840518,"0.29145238095238096,0.2654372937293729,0.35007333333333335,0.1,0.62,0.23173885231203734","0,0,0"
38.96666666666667,155,AV,1,0,0,88,2276.662146114732,0.2,-4.9805017656702395,"0.3067681159420291,0.28522222222222227,0.3453425925925926,0.2,0.88,0.1094901388690128","0,0,0"
17.033333333333335,17,AV,0,0,0,31,632.5893922142865,0.1,-0.2720986358766839,"0.31642361111111106,0.29036413043478265,0.391,0.1,0.31,0.030422739939172414","0,0,0"
33.983333333333334,25,AV,1,0,0,73,753.7709081553346,0.1,-1.146859798707377,"0.33432183908045976,0.3054156626506024,0.38023809523809526,0.1,0.73,0.036250649465136044","0,0,0"
31.45,210,AV,1,0,0,61,3628.2404526711953,0.2,-6.2630384967933885,"0.2301746031746032,0.2570084175084175,0.3155,0.2,0.61,0.17449077883210845","0,0,0"
14.333333333333334,105,AV,1,0,0,10,1597.8734280578535,0.4,-2.813419441295882,"0.28925000000000006,0.28729400749063666,0.37334,0.4,0.1,0.07684556262848466","0,0,0"
21.0,38,AV,1,0,0,29,877.2934597877683,0.5,-2.826156900952416,"0.26155072463768114,0.24451754385964913,0.3247045454545454,0.5,0.29,0.04219114500803879","0,0,0"
31.65,59,AV,2,0,0,25,1040.734547163155,0.2,-1.663598404935043,"0.2983103448275862,0.2591896551724138,0.33253472222222213,0.2,0.25,0.05005141860382586","0,0,0"
34.083333333333336,173,AV,2,0,0,36,2750.2432356670683,0.9,-21.30396748840589,"0.24383333333333332,0.2859126984126984,0.3496416666666667,0.9,0.36,0.13226578845290615","0,0,0"
30.483333333333334,200,AV,0,0,0,72,3414.9419898187493,0.2,-5.257515908567756,"0.24867741935483875,0.24842441860465114,0.33173809523809517,0.2,0.72,0.1642327445611401","0,0,0"
31.316666666666666,98,AV,1,0,0,60,1579.1767070066765,0.3,-4.246556859173667,"0.30146666666666666,0.28316843971631206,0.3678083333333334,0.3,0.6,0.0759463925044581","0,0,0"
30.816666666666666,224,AV,1,0,0,59,3933.772930850901,0.1,-3.56125679677749,"0.2555539215686275,0.28235777777777776,0.34976515151515153,0.1,0.59,0.1891845679487672","0,0,0"
12.633333333333333,153,AV,1,0,0,3,2225.3307045190536,0.4,-3.3397317744536066,"0.2777430555555556,0.25378114478114483,0.36998039215686274,0.4,0.03,0.10702148682143131","0,0,0"
26.783333333333335,291,AV,1,0,0,45,11185.875164713363,0.2,-15.631061775837017,"0.27701234567901234,0.23509959349593498,0.31900641025641024,0.2,0.45,0.5379555448075637","0,0,0"
45.5,246,AV,2,0,0,99,4735.166802079286,0.3,-16.321976476864204,"0.17558333333333334,0.25252891156462587,0.305625,0.3,0.99,0.22772551984156938","0,0,0"
26.133333333333333,97,AV,1,0,0,43,1567.0706205360798,0.2,-2.5683221658253985,"0.2635705128205128,0.25426811594202897,0.33211363636363644,0.2,0.43,0.07536418179256658","0,0,0"
18.883333333333333,142,AV,0,0,0,39,2105.6010448069283,0.3,-3.012179272432133,"0.21392028985507244,0.2534418604651163,0.30742857142857144,0.3,0.39,0.10126340054104405","0,0,0"
20.583333333333332,266,AV,1,0,0,27,5557.427333357366,0.1,-3.388645941370516,"0.25494047619047616,0.2568015873015873,0.3195138888888889,0.1,0.27,0.26726999942532587","0,0,0"
30.283333333333335,137,AV,1,0,0,57,2044.1603053436156,0.2,-3.626464036034806,"0.34335057471264363,0.2884024822695035,0.34470588235294114,0.2,0.57,0.09830856813100321","0,0,0"
27.716666666666665,255,AV,1,0,0,51,5003.647877951615,0.4,-14.508529328339284,"0.25769166666666665,0.2496168384879725,0.34023913043478254,0.4,0.51,0.24063741822365012","0,0,0"
33.35,195,AV,1,0,0,72,3274.575105225111,0.4,-11.531018157500755,"0.24710144927536226,0.2607807017543859,0.356219696969697,0.4,0.72,0.15748216467690215","0,0,0"
34.45,42,AV,2,0,0,51,923.9636394510808,0.2,-1.60760340298433,"0.35674999999999996,0.31896250000000004,0.39790104166666673,0.2,0.51,0.04443562579808411","0,0,0"
22.766666666666666,93,AV,2,0,0,12,1517.942512651984,0.3,-2.618067515508346,"0.2319404761904762,0.2463827838827839,0.34223015873015866,0.3,0.12,0.07300149334369807","0,0,0"
25.116666666666667,124,AV,1,0,0,43,1880.1756700095973,0.2,-2.8850376554751374,"0.29217391304347823,0.2676957364341086,0.3456746031746032,0.2,0.43,0.0904221540112152","0,0,0"
10.716666666666667,2,AV,0,0,0,7,449.0833195935783,0.1,-0.12153222832435642,"0.2629166666666667,0.28101356589147286,0.3587083333333333,0.1,0.07,0.021597493115072083","0,0,0"
19.383333333333333,253,AV,1,0,0,20,4951.479839002994,0.1,-2.923641015471583,"0.303287356321839,0.2855549019607843,0.34390384615384617,0.1,0.2,0.23812853220437127","0,0,0"
18.983333333333334,148,AV,1,0,0,20,2187.718469250836,0.5,-5.743710724908884,"0.2377066666666667,0.27430268199233715,0.39284848484848484,0.5,0.2,0.10521262428567076","0,0,0"
22.683333333333334,296,AV,1,0,0,33,14312.770160915026,0.4,-33.2940743922649,"0.3063333333333333,0.2922434456928839,0.38544047619047617,0.4,0.33,0.6883354191104801","0,0,0"
24.15,283,AV,0,0,0,49,8436.938288223368,0.5,-25.72627015916595,"0.2545,0.2563731060606061,0.35991666666666666,0.5,0.49,0.4057525822983113","0,0,0"
33.016666666666666,87,AV,1,0,0,72,1460.106853854364,0.1,-1.7173702346319426,"0.2821916666666667,0.253415857605178,0.32654901960784316,0.1,0.72,0.07022003790282866","0,0,0"
20.816666666666666,172,AV,1,0,0,28,2747.619709803412,0.1,-1.944350596609622,"0.24647222222222218,0.2586122448979592,0.31614583333333335,0.1,0.28,0.13213961680656489","0,0,0"
12.6,233,AV,1,0,0,0,4266.216809230351,0.1,-1.857432621118748,"0.3303709677419354,0.2846666666666667,0.3401666666666667,0.1,0.0,0.20517259079705716","0,0,0"
33.95,113,AV,0,0,0,86,1717.0377309640771,0.3,-4.416169012593214,"0.28434057971014487,0.28695833333333337,0.34530158730158733,0.3,0.86,0.08257645954513855","0,0,0"
13.966666666666667,262,AV,1,0,0,6,5394.467136051333,0.2,-4.305188097652371,"0.2526794871794872,0.26047537878787874,0.3323703703703703,0.2,0.06,0.2594328529854781","0,0,0"
36.06666666666667,90,AV,1,0,0,79,1474.807688008607,0.1,-1.8432171030516105,"0.28539855072463766,0.2735833333333334,0.33341176470588235,0.1,0.79,0.07092703624941481","0,0,0"
37.8,130,AV,1,0,0,81,1945.516475481125,0.8,-15.356671267310409,"0.20852777777777778,0.24079649122807015,0.30446875,0.8,0.81,0.09356454994251304","0,0,0"
29.45,49,AV,1,0,0,56,950.4213588862824,0.2,-1.913631768646516,"0.3469444444444445,0.2749912280701754,0.3297051282051282,0.2,0.56,0.04570804093445438","0,0,0"
15.383333333333333,205,AV,1,0,0,11,3487.44186130441,0.1,-1.8547596119461156,"0.2233571428571428,0.23801449275362316,0.3125530303030303,0.1,0.11,0.16771943713451876","0,0,0"
38.88333333333333,133,AV,1,0,0,87,2011.9739719035176,1.0,-20.255619850382605,"0.31660897435897434,0.27913108614232207,0.37080666666666673,1.0,0.87,0.09676065021790628","0,0,0"
22.9,250,AV,1,0,0,34,4889.272753955773,0.1,-3.3273824764037165,"0.3863125,0.29233152173913046,0.36525694444444445,0.1,0.34,0.2351368443985718","0,0,0"
26.45,243,AV,1,0,0,43,4662.282088415262,0.3,-9.842224336256338,"0.2713266666666667,0.2736723484848485,0.3505882352941176,0.3,0.43,0.2242203192855181","0,0,0"
43.28333333333333,138,AV,1,0,0,96,2052.607856914241,0.1,-2.743528032157527,"0.32420138888888894,0.31107613168724274,0.37879333333333337,0.1,0.96,0.09871483113148809","0,0,0"
34.78333333333333,71,AV,1,0,0,77,1275.9312017726234,0.1,-1.6207358662034783,"0.28431944444444446,0.29763,0.39871875,0.1,0.77,0.06136258939772906","0,0,0"
32.88333333333333,248,AV,1,0,0,71,4843.3187157075145,0.2,-8.543659786271823,"0.28382291666666665,0.26150766283524907,0.3433571428571428,0.2,0.71,0.2329268045654853","0,0,0"
34.3,58,AV,1,0,0,73,1022.032321197676,0.8,-7.581961336783896,"0.22140123456790126,0.23007792207792202,0.33737878787878794,0.8,0.73,0.049151983735277405","0,0,0"
43.25,33,AV,2,0,0,90,854.5785374972068,0.5,-4.6667325437820955,"0.3050333333333333,0.31884574468085114,0.41439682539682543,0.5,0.9,0.04109872995636468","0,0,0"
15.533333333333333,107,AV,1,0,0,14,1626.914224999384,0.2,-1.7763333819018736,"0.2727536231884058,0.2701507092198581,0.32298809523809524,0.2,0.14,0.07824220415275356","0,0,0"
18.066666666666666,61,AV,1,0,0,15,1074.3823512953045,0.1,-0.9901643387222685,"0.24322222222222223,0.23335283687943265,0.3084649122807018,0.1,0.15,0.0516696221450731","0,0,0"
38.63333333333333,0,AV,1,0,0,85,388.2787303527966,0.3,-1.6364016375729573,"0.3561730769230768,0.3151541218637992,0.37265079365079357,0.3,0.85,0.01867325469383425","0,0,0"
31.533333333333335,143,AV,2,0,0,37,2108.868816674547,0.1,-1.6792844280926948,"0.2219320987654321,0.25030769230769234,0.31597619047619047,0.1,0.37,0.10142055552171977","0,0,0"
40.85,19,AV,1,0,0,90,640.5426603936758,0.3,-2.482285430081944,"0.2957447916666667,0.29546934865900387,0.34476190476190477,0.3,0.9,0.03080523166677017","0,0,0"
27.2,65,AV,1,0,0,49,1150.4391077840953,0.1,-1.2902005992860452,"0.2576376811594203,0.25030615942028983,0.3331066666666666,0.1,0.49,0.05532737384270454","0,0,0"
26.45,150,AV,1,0,0,45,2198.5025098873134,0.3,-4.905332680796928,"0.2738095238095238,0.27153191489361705,0.35308666666666666,0.3,0.45,0.10573125464497639","0,0,0"
13.366666666666667,282,AV,1,0,0,6,8348.421721831439,0.3,-8.953831087006078,"0.3023888888888889,0.29210815602836876,0.3530614035087719,0.3,0.06,0.4014956084811817","0,0,0"
7.033333333333333,83,AV,0,0,0,3,1434.2863071033526,0.7,-1.783199390228663,"0.29640151515151514,0.29732745098039215,0.37289130434782614,0.7,0.03,0.06897826592789302","0,0,0"
15.616666666666667,214,AV,0,0,0,27,3724.6301341612702,0.3,-4.406538428925645,"0.332025641025641,0.3032056737588652,0.3636,0.3,0.27,0.17912638962306346","0,0,0"
26.566666666666666,10,AV,2,0,0,14,583.3206434887895,0.7,-2.7393483754410406,"0.23202298850574712,0.25872463768115944,0.3065175438596491,0.7,0.14,0.028053287735180215","0,0,0"
18.583333333333332,20,AV,1,0,0,18,646.5589615252754,0.7,-2.6239026492865216,"0.27166666666666667,0.2497462962962963,0.3481190476190477,0.7,0.18,0.031094570006892704","0,0,0"
28.6,12,AV,1,0,0,54,597.1498506777683,0.4,-2.225099568624664,"0.3217741935483871,0.2890877192982456,0.35745454545454547,0.4,0.54,0.02871836745206032","0,0,0"
20.333333333333332,75,AV,2,0,0,3,1310.9401185904849,0.3,-2.0193774554045345,"0.3203793103448276,0.25356782945736434,0.3365942028985507,0.3,0.03,0.06304625211008313","0,0,0"
38.916666666666664,152,AV,1,0,0,88,2218.0502812558643,0.3,-7.0393275337530845,"0.2565347222222223,0.2587255892255892,0.35382352941176465,0.3,0.88,0.10667135381839783","0,0,0"
28.55,251,AV,1,0,0,54,4934.883137056144,0.4,-14.731405410399287,"0.2640396825396826,0.2642982456140351,0.32984027777777775,0.4,0.54,0.23733035703199037","0,0,0"
14.05,289,AV,1,0,0,9,10838.007207066395,0.6,-23.571818372618612,"0.286580459770115,0.2862921146953405,0.3486388888888889,0.6,0.09,0.5212257410218565","0,0,0"
19.25,241,AV,1,0,0,21,4617.1597275219765,0.5,-11.722263226615915,"0.24791269841269836,0.24817017543859649,0.2806309523809524,0.5,0.21,0.2220502768096353","0,0,0"
10.516666666666667,103,AV,0,0,0,13,1594.6992934726818,0.8,-3.3880648288931394,"0.3691216216216216,0.28690823970037455,0.365047619047619,0.8,0.13,0.07669291088913349","0,0,0"
35.63333333333333,55,AV,0,0,0,89,1014.5614647146556,0.1,-0.9129345166498039,"0.21538333333333334,0.2645885416666667,0.32589814814814816,0.1,0.89,0.04879269234230884","0,0,0"
28.7,158,AV,1,0,0,51,2352.9451803313505,0.1,-2.2052910776643877,"0.26612698412698416,0.28149290780141845,0.3607391304347826,0.1,0.51,0.11315877280487406","0,0,0"
33.35,275,AV,1,0,0,72,7081.334819999852,0.3,-18.391099715681445,"0.23816666666666667,0.2726577060931899,0.32813043478260867,0.3,0.72,0.34055836266392014","0,0,0"
29.85,77,AV,1,0,0,57,1323.5149786113286,0.1,-1.497649548271418,"0.26541269841269843,0.26438070175438594,0.3339824561403508,0.1,0.57,0.06365100726547157","0,0,0"
41.63333333333333,272,AV,1,0,0,94,5985.732437913218,0.1,-6.793080652317854,"0.32051149425287356,0.29205925925925924,0.33899999999999997,0.1,0.94,0.2878682183820371","0,0,0"
19.783333333333335,88,AV,1,0,0,25,1460.8215047913693,0.1,-1.2297959285300317,"0.2569095238095238,0.2627911646586345,0.3521969696969697,0.1,0.25,0.07025440717912602","0,0,0"
41.15,45,AV,1,0,0,92,943.1907669438916,0.3,-3.440325762101601,"0.43327999999999994,0.32206140350877194,0.383632183908046,0.3,0.92,0.04536030443906415","0,0,0"
26.4,80,AV,1,0,0,42,1391.0507319816634,0.3,-3.2821014639633264,"0.2990694444444444,0.3004282945736434,0.3748933333333333,0.3,0.42,0.06689896350164852","0,0,0"
35.416666666666664,160,AV,1,0,0,78,2401.1770329784995,0.1,-2.647517337996343,"0.3025833333333333,0.32362087912087906,0.38615333333333335,0.1,0.78,0.11547835819142706","0,0,0"
33.95,197,AV,0,0,0,87,3361.758609282253,0.2,-5.764227514400631,"0.23122988505747125,0.2721450980392157,0.3391794871794872,0.2,0.87,0.16167502833152653","0,0,0"
40.55,123,AV,1,0,0,90,1830.3424648913517,0.2,-4.248504391482037,"0.23514062500000002,0.2619128787878788,0.33298148148148143,0.2,0.9,0.08802555574651609","0,0,0"
36.016666666666666,167,AV,1,0,0,76,2496.2043409386315,0.8,-18.66261811706526,"0.2734933333333333,0.23374719101123595,0.3249935897435898,0.8,0.76,0.1200484491742544","0,0,0"
23.033333333333335,106,AV,1,0,0,35,1614.9493849180149,0.5,-5.1966751893028125,"0.3598580246913581,0.27862352941176466,0.37903703703703706,0.5,0.35,0.07766678631823196","0,0,0"
14.316666666666666,196,AV,1,0,0,7,3278.222126324269,0.8,-9.981457260985009,"0.2663095238095238,0.2807971887550201,0.33674166666666666,0.8,0.07,0.1576575586620336","0,0,0"
17.833333333333332,192,AV,1,0,0,20,3230.862018062417,0.3,-4.864927221372204,"0.2865972222222222,0.26617241379310347,0.33949122807017545,0.3,0.2,0.15537989755219744","0,0,0"
13.95,156,AV,0,0,0,20,2293.603195459698,0.1,-0.80797385294603,"0.3788425925925927,0.31816501650165013,0.4057631578947368,0.1,0.2,0.11030487453303418","0,0,0"
27.033333333333335,22,AV,1,0,0,45,736.5379020629116,0.3,-2.008414743871266,"0.3307708333333333,0.2769803921568627,0.32271428571428573,0.3,0.45,0.03542187290142414","0,0,0"
25.516666666666666,126,AV,0,0,0,60,1899.102970895097,0.1,-1.2237065018688524,"0.37007936507936506,0.3184807017543859,0.3530625,0.1,0.6,0.09133241327208338","0,0,0"
27.016666666666666,164,AV,1,0,0,41,2436.431929205765,0.4,-7.1489160896339135,"0.3431388888888889,0.29458620689655174,0.35477777777777775,0.4,0.41,0.11717385064309511","0,0,0"
28.316666666666666,176,AV,1,0,0,50,2793.3389947689566,0.7,-14.481978394270708,"0.2250526315789474,0.2644642857142857,0.33860869565217394,0.7,0.5,0.1343383667916745","0,0,0"
27.233333333333334,116,AV,1,0,0,44,1794.439334206041,0.4,-5.436218639886651,"0.25011999999999995,0.2671511627906976,0.33388888888888885,0.4,0.44,0.08629888814619799","0,0,0"
28.55,168,AV,1,0,0,46,2520.757475212996,0.1,-2.317364290841693,"0.2300714285714286,0.24430691056910572,0.33288235294117646,0.1,0.46,0.12122926824569963","0,0,0"
19.4,227,AV,1,0,0,20,4021.28082322038,0.4,-8.380085653583372,"0.2957173913043478,0.2882953795379538,0.3580625,0.4,0.2,0.1933930322147629","0,0,0"
39.8,92,AV,2,0,0,72,1507.5005543882637,0.1,-1.5151141935518408,"0.24480666666666664,0.24271264367816092,0.3294761904761904,0.1,0.72,0.07249931454553503","0,0,0"
17.183333333333334,43,AV,0,0,0,36,926.7012599248138,0.1,-0.4021165820633346,"0.25519333333333327,0.24124719101123598,0.31261538461538463,0.1,0.36,0.04456728452766382","0,0,0"
24.533333333333335,244,AV,1,0,0,35,4705.31956239884,0.1,-3.415080132933962,"0.29732638888888885,0.2693125,0.35103703703703704,0.1,0.35,0.2262900945532605","0,0,0"
40.583333333333336,242,AV,1,0,0,90,4656.548587392589,0.4,-19.588713485355143,"0.3272430555555556,0.2833595505617977,0.3902156862745098,0.4,0.9,0.22394458148039434","0,0,0"
29.05,89,AV,2,0,0,27,1467.6871321740252,0.2,-2.153349049982598,"0.3251234567901235,0.2842340425531915,0.38562280701754387,0.2,0.27,0.07058459165416232","0,0,0"
13.15,100,AV,1,0,0,6,1587.6148581174584,0.3,-2.081601165473074,"0.3188933333333333,0.290887037037037,0.40008000000000005,0.3,0.06,0.07635220341429991","0,0,0"
16.483333333333334,237,AV,1,0,0,17,4429.527615460413,1.0,-18.937722271424025,"0.25465476190476194,0.27157037037037035,0.34315909090909086,1.0,0.17,0.21302659886033296","0,0,0"
31.516666666666666,26,AV,1,0,0,64,776.0711537761008,0.3,-2.352967868422483,"0.28028787878787886,0.26954509803921567,0.3366304347826087,0.3,0.64,0.03732312172194307","0,0,0"
38.983333333333334,213,AV,1,0,0,89,3667.3634505223554,0.3,-11.330761503499733,"0.28147222222222223,0.3138569023569024,0.3960797101449276,0.3,0.89,0.1763722975611855","0,0,0"
28.933333333333334,268,AV,0,0,0,70,5578.433439706214,0.1,-4.075825105778614,"0.24714743589743587,0.27370238095238103,0.32708333333333334,0.1,0.7,0.2682802334230043","0,0,0"
22.766666666666666,46,AV,1,0,0,35,946.1123250925148,0.5,-3.219674739217961,"0.27912962962962967,0.27094270833333334,0.32820512820512826,0.5,0.35,0.04550080917225548","0,0,0"
31.3,297,AV,1,0,0,60,17322.90883950548,0.2,-27.884194276591995,"0.3033181818181819,0.3028920187793428,0.36616111111111105,0.2,0.6,0.833100202280572","0,0,0"
34.983333333333334,270,AV,2,0,0,34,5862.871835726062,0.1,-5.179363629288303,"0.3082463768115942,0.2721460674157304,0.3343030303030303,0.1,0.34,0.2819595575743898","0,0,0"
42.05,85,AV,1,0,0,94,1446.9812594843625,0.1,-2.0365040899322584,"0.2202,0.22822222222222222,0.2829876543209876,0.1,0.94,0.06958879661269593","0,0,0"
44.233333333333334,298,AV,1,0,0,100,18628.94525544202,0.4,-83.73437829620053,"0.26370454545454547,0.3099592592592592,0.3973988095238096,0.4,1.0,0.8959106235777834","0,0,0"
25.816666666666666,62,AV,2,0,0,21,1117.0806745336297,0.2,-1.4565302734449432,"0.2254423076923077,0.2255749063670412,0.3261190476190476,0.2,0.21,0.05372308684066549","0,0,0"
31.9,5,AV,2,0,0,44,477.1303205766694,0.1,-0.3843549804645393,"0.2211866666666667,0.232621568627451,0.337025,0.1,0.44,0.022946340609962184","0,0,0"
25.133333333333333,18,AV,1,0,0,38,636.6552097563458,0.1,-0.904072414272967,"0.25161261261261264,0.26008974358974357,0.35225833333333334,0.1,0.38,0.030618274848933116","0,0,0"
30.366666666666667,190,AV,1,0,0,60,3031.4508351358254,0.4,-9.798490608783627,"0.2665185185185185,0.3122112403100774,0.3689035087719298,0.4,0.6,0.14578973585520302","0,0,0"
30.016666666666666,292,AV,1,0,0,60,11662.42845360034,0.1,-9.340081500393188,"0.3211481481481481,0.28567375886524826,0.39654385964912287,0.1,0.6,0.5608741345806508","0,0,0"
33.25,79,AV,2,0,0,48,1386.7650627050614,0.1,-1.1643923821955378,"0.28733333333333333,0.29367324561403507,0.3343115942028985,0.1,0.48,0.06669285539507566","0,0,0"
25.066666666666666,3,AV,1,0,0,38,457.16351791608827,0.3,-1.3681489027093394,"0.2649102564102564,0.2815964912280701,0.33040350877192987,0.3,0.38,0.021986089217454062","0,0,0"
21.166666666666668,39,AV,1,0,0,30,892.1845339920479,0.1,-0.9768831473779045,"0.2829506172839506,0.30082007575757574,0.36540000000000006,0.1,0.3,0.042907292454561666","0,0,0"
17.2,264,AV,1,0,0,18,5458.612723313221,0.1,-2.8709125969946316,"0.22061403508771932,0.23703030303030304,0.3315933333333333,0.1,0.18,0.2625177680086071","0,0,0"
29.7,56,AV,1,0,0,56,1017.530975349866,0.1,-1.2631482315123996,"0.23101587301587304,0.23477551020408163,0.34654761904761905,0.1,0.56,0.048935503225503364","0,0,0"
10.916666666666666,252,AV,1,0,0,0,4950.268578812107,0.3,-4.593972120103447,"0.33172222222222225,0.2995543478260869,0.3696349206349206,0.3,0.0,0.238070279798878","0,0,0"
27.25,222,AV,1,0,0,49,3882.59008652233,0.5,-13.858659072946146,"0.26208333333333333,0.27374431818181816,0.3384122807017544,0.5,0.49,0.18672306229989","0,0,0"
23.9,245,AV,0,0,0,58,4717.175795221327,0.1,-2.846982361257316,"0.3200989583333333,0.31654878048780477,0.3780897435897436,0.1,0.58,0.2268602892044136","0,0,0"
37.15,273,AV,1,0,0,81,6434.117121135291,0.5,-30.680233718456574,"0.23982666666666672,0.2566192982456141,0.3675166666666666,0.5,0.81,0.3094321123996473","0,0,0"
43.55,166,AV,1,0,0,100,2458.2611968747465,0.6,-16.72079926119624,"0.326578947368421,0.26877614379084963,0.33056140350877194,0.6,1.0,0.1182236724414522","0,0,0"
5.333333333333333,232,AV,0,0,0,1,4245.708624069837,0.1,-0.571812609302335,"0.3484343434343434,0.3071910569105691,0.38081250000000005,0.1,0.01,0.2041863030226467","0,0,0"
29.466666666666665,81,AV,1,0,0,52,1404.912317929139,0.8,-8.863249084507467,"0.2908636363636364,0.28517602996254676,0.35040804597701153,0.8,0.52,0.06756560039062387","0,0,0"
32.166666666666664,57,AV,1,0,0,65,1020.7360413649084,0.1,-1.329133232253482,"0.26114880952380953,0.2710020325203251,0.36392777777777785,0.1,0.65,0.04908964253144747","0,0,0"
37.63333333333333,191,AV,0,0,0,91,3032.1279287666234,0.1,-2.8815424508228262,"0.2623950617283951,0.2721022727272727,0.36264393939393935,0.1,0.91,0.1458222989106348","0,0,0"
38.766666666666666,108,AV,2,0,0,75,1635.9686818612918,0.8,-12.812333851883382,"0.2805454545454546,0.25216845878136207,0.32010714285714287,0.8,0.75,0.07867765468320913","0,0,0"
35.9,212,AV,1,0,0,79,3651.018124108644,0.5,-17.04943821407832,"0.3220072463768116,0.3017298245614035,0.36909848484848484,0.5,0.79,0.17558621164064137","0,0,0"
18.966666666666665,257,AV,0,0,0,39,5051.78348307234,0.1,-2.4195831665556913,"0.2887826086956522,0.28477898550724634,0.3170520833333333,0.1,0.39,0.24295237483598997","0,0,0"
46.833333333333336,69,AV,2,0,0,84,1240.6560786390864,0.2,-2.9345484688348766,"0.29552688172043007,0.27079310344827584,0.3478863636363637,0.2,0.84,0.05966612418566248","0,0,0"
15.683333333333334,112,AV,1,0,0,7,1716.9764066453156,0.1,-1.179997810880994,"0.2535448717948718,0.2340797101449275,0.3132380952380952,0.1,0.07,0.08257351031167907","0,0,0"
39.43333333333333,24,AV,0,0,0,94,753.5670156580491,0.3,-2.251186311927959,"0.2820789473684211,0.29428853046594977,0.38218,0.3,0.94,0.03624084378629158","0,0,0"
35.63333333333333,50,AV,1,0,0,80,954.0002559944874,0.1,-1.358439624291336,"0.31022435897435896,0.2913611111111111,0.3710333333333333,0.1,0.8,0.045880158673594545","0,0,0"
22.1,54,AV,1,0,0,33,985.8695826897422,0.1,-1.0501948933697804,"0.27944444444444444,0.267262962962963,0.3362254901960784,0.1,0.33,0.04741283097259167","0,0,0"
32.3,163,AV,2,0,0,12,2421.0391237858234,0.1,-1.9747364570273256,"0.2766369047619047,0.27100401606425706,0.37547701149425294,0.1,0.12,0.11643357373995898","0,0,0"
22.15,230,AV,0,0,0,48,4200.245935785981,0.3,-7.048139960428746,"0.2835466666666666,0.26629749103942657,0.3288787878787878,0.3,0.48,0.2019998933869206","0,0,0"
18.833333333333332,128,AV,1,0,0,24,1927.298426803608,0.3,-3.249807098848582,"0.25414492753623186,0.24087137681159418,0.3044130434782609,0.3,0.24,0.0926884003201249","0,0,0"
14.983333333333333,208,AV,1,0,0,10,3564.273841812899,0.4,-5.894414450824573,"0.35158928571428577,0.3128817204301075,0.3780087719298246,0.4,0.1,0.17141447121316408","0,0,0"
23.866666666666667,104,AV,2,0,0,2,1596.1763216794554,0.9,-8.658047320624926,"0.2605123456790124,0.25872222222222224,0.3378235294117647,0.9,0.02,0.07676394471545202","0,0,0"
15.483333333333333,280,AV,1,0,0,9,8139.327108000771,0.2,-6.864844177889491,"0.2316304347826087,0.24836315789473687,0.33284848484848484,0.2,0.09,0.39143974738464077","0,0,0"
12.333333333333334,144,AV,0,0,0,17,2113.1349678504243,0.3,-1.9743937830925682,"0.3002583333333333,0.28763553113553114,0.3692753623188406,0.3,0.17,0.10162572495605159","0,0,0"
40.083333333333336,170,AV,2,0,0,82,2629.980017260476,0.2,-5.324159883427143,"0.33988888888888896,0.28832771535580526,0.3630079365079365,0.2,0.82,0.12648204205617194","0,0,0"
32.78333333333333,209,AV,1,0,0,68,3580.4564780460023,0.5,-15.320618460261965,"0.31595238095238093,0.296247191011236,0.3711159420289855,0.5,0.68,0.17219273297301851","0,0,0"
35.516666666666666,281,AV,0,0,0,89,8333.728817076937,0.2,-14.948801438712923,"0.28,0.2851296296296297,0.3792115384615385,0.2,0.89,0.4007889914784327","0,0,0"
28.633333333333333,37,AV,2,0,0,29,873.8892656114449,0.4,-2.527511377643876,"0.30770000000000003,0.2711882716049383,0.34392156862745105,0.4,0.29,0.04202742915158692","0,0,0"
14.116666666666667,162,AV,1,0,0,4,2411.397471856681,0.5,-4.798092716040844,"0.27176785714285717,0.2734115646258503,0.37226190476190474,0.5,0.04,0.11596988359144483","0,0,0"
12.633333333333333,217,AV,1,0,0,2,3759.463069718096,0.2,-2.898714652227539,"0.2983266666666667,0.2715289855072464,0.3431818181818182,0.2,0.02,0.18080158897481655","0,0,0"
37.68333333333333,207,AV,0,0,0,90,3531.3895067900216,0.2,-6.720935753242625,"0.3006896551724138,0.28640636704119854,0.3936515151515152,0.2,0.9,0.16983298473111647","0,0,0"
34.666666666666664,21,AV,1,0,0,69,676.2529471816457,0.4,-2.8680237881108135,"0.33944086021505376,0.29444259259259253,0.36235964912280705,0.4,0.69,0.03252262494189429","0,0,0"
28.733333333333334,32,AV,2,0,0,28,849.0657401736111,0.2,-1.2321459057738262,"0.25975362318840584,0.2684565217391305,0.33213333333333334,0.2,0.28,0.040833606321069346","0,0,0"
24.05,267,AV,2,0,0,12,5568.958209200236,0.4,-13.528630801137945,"0.30659027777777775,0.27067078189300414,0.3246111111111111,0.4,0.12,0.2678245468795767","0,0,0"
38.61666666666667,82,AV,1,0,0,88,1421.705549214182,0.2,-3.272804509704764,"0.16421568627450978,0.23667313915857607,0.33125833333333327,0.2,0.88,0.06837322712988189","0,0,0"
38.68333333333333,115,AV,2,0,0,61,1782.711710770346,0.1,-1.7414452359839951,"0.3184130434782609,0.27193085106382975,0.33791304347826084,0.1,0.61,0.08573487862868172","0,0,0"
15.8,203,AV,1,0,0,14,3465.4556083993225,0.2,-3.2653635662984493,"0.2361428571428571,0.2825833333333333,0.36311403508771933,0.2,0.14,0.1666620655399256","0,0,0"
33.5,165,AV,1,0,0,72,2456.6540037696086,0.1,-2.5782300284414617,"0.26063793103448274,0.2485340909090909,0.33048550724637676,0.1,0.72,0.11814637867321734","0,0,0"
36.1,215,AV,1,0,0,82,3742.7752140142647,0.5,-17.55987187195896,"0.25227777777777777,0.2599784946236559,0.3482416666666667,0.5,0.82,0.17999902999980277","0,0,0"
31.9,139,AV,1,0,0,62,2078.9202215407213,0.3,-5.524057202056743,"0.32534782608695645,0.29356493506493503,0.36124603174603176,0.3,0.62,0.09998025580674873","0,0,0"
13.383333333333333,234,AV,1,0,0,0,4304.4895651906745,0.2,-3.409516094989993,"0.24361538461538465,0.2388019607843137,0.3309803921568627,0.2,0.0,0.207013219355909","0,0,0"
22.383333333333333,117,AV,1,0,0,29,1797.659883656486,0.2,-2.5322030502951693,"0.28398076923076926,0.26674901960784314,0.3239540229885058,0.2,0.29,0.08645377208765831","0,0,0"
20.65,288,AV,1,0,0,25,10450.70686878338,0.4,-22.29869665054311,"0.28021212121212125,0.2895329861111111,0.3782272727272727,0.4,0.25,0.5025995395474784","0,0,0"
34.31666666666667,260,AV,1,0,0,73,5307.329693361759,0.6,-28.09543393593905,"0.28840123456790123,0.27981007751937986,0.3610192307692308,0.6,0.73,0.25524220453241103","0,0,0"
22.066666666666666,220,AV,1,0,0,28,3863.855435177377,0.3,-6.959273480018745,"0.2936159420289855,0.26922607260726067,0.35381250000000003,0.3,0.28,0.18582206801713178","0,0,0"
35.55,135,AV,2,0,0,65,2035.9911412414244,0.1,-1.8277647745235515,"0.2959444444444444,0.25509756097560976,0.3269513888888889,0.1,0.65,0.09791569345106042","0,0,0"
22.2,78,AV,0,0,0,49,1338.7213376931895,0.1,-0.7504952953734548,"0.3005864197530865,0.31302688172043014,0.37273333333333325,0.1,0.49,0.06438231751737097","0,0,0"
34.43333333333333,276,AV,2,0,0,61,7099.697064525982,0.2,-12.34677957517734,"0.2638444444444445,0.28717965367965365,0.347,0.2,0.61,0.3414414470102487","0,0,0"
29.083333333333332,175,AV,1,0,0,56,2767.495209174315,0.2,-4.565049781152508,"0.23180645161290317,0.24009126984126986,0.3094466666666667,0.2,0.56,0.13309547720505432","0,0,0"
19.733333333333334,177,AV,1,0,0,25,2813.5576138103806,0.1,-1.902042177925712,"0.3272222222222222,0.2912256944444444,0.3650434782608696,0.1,0.25,0.13531072863744203","0,0,0"
40.68333333333333,294,AV,1,0,0,89,13748.957190518822,0.4,-57.00034427955631,"0.318968253968254,0.28425903614457837,0.3558214285714286,0.4,0.89,0.6612203021265304","0,0,0"
17.75,286,AV,1,0,0,18,8987.822610831106,0.1,-4.528632609652832,"0.2650166666666667,0.28499444444444444,0.37077222222222217,0.1,0.18,0.4322459296252377","0,0,0"
43.61666666666667,239,AV,1,0,0,98,4459.768546990965,0.1,-5.4121272253684145,"0.2863101851851852,0.2635337552742616,0.36168,0.1,0.98,0.21448095773323778","0,0,0"
43.43333333333333,271,AV,1,0,0,99,5912.288420941998,0.5,-32.92302951383596,"0.19855555555555557,0.2291353135313531,0.321984126984127,0.5,0.99,0.28433611958951305","0,0,0"
23.866666666666667,211,AV,1,0,0,39,3630.005597296026,0.1,-2.687781151232285,"0.33968,0.2885806451612903,0.3720075757575757,0.1,0.39,0.17457566886747292","0,0,0"
30.166666666666668,118,AV,1,0,0,54,1804.2001824470888,0.5,-7.372058775734913,"0.27304597701149425,0.26693678160919543,0.3420888888888889,0.5,0.54,0.08676831073101827","0,0,0"
8.933333333333334,140,AV,0,0,0,7,2088.64210540395,0.6,-2.8270509305467613,"0.16890196078431374,0.23111434108527135,0.3209814814814815,0.6,0.07,0.10044780450125744","0,0,0"
36.15,101,AV,2,0,0,73,1588.8002265047048,0.8,-11.60305619962527,"0.27616666666666667,0.3017555555555555,0.38710833333333333,0.8,0.73,0.07640921062090368","0,0,0"
23.85,70,AV,1,0,0,27,1244.4027248274256,0.2,-1.9989396458148536,"0.28367204301075266,0.26167054263565886,0.36478260869565227,0.2,0.27,0.05984630938009477","0,0,0"
32.36666666666667,290,AV,0,0,0,75,11049.706566164488,0.3,-27.094103726630603,"0.3857373737373737,0.32142827004219404,0.3964318181818182,0.3,0.75,0.5314068705608562","0,0,0"
33.71666666666667,285,AV,1,0,0,67,8689.506535985933,0.3,-22.695545103913563,"0.2744126984126984,0.26093666666666665,0.34539473684210525,0.3,0.67,0.4178991946398128","0,0,0"
21.566666666666666,68,AV,1,0,0,27,1234.5997004771,0.1,-1.1723787931049525,"0.2862063492063492,0.2995238095238096,0.35986666666666667,0.1,0.27,0.059374858445099786","0,0,0"
18.616666666666667,44,AV,1,0,0,18,938.3100494872764,0.6,-3.146697791104262,"0.2093819444444444,0.23821929824561408,0.308719298245614,0.6,0.18,0.04512557903941836","0,0,0"
32.93333333333333,102,AV,1,0,0,68,1592.6375082496468,0.1,-1.824516715615026,"0.2241133333333333,0.2508614457831325,0.3235733333333334,0.1,0.68,0.07659375469647073","0,0,0"
26.633333333333333,180,AV,1,0,0,37,2853.537244729806,0.3,-6.257515804391704,"0.3026616161616162,0.27905555555555556,0.39010185185185187,0.3,0.37,0.13723344490378397","0,0,0"
39.28333333333333,279,AV,1,0,0,88,7592.14370769901,0.3,-23.094296362432534,"0.3095833333333334,0.30331122448979597,0.3770075757575757,0.3,0.88,0.36512438628106175","0,0,0"
26.133333333333333,256,AV,1,0,0,40,5009.92015912814,0.2,-7.112419873327378,"0.33753623188405796,0.3180222222222222,0.394235294117647,0.2,0.4,0.24093906725761643","0,0,0"
22.866666666666667,182,AV,1,0,0,31,2872.269398564857,0.8,-13.768530689666612,"0.32257246376811594,0.27970350877192984,0.3274696969696969,0.8,0.31,0.13813431907530546","0,0,0"
39.11666666666667,53,AV,1,0,0,88,979.5720138781878,0.3,-3.4028478744597304,"0.3086510416666666,0.3041493506493506,0.38103763440860206,0.3,0.88,0.04710996579565228","0,0,0"
34.483333333333334,181,AV,1,0,0,74,2857.712092786687,0.1,-2.9884706733904283,"0.3405507246376811,0.27255197132616493,0.34877083333333336,0.1,0.74,0.13743422335230565","0,0,0"
39.2,63,AV,0,0,0,96,1129.1321270070612,0.1,-1.117726751986788,"0.30640579710144933,0.2752735507246377,0.3718030303030303,0.1,0.96,0.05430267007269716","0,0,0"
15.8,16,AV,1,0,0,14,626.2908344343901,0.5,-1.7494185838463845,"0.27215217391304347,0.2665262172284644,0.33105555555555555,0.5,0.14,0.03011982720037529","0,0,0"
12.183333333333334,284,AV,0,0,0,16,8493.635575370567,0.9,-23.51836214240865,"0.19959333333333334,0.2349367816091954,0.30491666666666667,0.9,0.16,0.40847929071828354","0,0,0"
27.5,204,AV,0,0,0,62,3476.696831582168,0.3,-7.243118399129517,"0.23308974358974358,0.2328028673835125,0.33646031746031746,0.3,0.62,0.16720268290357254","0,0,0"
35.65,221,AV,1,0,0,74,3866.930621896856,0.3,-10.943642172016887,"0.22496527777777775,0.2551684210526316,0.3638650793650794,0.3,0.74,0.18596996111648273","0,0,0"
35.88333333333333,274,AV,1,0,0,77,6995.337061486569,0.1,-6.838788170614724,"0.28247101449275364,0.2808172043010753,0.32903030303030306,0.1,0.77,0.3364225243542649","0,0,0"
42.21666666666667,219,AV,1,0,0,94,3778.090807703549,0.3,-12.583212141304408,"0.17423333333333332,0.2691953405017921,0.3356666666666666,0.3,0.94,0.18169744153788722","0,0,0"
37.9,29,AV,1,0,0,86,822.5771428470101,0.1,-1.2872644877247899,"0.27692753623188404,0.26753065134099613,0.38615,0.1,0.86,0.039559706192899544","0,0,0"
23.9,95,AV,2,0,0,4,1541.4014724042315,0.3,-2.7908708477622066,"0.2955396825396825,0.2515822222222222,0.3465576923076923,0.3,0.04,0.07412969094006937","0,0,0"
42.85,206,AV,1,0,0,94,3523.1638559153366,0.2,-8.124624809392534,"0.303921875,0.26317901234567903,0.3316851851851852,0.2,0.94,0.16943739346690792","0,0,0"
27.483333333333334,11,AV,1,0,0,44,588.8906571209208,1.0,-4.587039956196962,"0.3572017543859649,0.30249652777777775,0.40453999999999996,1.0,0.44,0.02832116303987798","0,0,0"
26.5,64,AV,2,0,0,21,1135.438045570021,0.2,-1.519651929677048,"0.30111904761904756,0.3023293650793651,0.36295833333333327,0.2,0.21,0.0546059368091927","0,0,0"
30.616666666666667,218,AV,0,0,0,74,3773.692032315799,0.9,-26.258607058197438,"0.30561363636363637,0.28365463917525774,0.34598412698412695,0.9,0.74,0.18148589388735847","0,0,0"
34.583333333333336,48,AV,2,0,0,36,948.3478854920526,0.7,-5.797454981806424,"0.22420833333333332,0.22935975609756099,0.3085877192982456,0.7,0.36,0.04560832262962691","0,0,0"
38.416666666666664,287,AV,2,0,0,65,10071.894878668398,0.7,-68.39647469163071,"0.2845866666666667,0.2545769230769231,0.36171527777777773,0.7,0.65,0.48438156307972796","0,0,0"
37.833333333333336,4,AV,1,0,0,84,473.5024380788758,0.7,-3.6666471974214385,"0.3107,0.26575095785440617,0.3418055555555556,0.7,0.84,0.022771867046038015","0,0,0"
29.616666666666667,228,AV,1,0,0,56,4113.319853961603,0.3,-9.729001743042637,"0.28740579710144937,0.2568388278388279,0.3529102564102564,0.3,0.56,0.19781940978440954","0,0,0"
25.116666666666667,249,AV,1,0,0,36,4864.205776554158,0.6,-19.011005316331097,"0.29900574712643674,0.2850074906367041,0.3686018518518519,0.6,0.36,0.23393131337965753","0,0,0"
22.25,229,AV,1,0,0,31,4159.866430607663,0.2,-5.174597377829318,"0.3015,0.3060478927203065,0.36490579710144927,0.2,0.31,0.20005794620912742","0,0,0"
34.2,295,AV,1,0,0,75,14297.77376075636,0.9,-111.63269604951535,"0.34294202898550724,0.23991967871485945,0.33065277777777774,0.9,0.75,0.6876142062863859","0,0,0"
34.86666666666667,120,AV,1,0,0,74,1809.16611953512,0.3,-5.278756972307413,"0.31290277777777775,0.24843439716312063,0.3091893939393939,0.3,0.74,0.08700713454697676","0,0,0"
22.383333333333333,189,AV,2,0,0,3,3024.224513765153,0.1,-1.709399630465741,"0.32931111111111117,0.28514336917562727,0.36414393939393946,0.1,0.03,0.1454422047418416","0,0,0"
28.533333333333335,188,AV,1,0,0,49,2971.291490045772,0.1,-2.640930568585169,"0.29843589743589743,0.25489236111111113,0.35268518518518527,0.1,0.49,0.14289652877156978","0,0,0"
43.61666666666667,186,AV,1,0,0,96,2965.4163440895786,0.6,-20.097208516369765,"0.20738690476190477,0.22732558139534886,0.30920000000000003,0.6,0.96,0.14261397892212588","0,0,0"
30.716666666666665,129,AV,1,0,0,61,1929.5758599688188,0.2,-3.4934413383186307,"0.22750641025641025,0.22348659003831417,0.3143020833333333,0.2,0.61,0.09279792753915007","0,0,0"
7.016666666666667,67,AV,0,0,0,4,1200.7903182940884,0.1,-0.21276629798056026,"0.29233333333333333,0.270410394265233,0.35897916666666674,0.1,0.04,0.057748884228147654","0,0,0"
43.583333333333336,238,AV,1,0,0,95,4446.537177105173,0.3,-15.18143272491165,"0.3299509803921568,0.29217901234567895,0.37129411764705883,0.3,0.95,0.21384462944504845","0,0,0"
48.63333333333333,86,AV,2,0,0,100,1457.5875839824732,0.4,-7.160337660035113,"0.3387847222222222,0.28597670250896057,0.35003623188405797,0.4,1.0,0.07009888017699192","0,0,0"
23.133333333333333,7,AV,1,0,0,33,541.9839687696077,0.4,-1.766454122310127,"0.23201010101010097,0.26003909465020575,0.3137051282051282,0.4,0.33,0.026065307980208553","0,0,0"
41.81666666666667,171,AV,1,0,0,93,2744.8905386527767,0.4,-12.094158857710129,"0.2516287878787879,0.2730803212851406,0.3305866666666666,0.4,0.93,0.13200836442518263","0,0,0"
13.983333333333333,299,AV,1,0,0,2,20793.30768626012,0.3,-22.527253975722523,"0.22657333333333338,0.23455430711610487,0.321575,0.3,0.02,1.0","0,0,0"
23.55,127,AV,1,0,0,36,1921.5023446668008,0.1,-1.6427116216389688,"0.2763958333333333,0.2752569444444444,0.32573188405797104,0.1,0.36,0.09240965283924012","0,0,0"
42.11666666666667,141,AV,1,0,0,98,2105.159940183184,0.2,-4.9778949232684395,"0.3197866666666667,0.299037037037037,0.3719533333333333,0.2,0.98,0.10124218676253416","0,0,0"
37.81666666666667,36,AV,1,0,0,83,863.3540159882258,0.1,-1.3244740161099684,"0.3174677419354839,0.27454814814814815,0.3072631578947369,0.1,0.83,0.04152076374836295","0,0,0"
20.983333333333334,254,AV,1,0,0,26,4968.170350229253,0.4,-11.030179244004428,"0.33515972222222223,0.30354432624113475,0.3820984848484848,0.4,0.26,0.23893121888982288","0,0,0"
30.55,261,AV,1,0,0,56,5370.167679594476,0.2,-8.785789020788448,"0.3331086956521739,0.3016140350877193,0.3549090909090909,0.2,0.56,0.2582642338882426","0,0,0"
20.95,60,AV,1,0,0,26,1062.4074567339185,0.1,-1.0620564701660502,"0.2342803030303031,0.26116838487972505,0.375921052631579,0.1,0.26,0.05109372076651086","0,0,0"
28.533333333333335,277,AV,1,0,0,52,7128.986247371214,0.5,-26.183553147094944,"0.19566666666666666,0.23322471910112363,0.32272807017543853,0.5,0.52,0.34285003400790975","0,0,0"
19.966666666666665,263,AV,1,0,0,22,5427.330032863625,0.4,-11.446029258199701,"0.29723809523809525,0.2806052631578948,0.34464705882352936,0.4,0.22,0.26101330845259973","0,0,0"
42.233333333333334,269,AV,2,0,0,65,5702.616109653807,0.2,-12.16366096116393,"0.2798083333333333,0.2788666666666667,0.3804777777777778,0.2,0.65,0.27425247563772664","0,0,0"
9.066666666666666,147,AV,0,0,0,4,2158.6935677652164,0.2,-0.9884926774951832,"0.21570666666666669,0.20894308943089432,0.2944019607843137,0.2,0.04,0.10381674721197177","0,0,0"
26.766666666666666,193,AV,1,0,0,47,3236.647802754315,0.2,-4.875468325945648,"0.1650634920634921,0.22109574468085108,0.3192608695652173,0.2,0.47,0.1556581498042776","0,0,0"
37.21666666666667,111,AV,2,0,0,53,1697.366940102563,0.1,-1.5952105964852792,"0.24609420289855066,0.2677962962962963,0.3736172839506173,0.1,0.53,0.08163044406947123","0,0,0"
24.216666666666665,52,AV,1,0,0,36,978.4447105201264,0.3,-2.295050712608262,"0.29467391304347823,0.2793443223443224,0.37401282051282053,0.3,0.36,0.04705575107546101","0,0,0"
36.083333333333336,9,AV,1,0,0,76,567.9518330451218,0.6,-3.6050901983401227,"0.23989215686274507,0.28488118811881186,0.3614924242424242,0.6,0.76,0.02731416480795959","0,0,0"
41.916666666666664,185,AV,1,0,0,92,2953.464044858564,0.2,-6.752493327288963,"0.20454861111111114,0.25384259259259256,0.3266602564102564,0.2,0.92,0.14203916420715332","0,0,0"
36.8,34,AV,2,0,0,69,857.6590975250949,0.8,-6.376132280590604,"0.2532407407407407,0.24815917602996254,0.35643749999999996,0.8,0.69,0.041246881470994735","0,0,0"
19.766666666666666,73,AV,1,0,0,22,1293.252850487379,0.6,-4.373226971409171,"0.2254,0.27230952380952383,0.3605694444444445,0.6,0.22,0.06219562899759039","0,0,0"
17.183333333333334,134,AV,1,0,0,17,2022.4315636845977,0.1,-1.3775786793597729,"0.20266111111111113,0.22069713261648743,0.2947352941176471,0.1,0.17,0.09726358086938654","0,0,0"
27.166666666666668,194,AV,0,0,0,71,3256.7228478661937,1.0,-22.341995968105625,"0.3110980392156862,0.27629797979797976,0.3719791666666667,1.0,0.71,0.15662360683568316","0,0,0"
19.883333333333333,161,AV,1,0,0,26,2403.836358207942,0.6,-7.741860543793116,"0.30677314814814816,0.26401801801801805,0.34755,0.6,0.26,0.11560625151506597","0,0,0"
30.916666666666668,236,AV,1,0,0,65,4412.688598555705,0.2,-7.390182954815517,"0.2577803030303031,0.2627829457364341,0.3451979166666666,0.2,0.65,0.21221677018089516","0,0,0"
20.483333333333334,8,AV,0,0,0,46,566.7055292848979,0.2,-0.5862635483932152,"0.29999999999999993,0.3013417508417508,0.3621583333333333,0.2,0.46,0.027254227073231246","0,0,0"
36.85,146,AV,1,0,0,84,2133.445027811215,0.1,-2.4852891231021026,"0.23825641025641023,0.25753508771929823,0.33671666666666666,0.1,0.84,0.10260248441477932","0,0,0"
46.78333333333333,201,AV,2,0,0,83,3438.9188747307694,0.4,-16.250917982103147,"0.29355128205128206,0.2865833333333333,0.33944166666666675,0.4,0.83,0.16538585041970746","0,0,0"
32.43333333333333,27,AV,1,0,0,67,801.7987355487146,0.4,-3.1267682481107717,"0.2355486111111111,0.2964408602150538,0.38885833333333336,0.4,0.67,0.03856042278826712","0,0,0"
32.25,31,AV,0,0,0,80,845.7864251007381,0.6,-4.132820031742242,"0.2603636363636364,0.25045698924731186,0.3278733333333333,0.6,0.8,0.040675896199988425","0,0,0"
41.38333333333333,47,AV,1,0,0,92,946.2003450753726,0.3,-3.466433657603725,"0.2509516129032258,0.2502274509803922,0.34711764705882353,0.3,0.92,0.04550504226418034","0,0,0"
26.733333333333334,23,AV,1,0,0,46,741.34301771214,0.2,-1.5009378791332262,"0.31677272727272726,0.28682130584192445,0.36583333333333334,0.2,0.46,0.03565296242896494","0,0,0"
22.666666666666668,265,AV,1,0,0,29,5502.789496653042,0.1,-3.6497448297340647,"0.38132666666666665,0.3182140350877193,0.39190833333333336,0.1,0.29,0.26464233491284295","0,0,0"
15.7,183,AV,0,0,0,26,2891.134206742707,0.1,-1.1462325011580934,"0.3024855072463768,0.2705354166666667,0.3310804597701149,0.1,0.26,0.13904157291209238","0,0,0"
