travel_time,id,kind,action,origin,destination,start_time,income,urgency,reward,observation,cost_table
13.333333333333334,150,AV,0,0,0,47,2458.2611968747465,0.5,-0.2610187396647269,"0.023333333333333334,0.31333333333333335,0.08333333333333333,0.5,0.47,0.1182236724414522","0,0,0"
17.4,99,AV,2,0,0,45,1614.9493849180149,0.3,-0.22619999999999998,"0.023333333333333334,0.31333333333333335,0.03,0.3,0.45,0.07766678631823196","0,0,0"
26.35,117,AV,1,0,0,59,1880.1756700095973,0.7,-0.44795,"0.02666666666666667,0.4266666666666667,0.27,0.7,0.59,0.0904221540112152","0,0,0"
28.133333333333333,56,AV,1,0,0,80,1025.7249596144625,0.3,-0.36573333333333335,"0.1,0.48,0.38666666666666666,0.3,0.8,0.049329571566540366","0,0,0"
21.483333333333334,188,AV,2,0,0,53,3097.4575811220984,0.1,-0.2363166666666667,"0.02666666666666667,0.39666666666666667,0.15666666666666668,0.1,0.53,0.14896415846185204","0,0,0"
25.933333333333334,177,AV,2,0,0,60,2946.490055333797,0.4,-0.3630666666666667,"0.03,0.44333333333333336,0.27,0.4,0.6,0.14170376833700152","0,0,0"
28.233333333333334,208,AV,2,0,0,74,3456.1529418207683,0.1,-0.31056666666666666,"0.1,0.45,0.37333333333333335,0.1,0.74,0.1662146780093356","0,0,0"
22.883333333333333,221,AV,1,0,0,51,4061.843573313689,0.4,-0.32036666666666663,"0.02666666666666667,0.35,0.15666666666666668,0.4,0.51,0.19534379207968386","0,0,0"
18.55,191,AV,2,0,0,48,3151.1733449572957,0.3,-0.24115,"0.02666666666666667,0.31333333333333335,0.11333333333333333,0.3,0.48,0.1515474782802132","0,0,0"
18.366666666666667,53,AV,2,0,0,46,1014.5614647146556,0.3,-0.23876666666666668,"0.023333333333333334,0.31333333333333335,0.056666666666666664,0.3,0.46,0.04879269234230884","0,0,0"
19.233333333333334,245,AV,2,0,0,48,4951.479839002994,0.1,-0.2115666666666667,"0.02666666666666667,0.31333333333333335,0.11333333333333333,0.1,0.48,0.23812853220437127","0,0,0"
12.416666666666666,253,AV,1,0,0,33,5480.041794665195,0.2,-0.149,"0.0033333333333333335,0.12666666666666668,0.0,0.2,0.33,0.26354834340696637","0,0,0"
25.016666666666666,71,AV,1,0,0,58,1150.4391077840953,0.3,-0.32521666666666665,"0.02666666666666667,0.4,0.2633333333333333,0.3,0.58,0.05532737384270454","0,0,0"
14.316666666666666,247,AV,1,0,0,36,4968.170350229253,0.1,-0.15748333333333334,"0.0033333333333333335,0.17,0.0,0.1,0.36,0.23893121888982288","0,0,0"
14.266666666666667,273,AV,1,0,0,36,7897.119961473183,0.1,-0.15693333333333334,"0.0033333333333333335,0.17,0.0,0.1,0.36,0.37979142523300763","0,0,0"
24.7,85,AV,1,0,0,52,1434.4967426379471,0.1,-0.2717,"0.02666666666666667,0.38333333333333336,0.15666666666666668,0.1,0.52,0.06898838627708276","0,0,0"
26.6,103,AV,2,0,0,61,1653.1781197118603,0.6,-0.42560000000000003,"0.03,0.44666666666666666,0.28,0.6,0.61,0.07950529779368645","0,0,0"
24.783333333333335,284,AV,2,0,0,61,11049.706566164488,0.1,-0.27261666666666673,"0.03,0.44666666666666666,0.28,0.1,0.61,0.5314068705608562","0,0,0"
9.733333333333333,168,AV,1,0,0,28,2780.081336731352,0.4,-0.13626666666666665,"0.0,0.07333333333333333,0.0,0.4,0.28,0.13370077424326215","0,0,0"
19.6,34,AV,2,0,0,48,857.6590975250949,0.1,-0.2156,"0.02666666666666667,0.31333333333333335,0.11333333333333333,0.1,0.48,0.041246881470994735","0,0,0"
17.666666666666668,261,AV,2,0,0,46,5899.132481879994,0.1,-0.19433333333333336,"0.023333333333333334,0.31333333333333335,0.056666666666666664,0.1,0.46,0.2837034189504176","0,0,0"
29.35,11,AV,2,0,0,68,626.2908344343901,0.1,-0.3228500000000001,"0.08333333333333333,0.45,0.3333333333333333,0.1,0.68,0.03011982720037529","0,0,0"
27.3,124,AV,2,0,0,72,1997.7276787447236,0.2,-0.3276,"0.1,0.45,0.35333333333333333,0.2,0.72,0.09607551183714699","0,0,0"
13.5,229,AV,1,0,0,34,4547.885280126284,0.9,-0.2565,"0.0033333333333333335,0.14666666666666667,0.0,0.9,0.34,0.2187187026108142","0,0,0"
5.866666666666666,166,AV,1,0,0,2,2761.3662775036096,0.2,-0.07039999999999999,"0.0,0.0033333333333333335,0.0,0.2,0.02,0.13280072219237518","0,0,0"
21.966666666666665,24,AV,0,0,0,63,779.2240782816187,0.2,-0.45609918499796226,"0.04,0.45,0.31666666666666665,0.2,0.63,0.03747475341773148","0,0,0"
20.316666666666666,250,AV,2,0,0,48,5158.4050556257225,0.1,-0.22348333333333334,"0.02666666666666667,0.31333333333333335,0.11333333333333333,0.1,0.48,0.24808006178999184","0,0,0"
24.916666666666668,282,AV,2,0,0,55,9030.678864893336,0.1,-0.27408333333333335,"0.02666666666666667,0.39666666666666667,0.19333333333333333,0.1,0.55,0.4343069895926497","0,0,0"
25.483333333333334,112,AV,2,0,0,61,1804.2001824470888,0.1,-0.2803166666666667,"0.03,0.44666666666666666,0.28,0.1,0.61,0.08676831073101827","0,0,0"
16.1,176,AV,1,0,0,37,2942.323800284961,0.6,-0.2576,"0.0033333333333333335,0.20666666666666667,0.0,0.6,0.37,0.1415034031468308","0,0,0"
27.15,266,AV,1,0,0,76,6248.181898567973,0.1,-0.29864999999999997,"0.1,0.45666666666666667,0.38333333333333336,0.1,0.76,0.3004900419328989","0,0,0"
26.95,175,AV,1,0,0,60,2898.378436294527,0.3,-0.35035000000000005,"0.03,0.44333333333333336,0.27,0.3,0.6,0.13938996527280403","0,0,0"
24.75,92,AV,2,0,0,56,1519.7273932229994,0.2,-0.297,"0.02666666666666667,0.39666666666666667,0.22,0.2,0.56,0.07308733252801383","0,0,0"
17.816666666666666,120,AV,1,0,0,41,1929.5758599688188,0.4,-0.2494333333333333,"0.02,0.25666666666666665,0.0,0.4,0.41,0.09279792753915007","0,0,0"
23.95,234,AV,2,0,0,56,4617.1597275219765,0.7,-0.40714999999999996,"0.02666666666666667,0.39666666666666667,0.22,0.7,0.56,0.2220502768096353","0,0,0"
24.033333333333335,190,AV,2,0,0,58,3132.463358685509,0.9,-0.45663333333333334,"0.02666666666666667,0.4,0.2633333333333333,0.9,0.58,0.150647670199936","0,0,0"
28.683333333333334,121,AV,2,0,0,72,1945.516475481125,0.2,-0.3442,"0.1,0.45,0.35333333333333333,0.2,0.72,0.09356454994251304","0,0,0"
26.366666666666667,86,AV,2,0,0,60,1447.5744631551047,0.3,-0.34276666666666666,"0.03,0.44333333333333336,0.27,0.3,0.6,0.06961732519889745","0,0,0"
7.85,264,AV,1,0,0,20,6007.794801579103,0.3,-0.10205,"0.0,0.03333333333333333,0.0,0.3,0.2,0.2889292503255245","0,0,0"
20.55,222,AV,1,0,0,43,4104.202624979457,0.3,-0.26715000000000005,"0.02,0.29,0.0,0.3,0.43,0.19738094039225168","0,0,0"
11.066666666666666,33,AV,1,0,0,32,835.7777612710734,0.9,-0.21026666666666666,"0.0,0.09666666666666666,0.0,0.9,0.32,0.0401945555695952","0,0,0"
19.983333333333334,169,AV,1,0,0,43,2793.3389947689566,0.1,-0.2198166666666667,"0.02,0.29,0.0,0.1,0.43,0.1343383667916745","0,0,0"
28.55,145,AV,1,0,0,96,2382.718205806423,0.4,-0.3997,"0.1,0.49,0.4033333333333333,0.4,0.96,0.11459062895418437","0,0,0"
30.25,90,AV,2,0,0,89,1503.4428459110418,0.7,-0.51425,"0.1,0.49,0.39666666666666667,0.7,0.89,0.0723041696201366","0,0,0"
30.266666666666666,246,AV,2,0,0,78,4959.361066312568,0.2,-0.36319999999999997,"0.1,0.47333333333333333,0.38333333333333336,0.2,0.78,0.23850755931388606","0,0,0"
23.783333333333335,269,AV,1,0,0,52,7099.697064525982,0.3,-0.30918333333333337,"0.02666666666666667,0.38333333333333336,0.15666666666666668,0.3,0.52,0.3414414470102487","0,0,0"
8.65,227,AV,1,0,0,26,4304.4895651906745,0.4,-0.1211,"0.0,0.05,0.0,0.4,0.26,0.207013219355909","0,0,0"
34.05,129,AV,0,0,0,68,2123.4400354784907,0.5,-0.5813900922530404,"0.08333333333333333,0.45,0.3333333333333333,0.5,0.68,0.1021213203554731","0,0,0"
17.466666666666665,159,AV,1,0,0,39,2574.4307659940623,0.1,-0.19213333333333332,"0.02,0.23333333333333334,0.0,0.1,0.39,0.12381054543309646","0,0,0"
24.5,5,AV,2,0,0,57,522.2875039790788,0.1,-0.2695,"0.02666666666666667,0.4,0.24333333333333335,0.1,0.57,0.025118057783764625","0,0,0"
27.1,23,AV,1,0,0,62,779.0639592631991,0.2,-0.3252,"0.03,0.44666666666666666,0.31333333333333335,0.2,0.62,0.03746705291039347","0,0,0"
17.95,140,AV,2,0,0,46,2302.618320259251,0.9,-0.34104999999999996,"0.023333333333333334,0.31333333333333335,0.056666666666666664,0.9,0.46,0.11073843349034766","0,0,0"
14.633333333333333,198,AV,1,0,0,36,3301.717979419838,0.3,-0.1902333333333333,"0.0033333333333333335,0.17,0.0,0.3,0.36,0.15878753054770403","0,0,0"
18.833333333333332,238,AV,1,0,0,41,4662.282088415262,0.5,-0.2825,"0.02,0.25666666666666665,0.0,0.5,0.41,0.2242203192855181","0,0,0"
21.366666666666667,20,AV,1,0,0,49,753.5670156580491,0.2,-0.2564,"0.02666666666666667,0.31333333333333335,0.15333333333333332,0.2,0.49,0.03624084378629158","0,0,0"
27.483333333333334,220,AV,1,0,0,76,4021.28082322038,0.2,-0.3298,"0.1,0.45666666666666667,0.38333333333333336,0.2,0.76,0.1933930322147629","0,0,0"
20.816666666666666,100,AV,2,0,0,46,1614.9573615816892,0.3,-0.27061666666666667,"0.023333333333333334,0.31333333333333335,0.056666666666666664,0.3,0.46,0.07766716993510497","0,0,0"
34.416666666666664,104,AV,0,0,0,69,1659.6531244520008,0.5,-0.6066303317633184,"0.08666666666666667,0.45,0.34,0.5,0.69,0.07981669628967558","0,0,0"
23.05,200,AV,1,0,0,51,3361.758609282253,0.7,-0.39185000000000003,"0.02666666666666667,0.35,0.15666666666666668,0.7,0.51,0.16167502833152653","0,0,0"
16.933333333333334,160,AV,1,0,0,38,2580.565825479665,0.4,-0.23706666666666665,"0.0033333333333333335,0.23,0.0,0.4,0.38,0.12410559514707999","0,0,0"
15.783333333333333,167,AV,1,0,0,37,2767.495209174315,0.3,-0.20518333333333333,"0.0033333333333333335,0.20666666666666667,0.0,0.3,0.37,0.13309547720505432","0,0,0"
10.883333333333333,1,AV,1,0,0,32,477.1303205766694,0.1,-0.11971666666666667,"0.0,0.09666666666666666,0.0,0.1,0.32,0.022946340609962184","0,0,0"
21.5,52,AV,2,0,0,46,985.8695826897422,0.1,-0.23650000000000002,"0.023333333333333334,0.31333333333333335,0.056666666666666664,0.1,0.46,0.04741283097259167","0,0,0"
16.733333333333334,73,AV,2,0,0,46,1244.4027248274256,0.5,-0.251,"0.023333333333333334,0.31333333333333335,0.056666666666666664,0.5,0.46,0.05984630938009477","0,0,0"
26.433333333333334,289,AV,2,0,0,60,13079.31179296209,0.2,-0.3172,"0.03,0.44333333333333336,0.27,0.2,0.6,0.6290154500817918","0,0,0"
9.516666666666667,82,AV,1,0,0,30,1342.087988935639,0.1,-0.10468333333333335,"0.0,0.07666666666666666,0.0,0.1,0.3,0.06454422784415724","0,0,0"
22.216666666666665,72,AV,2,0,0,53,1194.3606142611325,0.2,-0.26659999999999995,"0.02666666666666667,0.39666666666666667,0.15666666666666668,0.2,0.53,0.05743966435173499","0,0,0"
7.933333333333334,54,AV,0,0,0,38,1017.530975349866,0.9,-0.29814899303688613,"0.0033333333333333335,0.23,0.0,0.9,0.38,0.048935503225503364","0,0,0"
21.55,25,AV,1,0,0,50,802.5586880039084,0.2,-0.2586,"0.02666666666666667,0.32666666666666666,0.15666666666666668,0.2,0.5,0.038596970723144074","0,0,0"
25.833333333333332,254,AV,2,0,0,61,5557.427333357366,0.1,-0.2841666666666667,"0.03,0.44666666666666666,0.28,0.1,0.61,0.26726999942532587","0,0,0"
29.7,207,AV,2,0,0,73,3398.605365942332,0.4,-0.41579999999999995,"0.1,0.45,0.36666666666666664,0.4,0.73,0.16344707716647097","0,0,0"
12.6,87,AV,1,0,0,33,1460.8215047913693,0.1,-0.1386,"0.0033333333333333335,0.12666666666666668,0.0,0.1,0.33,0.07025440717912602","0,0,0"
17.65,225,AV,2,0,0,45,4223.122456076251,0.1,-0.19415000000000002,"0.023333333333333334,0.31333333333333335,0.03,0.1,0.45,0.20310008007368746","0,0,0"
24.983333333333334,75,AV,2,0,0,58,1260.6549751070208,0.3,-0.32478333333333337,"0.02666666666666667,0.4,0.2633333333333333,0.3,0.58,0.06062791904628244","0,0,0"
8.416666666666666,186,AV,1,0,0,24,3048.604611013583,0.5,-0.12625,"0.0,0.043333333333333335,0.0,0.5,0.24,0.14661470204800806","0,0,0"
25.966666666666665,142,AV,1,0,0,59,2318.2944376966047,0.1,-0.28563333333333335,"0.02666666666666667,0.4266666666666667,0.27,0.1,0.59,0.11149233554738845","0,0,0"
24.833333333333332,299,AV,2,0,0,53,20793.30768626012,0.4,-0.3476666666666666,"0.02666666666666667,0.39666666666666667,0.15666666666666668,0.4,0.53,1.0","0,0,0"
27.016666666666666,59,AV,1,0,0,75,1047.1205397958274,0.2,-0.3242,"0.1,0.45,0.38333333333333336,0.2,0.75,0.050358536294239885","0,0,0"
10.783333333333333,115,AV,1,0,0,32,1832.3133019091129,0.3,-0.14018333333333335,"0.0,0.09666666666666666,0.0,0.3,0.32,0.08812033802202023","0,0,0"
21.9,0,AV,1,0,0,50,381.3218977270381,0.1,-0.2409,"0.02666666666666667,0.32666666666666666,0.15666666666666668,0.1,0.5,0.018338683940074114","0,0,0"
8.9,241,AV,1,0,0,21,4754.245589533712,0.5,-0.1335,"0.0,0.03666666666666667,0.0,0.5,0.21,0.22864306445459084","0,0,0"
24.933333333333334,224,AV,1,0,0,58,4200.245935785981,0.2,-0.29919999999999997,"0.02666666666666667,0.4,0.2633333333333333,0.2,0.58,0.2019998933869206","0,0,0"
14.85,233,AV,1,0,0,36,4572.8741748457805,0.2,-0.1782,"0.0033333333333333335,0.17,0.0,0.2,0.36,0.21992047844641197","0,0,0"
7.366666666666666,197,AV,1,0,0,17,3278.222126324269,0.9,-0.13996666666666666,"0.0,0.02,0.0,0.9,0.17,0.1576575586620336","0,0,0"
26.433333333333334,14,AV,2,0,0,63,636.6552097563458,0.1,-0.2907666666666667,"0.04,0.45,0.31666666666666665,0.1,0.63,0.030618274848933116","0,0,0"
22.7,12,AV,1,0,0,51,627.4062491148882,0.4,-0.31779999999999997,"0.02666666666666667,0.35,0.15666666666666668,0.4,0.51,0.03017347016557005","0,0,0"
25.65,68,AV,1,0,0,58,1141.0395517097602,0.2,-0.3078,"0.02666666666666667,0.4,0.2633333333333333,0.2,0.58,0.054875326664056465","0,0,0"
18.683333333333334,171,AV,2,0,0,48,2813.5576138103806,0.5,-0.28025,"0.02666666666666667,0.31333333333333335,0.11333333333333333,0.5,0.48,0.13531072863744203","0,0,0"
19.9,203,AV,2,0,0,48,3368.9508766880413,0.1,-0.2189,"0.02666666666666667,0.31333333333333335,0.11333333333333333,0.1,0.48,0.16202092170810273","0,0,0"
23.516666666666666,50,AV,1,0,0,51,979.5720138781878,0.2,-0.2822,"0.02666666666666667,0.35,0.15666666666666668,0.2,0.51,0.04710996579565228","0,0,0"
23.733333333333334,219,AV,0,0,0,63,3942.222625638348,0.1,-0.2991162681844681,"0.04,0.45,0.31666666666666665,0.1,0.63,0.18959093402168548","0,0,0"
14.05,172,AV,1,0,0,35,2818.3733061874163,0.9,-0.26695,"0.0033333333333333335,0.16,0.0,0.9,0.35,0.13554232682517134","0,0,0"
20.75,206,AV,2,0,0,48,3393.6426315430986,0.5,-0.31124999999999997,"0.02666666666666667,0.31333333333333335,0.11333333333333333,0.5,0.48,0.1632084073754924","0,0,0"
8.216666666666667,133,AV,0,0,0,38,2212.8825544422834,0.3,-0.17460155642454392,"0.0033333333333333335,0.23,0.0,0.3,0.38,0.1064228254509272","0,0,0"
14.7,44,AV,1,0,0,36,946.1123250925148,0.1,-0.1617,"0.0033333333333333335,0.17,0.0,0.1,0.36,0.04550080917225548","0,0,0"
29.066666666666666,240,AV,2,0,0,70,4747.153558918807,0.2,-0.3488,"0.1,0.45,0.3433333333333333,0.2,0.7,0.22830199170551635","0,0,0"
21.516666666666666,135,AV,2,0,0,53,2218.7455195521825,0.3,-0.27971666666666667,"0.02666666666666667,0.39666666666666667,0.15666666666666668,0.3,0.53,0.1067047894942801","0,0,0"
21.066666666666666,232,AV,1,0,0,49,4569.840806868062,0.5,-0.316,"0.02666666666666667,0.31333333333333335,0.15333333333333332,0.5,0.49,0.21977459651057532","0,0,0"
18.2,218,AV,1,0,0,41,3933.772930850901,0.2,-0.21839999999999998,"0.02,0.25666666666666665,0.0,0.2,0.41,0.1891845679487672","0,0,0"
29.583333333333332,69,AV,2,0,0,83,1148.2139867956057,0.3,-0.38458333333333333,"0.1,0.49,0.3933333333333333,0.3,0.83,0.05522036244162957","0,0,0"
20.45,9,AV,2,0,0,47,615.3970356119416,0.2,-0.24539999999999998,"0.023333333333333334,0.31333333333333335,0.08333333333333333,0.2,0.47,0.029595918306859183","0,0,0"
28.916666666666668,259,AV,0,0,0,65,5825.994272151124,0.3,-0.40166334491470684,"0.06666666666666667,0.45,0.32,0.3,0.65,0.28018602716107777","0,0,0"
28.5,131,AV,1,0,0,82,2193.4249838744518,0.9,-0.5415,"0.1,0.48333333333333334,0.3933333333333333,0.9,0.82,0.10548706425018813","0,0,0"
11.583333333333334,6,AV,0,0,0,44,548.7192496267361,0.5,-0.4471138378861993,"0.02,0.31333333333333335,0.0,0.5,0.44,0.02638922377844295","0,0,0"
36.03333333333333,265,AV,0,0,0,69,6230.691172258436,0.1,-0.4204410423423318,"0.08666666666666667,0.45,0.34,0.1,0.69,0.29964887098629217","0,0,0"
18.116666666666667,127,AV,2,0,0,44,2113.1349678504243,0.2,-0.2174,"0.02,0.31333333333333335,0.0,0.2,0.44,0.10162572495605159","0,0,0"
26.916666666666668,49,AV,2,0,0,61,978.4447105201264,0.4,-0.3768333333333333,"0.03,0.44666666666666666,0.28,0.4,0.61,0.04705575107546101","0,0,0"
27.85,297,AV,1,0,0,75,18628.94525544202,0.1,-0.30635000000000007,"0.1,0.45,0.38333333333333336,0.1,0.75,0.8959106235777834","0,0,0"
21.55,116,AV,2,0,0,55,1848.7234685638712,0.5,-0.32325,"0.02666666666666667,0.39666666666666667,0.19333333333333333,0.5,0.55,0.08890954226515282","0,0,0"
29.033333333333335,29,AV,2,0,0,71,816.2772675203604,0.6,-0.46453333333333335,"0.1,0.45,0.3466666666666667,0.6,0.71,0.03925673009012141","0,0,0"
9.766666666666667,292,AV,1,0,0,27,14505.369879802229,0.3,-0.1269666666666667,"0.0,0.06666666666666667,0.0,0.3,0.27,0.6975980011774241","0,0,0"
18.566666666666666,213,AV,2,0,0,45,3783.636689084741,0.2,-0.2228,"0.023333333333333334,0.31333333333333335,0.03,0.2,0.45,0.18196415626480184","0,0,0"
29.75,210,AV,2,0,0,80,3724.6301341612702,0.1,-0.32725,"0.1,0.48,0.38666666666666666,0.1,0.8,0.17912638962306346","0,0,0"
36.03333333333333,105,AV,0,0,0,69,1661.9571573900298,0.2,-0.5226550341523623,"0.08666666666666667,0.45,0.34,0.2,0.69,0.07992750275552475","0,0,0"
22.016666666666666,7,AV,2,0,0,54,610.4868582393152,0.2,-0.2642,"0.02666666666666667,0.39666666666666667,0.17333333333333334,0.2,0.54,0.029359776109248604","0,0,0"
15.1,46,AV,1,0,0,36,948.3478854920526,0.4,-0.21139999999999998,"0.0033333333333333335,0.17,0.0,0.4,0.36,0.04560832262962691","0,0,0"
5.766666666666667,173,AV,1,0,0,0,2853.537244729806,0.7,-0.09803333333333333,"0.0,0.0,0.0,0.7,0.0,0.13723344490378397","0,0,0"
9.95,139,AV,1,0,0,27,2294.767722006211,0.7,-0.16914999999999997,"0.0,0.06666666666666667,0.0,0.7,0.27,0.11036087940556741","0,0,0"
28.05,15,AV,2,0,0,67,639.9143284368583,0.2,-0.3366,"0.08333333333333333,0.45,0.3233333333333333,0.2,0.67,0.030775013677102628","0,0,0"
10.2,231,AV,1,0,0,31,4559.760277629775,0.5,-0.153,"0.0,0.08333333333333333,0.0,0.5,0.31,0.21928979970044837","0,0,0"
21.516666666666666,110,AV,1,0,0,49,1782.711710770346,0.2,-0.2582,"0.02666666666666667,0.31333333333333335,0.15333333333333332,0.2,0.49,0.08573487862868172","0,0,0"
6.916666666666667,61,AV,1,0,0,14,1074.3823512953045,0.2,-0.083,"0.0,0.013333333333333334,0.0,0.2,0.14,0.0516696221450731","0,0,0"
25.183333333333334,183,AV,2,0,0,61,3001.8426729260827,0.2,-0.3022,"0.03,0.44666666666666666,0.28,0.2,0.61,0.14436580837543475","0,0,0"
23.183333333333334,274,AV,2,0,0,57,7912.643587116454,0.4,-0.32456666666666667,"0.02666666666666667,0.4,0.24333333333333335,0.4,0.57,0.38053799359420826","0,0,0"
8.0,10,AV,1,0,0,23,617.4453946714843,0.3,-0.10400000000000001,"0.0,0.04,0.0,0.3,0.23,0.02969442880314238","0,0,0"
16.483333333333334,212,AV,1,0,0,37,3759.463069718096,0.2,-0.1978,"0.0033333333333333335,0.20666666666666667,0.0,0.2,0.37,0.18080158897481655","0,0,0"
10.75,211,AV,1,0,0,31,3729.3449139509553,0.4,-0.1505,"0.0,0.08333333333333333,0.0,0.4,0.31,0.17935313468261935","0,0,0"
18.883333333333333,236,AV,2,0,0,47,4656.548587392589,0.1,-0.2077166666666667,"0.023333333333333334,0.31333333333333335,0.08333333333333333,0.1,0.47,0.22394458148039434","0,0,0"
24.083333333333332,62,AV,2,0,0,55,1076.386102050743,0.1,-0.2649166666666667,"0.02666666666666667,0.39666666666666667,0.19333333333333333,0.1,0.55,0.051765987321103386","0,0,0"
27.683333333333334,157,AV,1,0,0,77,2530.9644311939346,0.2,-0.3322,"0.1,0.4666666666666667,0.38333333333333336,0.2,0.77,0.12172014522087579","0,0,0"
25.0,144,AV,2,0,0,61,2337.3116255789537,0.9,-0.475,"0.03,0.44666666666666666,0.28,0.9,0.61,0.11240691768935884","0,0,0"
10.616666666666667,91,AV,1,0,0,31,1509.578116022191,0.3,-0.13801666666666668,"0.0,0.08333333333333333,0.0,0.3,0.31,0.07259922946360745","0,0,0"
30.816666666666666,204,AV,0,0,0,66,3382.383844415393,0.5,-0.5065974209018774,"0.07333333333333333,0.45,0.3233333333333333,0.5,0.66,0.16266694531964326","0,0,0"
15.5,272,AV,1,0,0,36,7572.106998522375,0.7,-0.2635,"0.0033333333333333335,0.17,0.0,0.7,0.36,0.3641607729166582","0,0,0"
28.133333333333333,38,AV,2,0,0,71,905.8209551718018,0.1,-0.30946666666666667,"0.1,0.45,0.3466666666666667,0.1,0.71,0.04356310063022602","0,0,0"
10.2,256,AV,1,0,0,30,5590.116807812239,0.4,-0.14279999999999998,"0.0,0.07666666666666666,0.0,0.4,0.3,0.26884211459565416","0,0,0"
19.2,113,AV,1,0,0,42,1805.1606101798543,0.3,-0.24960000000000002,"0.02,0.28,0.0,0.3,0.42,0.08681450000245393","0,0,0"
19.533333333333335,285,AV,2,0,0,47,11185.875164713363,0.1,-0.2148666666666667,"0.023333333333333334,0.31333333333333335,0.08333333333333333,0.1,0.47,0.5379555448075637","0,0,0"
24.033333333333335,136,AV,1,0,0,52,2225.3307045190536,0.1,-0.2643666666666667,"0.02666666666666667,0.38333333333333336,0.15666666666666668,0.1,0.52,0.10702148682143131","0,0,0"
17.983333333333334,143,AV,1,0,0,40,2335.4036410281064,0.1,-0.1978166666666667,"0.02,0.24666666666666667,0.0,0.1,0.4,0.1123151581396212","0,0,0"
23.816666666666666,242,AV,2,0,0,55,4756.448820673547,0.1,-0.26198333333333335,"0.02666666666666667,0.39666666666666667,0.19333333333333333,0.1,0.55,0.22874902312038267","0,0,0"
15.0,81,AV,1,0,0,36,1297.4303329633815,0.1,-0.165,"0.0033333333333333335,0.17,0.0,0.1,0.36,0.06239653414164128","0,0,0"
17.283333333333335,187,AV,2,0,0,45,3065.2253709468137,0.2,-0.2074,"0.023333333333333334,0.31333333333333335,0.03,0.2,0.45,0.14741403422661153","0,0,0"
9.216666666666667,189,AV,1,0,0,26,3131.512437779759,0.5,-0.13825,"0.0,0.05,0.0,0.5,0.26,0.15060193813459566","0,0,0"
31.883333333333333,132,AV,2,0,0,74,2198.5025098873134,0.3,-0.4144833333333333,"0.1,0.45,0.37333333333333335,0.3,0.74,0.10573125464497639","0,0,0"
28.15,80,AV,2,0,0,67,1293.252850487379,0.4,-0.39409999999999995,"0.08333333333333333,0.45,0.3233333333333333,0.4,0.67,0.06219562899759039","0,0,0"
18.833333333333332,107,AV,2,0,0,47,1697.366940102563,0.1,-0.20716666666666667,"0.023333333333333334,0.31333333333333335,0.08333333333333333,0.1,0.47,0.08163044406947123","0,0,0"
30.416666666666668,138,AV,2,0,0,80,2280.385817754286,0.1,-0.3345833333333334,"0.1,0.48,0.38666666666666666,0.1,0.8,0.10966921916233309","0,0,0"
16.316666666666666,18,AV,1,0,0,37,741.34301771214,0.4,-0.2284333333333333,"0.0033333333333333335,0.20666666666666667,0.0,0.4,0.37,0.03565296242896494","0,0,0"
24.083333333333332,260,AV,2,0,0,55,5844.130995646287,0.4,-0.3371666666666666,"0.02666666666666667,0.39666666666666667,0.19333333333333333,0.4,0.55,0.28105826566054204","0,0,0"
16.133333333333333,3,AV,2,0,0,44,508.6019702527906,0.3,-0.20973333333333333,"0.02,0.31333333333333335,0.0,0.3,0.44,0.024459887668034006","0,0,0"
22.65,244,AV,1,0,0,50,4950.077303955518,0.5,-0.33975,"0.02666666666666667,0.32666666666666666,0.15666666666666668,0.5,0.5,0.23806108093261413","0,0,0"
32.583333333333336,295,AV,0,0,0,66,16390.717038727882,0.2,-0.40015152153780587,"0.07333333333333333,0.45,0.3233333333333333,0.2,0.66,0.7882688644846343","0,0,0"
7.583333333333333,202,AV,1,0,0,19,3366.895459871004,0.7,-0.12891666666666668,"0.0,0.02666666666666667,0.0,0.7,0.19,0.16192207178734694","0,0,0"
26.666666666666668,42,AV,1,0,0,59,934.0011274976006,0.2,-0.32,"0.02666666666666667,0.4266666666666667,0.27,0.2,0.59,0.04491835265414619","0,0,0"
23.266666666666666,164,AV,1,0,0,51,2750.2432356670683,0.5,-0.349,"0.02666666666666667,0.35,0.15666666666666668,0.5,0.51,0.13226578845290615","0,0,0"
18.316666666666666,163,AV,0,0,0,59,2744.255474143275,0.3,-0.29277630073256145,"0.02666666666666667,0.4266666666666667,0.27,0.3,0.59,0.13197782265092123","0,0,0"
16.616666666666667,79,AV,2,0,0,45,1291.2118623687816,0.4,-0.23263333333333333,"0.023333333333333334,0.31333333333333335,0.03,0.4,0.45,0.062097472987522495","0,0,0"
22.133333333333333,278,AV,1,0,0,50,8348.421721831439,0.4,-0.3098666666666666,"0.02666666666666667,0.32666666666666666,0.15666666666666668,0.4,0.5,0.4014956084811817","0,0,0"
23.616666666666667,216,AV,1,0,0,51,3824.993837156676,0.4,-0.33063333333333333,"0.02666666666666667,0.35,0.15666666666666668,0.4,0.51,0.18395312063237393","0,0,0"
23.75,154,AV,0,0,0,63,2520.718778515204,0.2,-0.34450683641447516,"0.04,0.45,0.31666666666666665,0.2,0.63,0.12122740722876209","0,0,0"
25.25,93,AV,2,0,0,61,1527.6889462703334,0.3,-0.32825000000000004,"0.03,0.44666666666666666,0.28,0.3,0.61,0.07347022269476662","0,0,0"
23.866666666666667,156,AV,1,0,0,51,2528.765907819195,0.1,-0.26253333333333334,"0.02666666666666667,0.35,0.15666666666666668,0.1,0.51,0.12161441296279007","0,0,0"
16.583333333333332,279,AV,2,0,0,44,8436.938288223368,0.4,-0.23216666666666666,"0.02,0.31333333333333335,0.0,0.4,0.44,0.4057525822983113","0,0,0"
12.316666666666666,51,AV,1,0,0,33,979.573716991658,0.9,-0.23401666666666665,"0.0033333333333333335,0.12666666666666668,0.0,0.9,0.33,0.04711004770246075","0,0,0"
11.633333333333333,192,AV,1,0,0,32,3159.4556453821087,0.3,-0.15123333333333333,"0.0,0.09666666666666666,0.0,0.3,0.32,0.15194579395705407","0,0,0"
6.35,4,AV,0,0,0,32,513.3463032142733,0.1,-0.36205040947171147,"0.0,0.09666666666666666,0.0,0.1,0.32,0.024688054010448962","0,0,0"
23.35,39,AV,2,0,0,56,921.9548251796884,0.4,-0.3269,"0.02666666666666667,0.39666666666666667,0.22,0.4,0.56,0.04433901710543634","0,0,0"
18.566666666666666,114,AV,1,0,0,41,1823.811293294481,0.2,-0.2228,"0.02,0.25666666666666665,0.0,0.2,0.41,0.08771145605177698","0,0,0"
18.35,102,AV,1,0,0,40,1635.9686818612918,0.7,-0.31195000000000006,"0.02,0.24666666666666667,0.0,0.7,0.4,0.07867765468320913","0,0,0"
11.666666666666666,226,AV,1,0,0,32,4227.85786318916,0.9,-0.22166666666666662,"0.0,0.09666666666666666,0.0,0.9,0.32,0.20332781715065273","0,0,0"
16.183333333333334,13,AV,2,0,0,44,632.5893922142865,0.2,-0.19419999999999998,"0.02,0.31333333333333335,0.0,0.2,0.44,0.030422739939172414","0,0,0"
11.3,255,AV,1,0,0,32,5578.433439706214,0.5,-0.1695,"0.0,0.09666666666666666,0.0,0.5,0.32,0.2682802334230043","0,0,0"
25.833333333333332,179,AV,0,0,0,63,2965.4163440895786,0.4,-0.41224978303039994,"0.04,0.45,0.31666666666666665,0.4,0.63,0.14261397892212588","0,0,0"
9.983333333333333,43,AV,0,0,0,38,938.3100494872764,0.1,-0.2696785375716676,"0.0033333333333333335,0.23,0.0,0.1,0.38,0.04512557903941836","0,0,0"
27.266666666666666,8,AV,1,0,0,59,614.9217871931492,0.8,-0.4908,"0.02666666666666667,0.4266666666666667,0.27,0.8,0.59,0.029573062471416202","0,0,0"
28.783333333333335,65,AV,1,0,0,82,1117.0806745336297,0.1,-0.3166166666666667,"0.1,0.48333333333333334,0.3933333333333333,0.1,0.82,0.05372308684066549","0,0,0"
21.5,293,AV,2,0,0,49,14754.343640924068,0.3,-0.2795,"0.02666666666666667,0.31333333333333335,0.15333333333333332,0.3,0.49,0.7095717460418045","0,0,0"
20.15,252,AV,1,0,0,42,5458.612723313221,0.3,-0.26195,"0.02,0.28,0.0,0.3,0.42,0.2625177680086071","0,0,0"
22.533333333333335,137,AV,2,0,0,53,2276.662146114732,0.5,-0.338,"0.02666666666666667,0.39666666666666667,0.15666666666666668,0.5,0.53,0.1094901388690128","0,0,0"
18.916666666666668,36,AV,2,0,0,47,870.7377108213431,0.3,-0.2459166666666667,"0.023333333333333334,0.31333333333333335,0.08333333333333333,0.3,0.47,0.04187586332869553","0,0,0"
17.583333333333332,31,AV,2,0,0,44,825.4433072334436,0.1,-0.19341666666666665,"0.02,0.31333333333333335,0.0,0.1,0.44,0.039697546907310144","0,0,0"
24.966666666666665,181,AV,1,0,0,56,2969.8754393798326,0.2,-0.2996,"0.02666666666666667,0.39666666666666667,0.22,0.2,0.56,0.1428284275013291","0,0,0"
26.7,287,AV,2,0,0,65,11662.42845360034,0.9,-0.5073,"0.06666666666666667,0.45,0.32,0.9,0.65,0.5608741345806508","0,0,0"
29.383333333333333,290,AV,2,0,0,73,13748.957190518822,0.7,-0.49951666666666666,"0.1,0.45,0.36666666666666664,0.7,0.73,0.6612203021265304","0,0,0"
22.783333333333335,185,AV,2,0,0,55,3031.4508351358254,0.1,-0.2506166666666667,"0.02666666666666667,0.39666666666666667,0.19333333333333333,0.1,0.55,0.14578973585520302","0,0,0"
26.0,152,AV,2,0,0,62,2478.182963693478,0.4,-0.364,"0.03,0.44666666666666666,0.31333333333333335,0.4,0.62,0.1191817579523926","0,0,0"
19.216666666666665,97,AV,1,0,0,41,1588.8002265047048,0.5,-0.28825,"0.02,0.25666666666666665,0.0,0.5,0.41,0.07640921062090368","0,0,0"
26.4,223,AV,2,0,0,61,4159.866430607663,0.4,-0.3696,"0.03,0.44666666666666666,0.28,0.4,0.61,0.20005794620912742","0,0,0"
24.1,28,AV,2,0,0,57,814.1496548969513,0.2,-0.2892,"0.02666666666666667,0.4,0.24333333333333335,0.2,0.57,0.039154408100012306","0,0,0"
7.266666666666667,37,AV,1,0,0,16,871.0408974081768,0.9,-0.13806666666666667,"0.0,0.016666666666666666,0.0,0.9,0.16,0.04189044429827518","0,0,0"
17.416666666666668,280,AV,2,0,0,45,8480.737499651503,0.1,-0.19158333333333338,"0.023333333333333334,0.31333333333333335,0.03,0.1,0.45,0.407858991345347","0,0,0"
25.733333333333334,64,AV,0,0,0,63,1111.987968807459,0.5,-0.5208935458005595,"0.04,0.45,0.31666666666666665,0.5,0.63,0.05347816641708441","0,0,0"
17.333333333333332,214,AV,2,0,0,45,3803.247088152212,0.4,-0.24266666666666661,"0.023333333333333334,0.31333333333333335,0.03,0.4,0.45,0.18290726735435825","0,0,0"
27.116666666666667,118,AV,0,0,0,63,1900.764377468582,0.1,-0.37719895369011236,"0.04,0.45,0.31666666666666665,0.1,0.63,0.09141231429593938","0,0,0"
30.833333333333332,209,AV,0,0,0,65,3531.3895067900216,0.4,-0.47414286469341665,"0.06666666666666667,0.45,0.32,0.4,0.65,0.16983298473111647","0,0,0"
13.483333333333333,21,AV,1,0,0,34,761.8437659652793,0.8,-0.2427,"0.0033333333333333335,0.14666666666666667,0.0,0.8,0.34,0.03663889254467645","0,0,0"
14.083333333333334,199,AV,1,0,0,35,3313.1900178081896,0.2,-0.169,"0.0033333333333333335,0.16,0.0,0.2,0.35,0.1593392483677569","0,0,0"
18.983333333333334,239,AV,2,0,0,46,4669.869929992837,0.3,-0.24678333333333338,"0.023333333333333334,0.31333333333333335,0.056666666666666664,0.3,0.46,0.224585236772051","0,0,0"
20.233333333333334,296,AV,1,0,0,43,17322.90883950548,0.2,-0.2428,"0.02,0.29,0.0,0.2,0.43,0.833100202280572","0,0,0"
37.78333333333333,2,AV,0,0,0,69,497.26542980048754,0.1,-0.7172664315823233,"0.08666666666666667,0.45,0.34,0.1,0.69,0.023914686268460907","0,0,0"
20.666666666666668,95,AV,1,0,0,43,1567.0706205360798,0.2,-0.248,"0.02,0.29,0.0,0.2,0.43,0.07536418179256658","0,0,0"
18.9,174,AV,1,0,0,41,2857.8751728516777,0.4,-0.26459999999999995,"0.02,0.25666666666666665,0.0,0.4,0.41,0.13744206626346972","0,0,0"
32.46666666666667,41,AV,0,0,0,66,932.1411738504048,0.1,-0.5180531641572348,"0.07333333333333333,0.45,0.3233333333333333,0.1,0.66,0.04482890302567631","0,0,0"
12.8,275,AV,1,0,0,33,8028.27043643778,0.3,-0.16640000000000002,"0.0033333333333333335,0.12666666666666668,0.0,0.3,0.33,0.3860987658900816","0,0,0"
22.15,60,AV,2,0,0,54,1068.5648373754009,0.3,-0.28795,"0.02666666666666667,0.39666666666666667,0.17333333333333334,0.3,0.54,0.05138984395837567","0,0,0"
20.066666666666666,70,AV,0,0,0,62,1150.2916000513435,0.1,-0.351135050596421,"0.03,0.44666666666666666,0.31333333333333335,0.1,0.62,0.05532027984231857","0,0,0"
21.2,101,AV,1,0,0,43,1626.914224999384,0.4,-0.29679999999999995,"0.02,0.29,0.0,0.4,0.43,0.07824220415275356","0,0,0"
20.133333333333333,78,AV,1,0,0,41,1275.9312017726234,0.2,-0.24159999999999998,"0.02,0.25666666666666665,0.0,0.2,0.41,0.06136258939772906","0,0,0"
21.716666666666665,258,AV,1,0,0,49,5721.231751015957,0.4,-0.30403333333333327,"0.02666666666666667,0.31333333333333335,0.15333333333333332,0.4,0.49,0.2751477464451918","0,0,0"
11.75,119,AV,1,0,0,32,1921.5023446668008,0.4,-0.16449999999999998,"0.0,0.09666666666666666,0.0,0.4,0.32,0.09240965283924012","0,0,0"
10.966666666666667,196,AV,1,0,0,31,3269.866339895674,0.7,-0.1864333333333333,"0.0,0.08333333333333333,0.0,0.7,0.31,0.15725570886715387","0,0,0"
13.95,66,AV,1,0,0,34,1129.1321270070612,0.5,-0.20925,"0.0033333333333333335,0.14666666666666667,0.0,0.5,0.34,0.05430267007269716","0,0,0"
17.433333333333334,262,AV,1,0,0,39,5960.007005011629,0.1,-0.1917666666666667,"0.02,0.23333333333333334,0.0,0.1,0.39,0.2866310206600706","0,0,0"
18.383333333333333,153,AV,2,0,0,47,2496.2043409386315,0.1,-0.20221666666666666,"0.023333333333333334,0.31333333333333335,0.08333333333333333,0.1,0.47,0.1200484491742544","0,0,0"
18.183333333333334,165,AV,2,0,0,46,2754.938443140308,0.2,-0.2182,"0.023333333333333334,0.31333333333333335,0.056666666666666664,0.2,0.46,0.13249159223285706","0,0,0"
21.066666666666666,281,AV,1,0,0,43,8987.822610831106,0.2,-0.25279999999999997,"0.02,0.29,0.0,0.2,0.43,0.4322459296252377","0,0,0"
20.15,158,AV,0,0,0,62,2563.744074524839,0.6,-0.3809081800833809,"0.03,0.44666666666666666,0.31333333333333335,0.6,0.62,0.1232965968285517","0,0,0"
23.716666666666665,17,AV,1,0,0,51,682.056612603955,0.4,-0.3320333333333333,"0.02666666666666667,0.35,0.15666666666666668,0.4,0.51,0.03280173712115302","0,0,0"
22.016666666666666,57,AV,1,0,0,50,1038.299283744561,0.5,-0.33025,"0.02666666666666667,0.32666666666666666,0.15666666666666668,0.5,0.5,0.04993430094965855","0,0,0"
25.5,294,AV,1,0,0,58,15725.918848752755,0.1,-0.2805,"0.02666666666666667,0.4,0.2633333333333333,0.1,0.58,0.7562971262693423","0,0,0"
7.033333333333333,130,AV,1,0,0,12,2139.4702648744856,0.1,-0.07736666666666667,"0.0,0.01,0.0,0.1,0.12,0.10289225250527183","0,0,0"
12.033333333333333,230,AV,1,0,0,32,4549.115907877681,0.2,-0.1444,"0.0,0.09666666666666666,0.0,0.2,0.32,0.21877788644870882","0,0,0"
19.35,151,AV,2,0,0,47,2476.7926805910606,0.3,-0.25155,"0.023333333333333334,0.31333333333333335,0.08333333333333333,0.3,0.47,0.1191148959060364","0,0,0"
23.816666666666666,276,AV,2,0,0,56,8029.700924090037,0.6,-0.38106666666666666,"0.02666666666666667,0.39666666666666667,0.22,0.6,0.56,0.386167561469594","0,0,0"
9.183333333333334,32,AV,1,0,0,26,832.3173438658397,0.3,-0.11938333333333334,"0.0,0.05,0.0,0.3,0.26,0.0400281358033201","0,0,0"
13.7,178,AV,1,0,0,34,2953.761118311176,0.2,-0.16439999999999996,"0.0033333333333333335,0.14666666666666667,0.0,0.2,0.34,0.14205345118145746","0,0,0"
15.933333333333334,271,AV,1,0,0,36,7177.938863287724,0.3,-0.20713333333333334,"0.0033333333333333335,0.17,0.0,0.3,0.36,0.345204282627472","0,0,0"
16.483333333333334,96,AV,1,0,0,37,1572.8756307612184,0.3,-0.21428333333333333,"0.0033333333333333335,0.20666666666666667,0.0,0.3,0.37,0.07564335864661634","0,0,0"
28.483333333333334,277,AV,1,0,0,79,8331.964781214912,0.9,-0.5411833333333333,"0.1,0.47333333333333333,0.38666666666666666,0.9,0.79,0.4007041547661289","0,0,0"
29.4,141,AV,2,0,0,72,2318.1098695731453,0.1,-0.3234,"0.1,0.45,0.35333333333333333,0.1,0.72,0.1114834592239942","0,0,0"
17.783333333333335,63,AV,1,0,0,39,1097.8259349569896,0.4,-0.24896666666666667,"0.02,0.23333333333333334,0.0,0.4,0.39,0.05279708026839882","0,0,0"
11.983333333333333,58,AV,1,0,0,32,1040.734547163155,0.1,-0.13181666666666667,"0.0,0.09666666666666666,0.0,0.1,0.32,0.05005141860382586","0,0,0"
7.4,123,AV,1,0,0,18,1996.532829496936,0.3,-0.09620000000000002,"0.0,0.023333333333333334,0.0,0.3,0.18,0.0960180486732379","0,0,0"
21.916666666666668,288,AV,2,0,0,48,11940.25564443948,0.3,-0.2849166666666667,"0.02666666666666667,0.31333333333333335,0.11333333333333333,0.3,0.48,0.5742355100304415","0,0,0"
16.883333333333333,268,AV,2,0,0,44,6778.2755320215965,0.5,-0.25325,"0.02,0.31333333333333335,0.0,0.5,0.44,0.3259835151913118","0,0,0"
30.383333333333333,248,AV,2,0,0,91,5003.647877951615,0.3,-0.39498333333333335,"0.1,0.49,0.4,0.3,0.91,0.24063741822365012","0,0,0"
25.833333333333332,88,AV,2,0,0,61,1475.2077210572677,0.3,-0.3358333333333333,"0.03,0.44666666666666666,0.28,0.3,0.61,0.07094627479744654","0,0,0"
17.95,35,AV,2,0,0,44,863.3540159882258,0.2,-0.21539999999999998,"0.02,0.31333333333333335,0.0,0.2,0.44,0.04152076374836295","0,0,0"
28.45,89,AV,1,0,0,77,1485.5718097438446,0.4,-0.39829999999999993,"0.1,0.4666666666666667,0.38333333333333336,0.4,0.77,0.07144470866102204","0,0,0"
22.766666666666666,27,AV,1,0,0,50,807.7368269013535,0.7,-0.3870333333333333,"0.02666666666666667,0.32666666666666666,0.15666666666666668,0.7,0.5,0.0388459998326814","0,0,0"
27.35,22,AV,0,0,0,63,767.6170681366935,0.1,-0.4962599331898764,"0.04,0.45,0.31666666666666665,0.1,0.63,0.036916544482430876","0,0,0"
13.233333333333333,134,AV,1,0,0,33,2218.0502812558643,0.1,-0.14556666666666668,"0.0033333333333333335,0.12666666666666668,0.0,0.1,0.33,0.10667135381839783","0,0,0"
20.533333333333335,243,AV,2,0,0,48,4924.983441788647,0.1,-0.2258666666666667,"0.02666666666666667,0.31333333333333335,0.11333333333333333,0.1,0.48,0.2368542569609065","0,0,0"
30.1,83,AV,2,0,0,74,1365.417472605012,0.1,-0.3311,"0.1,0.45,0.37333333333333335,0.1,0.74,0.06566619862539994","0,0,0"
25.733333333333334,148,AV,1,0,0,58,2421.832203454489,0.3,-0.3345333333333334,"0.02666666666666667,0.4,0.2633333333333333,0.3,0.58,0.11647171484192467","0,0,0"
22.066666666666666,30,AV,2,0,0,54,822.5771428470101,0.4,-0.30893333333333334,"0.02666666666666667,0.39666666666666667,0.17333333333333334,0.4,0.54,0.039559706192899544","0,0,0"
16.716666666666665,249,AV,2,0,0,44,5004.1281918097375,0.9,-0.31761666666666666,"0.02,0.31333333333333335,0.0,0.9,0.44,0.24066051766821034","0,0,0"
10.116666666666667,47,AV,0,0,0,38,954.0002559944874,0.3,-0.28874932887767846,"0.0033333333333333335,0.23,0.0,0.3,0.38,0.045880158673594545","0,0,0"
24.933333333333334,146,AV,2,0,0,57,2392.7441380289174,0.5,-0.374,"0.02666666666666667,0.4,0.24333333333333335,0.5,0.57,0.1150728000629743","0,0,0"
9.416666666666666,98,AV,1,0,0,26,1594.6992934726818,0.2,-0.11299999999999999,"0.0,0.05,0.0,0.2,0.26,0.07669291088913349","0,0,0"
22.016666666666666,128,AV,0,0,0,62,2117.047321722312,0.4,-0.3790867330003603,"0.03,0.44666666666666666,0.31333333333333335,0.4,0.62,0.10181387943012177","0,0,0"
23.466666666666665,298,AV,2,0,0,56,19040.472291926453,0.4,-0.3285333333333333,"0.02666666666666667,0.39666666666666667,0.22,0.4,0.56,0.91570194503052","0,0,0"
6.7,26,AV,1,0,0,7,806.3598325453933,0.9,-0.1273,"0.0,0.006666666666666667,0.0,0.9,0.07,0.03877977687399022","0,0,0"
19.816666666666666,147,AV,2,0,0,48,2421.0391237858234,0.4,-0.2774333333333333,"0.02666666666666667,0.31333333333333335,0.11333333333333333,0.4,0.48,0.11643357373995898","0,0,0"
20.883333333333333,195,AV,2,0,0,48,3230.862018062417,0.1,-0.22971666666666665,"0.02666666666666667,0.31333333333333335,0.11333333333333333,0.1,0.48,0.15537989755219744","0,0,0"
7.466666666666667,283,AV,1,0,0,19,9884.322174397852,0.4,-0.10453333333333334,"0.0,0.02666666666666667,0.0,0.4,0.19,0.47536074219347274","0,0,0"
14.216666666666667,228,AV,1,0,0,35,4459.768546990965,0.5,-0.21325,"0.0033333333333333335,0.16,0.0,0.5,0.35,0.21448095773323778","0,0,0"
20.633333333333333,40,AV,1,0,0,43,932.0432837729122,0.1,-0.2269666666666667,"0.02,0.29,0.0,0.1,0.43,0.04482419525724574","0,0,0"
19.783333333333335,19,AV,1,0,0,42,743.7818724069466,0.3,-0.2571833333333334,"0.02,0.28,0.0,0.3,0.42,0.035770252796212196","0,0,0"
23.066666666666666,126,AV,2,0,0,57,2046.5713793034688,0.3,-0.29986666666666667,"0.02666666666666667,0.4,0.24333333333333335,0.3,0.57,0.09842452245612708","0,0,0"
19.05,106,AV,2,0,0,47,1682.490559712908,0.2,-0.2286,"0.023333333333333334,0.31333333333333335,0.08333333333333333,0.2,0.47,0.08091500328370894","0,0,0"
9.233333333333333,48,AV,1,0,0,26,961.7772661313056,0.2,-0.11079999999999998,"0.0,0.05,0.0,0.2,0.26,0.04625417372950396","0,0,0"
26.766666666666666,182,AV,1,0,0,59,2971.291490045772,0.4,-0.3747333333333333,"0.02666666666666667,0.4266666666666667,0.27,0.4,0.59,0.14289652877156978","0,0,0"
15.433333333333334,67,AV,1,0,0,36,1135.438045570021,0.3,-0.20063333333333333,"0.0033333333333333335,0.17,0.0,0.3,0.36,0.0546059368091927","0,0,0"
28.3,170,AV,2,0,0,67,2797.307504072895,0.1,-0.3113000000000001,"0.08333333333333333,0.45,0.3233333333333333,0.1,0.67,0.13452922191505445","0,0,0"
26.3,74,AV,1,0,0,58,1249.5878531833848,0.2,-0.3156,"0.02666666666666667,0.4,0.2633333333333333,0.2,0.58,0.06009567462944302","0,0,0"
17.75,291,AV,1,0,0,39,14297.77376075636,0.2,-0.213,"0.02,0.23333333333333334,0.0,0.2,0.39,0.6876142062863859","0,0,0"
24.1,180,AV,1,0,0,51,2966.188350320237,0.9,-0.45790000000000003,"0.02666666666666667,0.35,0.15666666666666668,0.9,0.51,0.14265110655195307","0,0,0"
16.166666666666668,111,AV,1,0,0,36,1794.439334206041,0.3,-0.2101666666666667,"0.0033333333333333335,0.17,0.0,0.3,0.36,0.08629888814619799","0,0,0"
27.733333333333334,125,AV,2,0,0,69,2044.1603053436156,0.2,-0.3328,"0.08666666666666667,0.45,0.34,0.2,0.69,0.09830856813100321","0,0,0"
22.4,251,AV,1,0,0,50,5434.023139443809,0.3,-0.29119999999999996,"0.02666666666666667,0.32666666666666666,0.15666666666666668,0.3,0.5,0.26133519598878074","0,0,0"
23.016666666666666,84,AV,2,0,0,55,1389.0632502942228,0.1,-0.25318333333333337,"0.02666666666666667,0.39666666666666667,0.19333333333333333,0.1,0.55,0.0668033807440888","0,0,0"
24.35,184,AV,2,0,0,57,3017.17067826153,0.2,-0.2922,"0.02666666666666667,0.4,0.24333333333333335,0.2,0.57,0.14510296888720728","0,0,0"
24.366666666666667,108,AV,1,0,0,51,1716.9764066453156,0.1,-0.26803333333333335,"0.02666666666666667,0.35,0.15666666666666668,0.1,0.51,0.08257351031167907","0,0,0"
24.583333333333332,263,AV,1,0,0,52,5984.209260784091,0.5,-0.36874999999999997,"0.02666666666666667,0.38333333333333336,0.15666666666666668,0.5,0.52,0.28779496514344177","0,0,0"
20.85,76,AV,2,0,0,47,1261.43865123121,0.2,-0.25020000000000003,"0.023333333333333334,0.31333333333333335,0.08333333333333333,0.2,0.47,0.060665607909257666","0,0,0"
18.633333333333333,77,AV,1,0,0,40,1275.6237969650936,0.2,-0.2236,"0.02,0.24666666666666667,0.0,0.2,0.4,0.06134780556380672","0,0,0"
25.216666666666665,16,AV,2,0,0,56,676.2529471816457,0.8,-0.45389999999999997,"0.02666666666666667,0.39666666666666667,0.22,0.8,0.56,0.03252262494189429","0,0,0"
31.116666666666667,201,AV,2,0,0,96,3362.377553451843,0.2,-0.37339999999999995,"0.1,0.49,0.4033333333333333,0.2,0.96,0.16170479484000747","0,0,0"
27.983333333333334,237,AV,1,0,0,76,4660.29795945294,0.5,-0.41974999999999996,"0.1,0.45666666666666667,0.38333333333333336,0.5,0.76,0.2241248977685445","0,0,0"
16.95,94,AV,1,0,0,37,1541.4014724042315,0.1,-0.18645,"0.0033333333333333335,0.20666666666666667,0.0,0.1,0.37,0.07412969094006937","0,0,0"
19.433333333333334,193,AV,2,0,0,45,3169.820795106812,0.6,-0.31093333333333334,"0.023333333333333334,0.31333333333333335,0.03,0.6,0.45,0.15244427884849596","0,0,0"
11.633333333333333,235,AV,0,0,0,38,4635.813442599864,0.4,-0.19522344759784166,"0.0033333333333333335,0.23,0.0,0.4,0.38,0.222947378673338","0,0,0"
20.683333333333334,45,AV,2,0,0,48,946.2003450753726,0.2,-0.2482,"0.02666666666666667,0.31333333333333335,0.11333333333333333,0.2,0.48,0.04550504226418034","0,0,0"
17.3,217,AV,2,0,0,44,3866.930621896856,0.4,-0.2422,"0.02,0.31333333333333335,0.0,0.4,0.44,0.18596996111648273","0,0,0"
23.716666666666665,267,AV,2,0,0,56,6434.117121135291,0.5,-0.35574999999999996,"0.02666666666666667,0.39666666666666667,0.22,0.5,0.56,0.3094321123996473","0,0,0"
13.1,215,AV,1,0,0,33,3822.7735841463273,0.5,-0.1965,"0.0033333333333333335,0.12666666666666668,0.0,0.5,0.33,0.18384634334403438","0,0,0"
26.166666666666668,194,AV,1,0,0,58,3225.188153267811,0.2,-0.314,"0.02666666666666667,0.4,0.2633333333333333,0.2,0.58,0.15510702779620594","0,0,0"
29.466666666666665,162,AV,2,0,0,72,2722.266725979925,0.2,-0.35359999999999997,"0.1,0.45,0.35333333333333333,0.2,0.72,0.13092033105337805","0,0,0"
28.483333333333334,122,AV,2,0,0,68,1963.0347272178835,0.5,-0.42725,"0.08333333333333333,0.45,0.3333333333333333,0.5,0.68,0.09440704465288248","0,0,0"
23.283333333333335,109,AV,2,0,0,54,1778.835052690156,0.1,-0.2561166666666667,"0.02666666666666667,0.39666666666666667,0.17333333333333334,0.1,0.54,0.08554844085078303","0,0,0"
25.783333333333335,205,AV,1,0,0,58,3386.12741774329,0.3,-0.3351833333333334,"0.02666666666666667,0.4,0.2633333333333333,0.3,0.58,0.16284698273285247","0,0,0"
23.183333333333334,149,AV,2,0,0,55,2446.4664131825853,0.1,-0.25501666666666667,"0.02666666666666667,0.39666666666666667,0.19333333333333333,0.1,0.55,0.11765643302624577","0,0,0"
27.85,55,AV,1,0,0,79,1020.7360413649084,0.5,-0.41775000000000007,"0.1,0.47333333333333333,0.38666666666666666,0.5,0.79,0.04908964253144747","0,0,0"
20.966666666666665,257,AV,2,0,0,54,5654.280440205098,0.3,-0.2725666666666666,"0.02666666666666667,0.39666666666666667,0.17333333333333334,0.3,0.54,0.2719278974523786","0,0,0"
29.016666666666666,286,AV,0,0,0,64,11515.391842589095,0.4,-0.41925937726222795,"0.06333333333333334,0.45,0.32,0.4,0.64,0.5538027915682833","0,0,0"
8.716666666666667,161,AV,1,0,0,25,2648.588416164911,0.5,-0.13075,"0.0,0.04666666666666667,0.0,0.5,0.25,0.1273769645564883","0,0,0"
24.433333333333334,270,AV,2,0,0,54,7128.986247371214,0.3,-0.3176333333333334,"0.02666666666666667,0.39666666666666667,0.17333333333333334,0.3,0.54,0.34285003400790975","0,0,0"
17.25,155,AV,1,0,0,37,2520.757475212996,0.2,-0.207,"0.0033333333333333335,0.20666666666666667,0.0,0.2,0.37,0.12122926824569963","0,0,0"
