travel_time,id,kind,action,origin,destination,start_time,income,urgency,reward,observation,cost_table
17.266666666666666,217,AV,0,0,0,41,3882.59008652233,,-17.266666666666666,"0,0,0,0","0,0,0"
25.45,183,AV,1,0,0,51,3158.0604616132755,,-25.45,"0,0,0,0","0,0,0"
43.21666666666667,225,AV,2,0,0,88,4113.319853961603,,-43.21666666666667,"0,0,0,0","0,0,0"
29.966666666666665,107,AV,1,0,0,66,1581.4824060924602,,-29.966666666666665,"0,0,0,0","0,0,0"
14.316666666666666,283,AV,1,0,0,11,8981.750106371177,,-14.316666666666666,"0,0,0,0","0,0,0"
40.06666666666667,73,AV,2,0,0,86,1141.0395517097602,,-40.06666666666667,"0,0,0,0","0,0,0"
30.1,221,AV,1,0,0,72,3987.5502105766736,,-30.1,"0,0,0,0","0,0,0"
37.03333333333333,299,AV,2,0,0,48,20239.22920549412,,-37.03333333333333,"0,0,0,0","0,0,0"
44.4,211,AV,2,0,0,72,3742.7752140142647,,-44.4,"0,0,0,0","0,0,0"
29.466666666666665,194,AV,1,0,0,64,3301.717979419838,,-29.466666666666665,"0,0,0,0","0,0,0"
24.2,99,AV,2,0,0,9,1490.1599361877834,,-24.2,"0,0,0,0","0,0,0"
39.1,125,AV,2,0,0,80,1848.7234685638712,,-39.1,"0,0,0,0","0,0,0"
33.43333333333333,156,AV,2,0,0,42,2497.1975937909187,,-33.43333333333333,"0,0,0,0","0,0,0"
42.666666666666664,8,AV,2,0,0,91,491.8679742725259,,-42.666666666666664,"0,0,0,0","0,0,0"
27.816666666666666,79,AV,1,0,0,56,1234.5997004771,,-27.816666666666666,"0,0,0,0","0,0,0"
25.616666666666667,278,AV,1,0,0,55,8475.089255911002,,-25.616666666666667,"0,0,0,0","0,0,0"
42.28333333333333,290,AV,2,0,0,67,11185.875164713363,,-42.28333333333333,"0,0,0,0","0,0,0"
31.45,188,AV,2,0,0,34,3236.647802754315,,-31.45,"0,0,0,0","0,0,0"
42.61666666666667,102,AV,2,0,0,84,1517.942512651984,,-42.61666666666667,"0,0,0,0","0,0,0"
42.85,248,AV,2,0,0,87,4925.450001742355,,-42.85,"0,0,0,0","0,0,0"
43.9,223,AV,2,0,0,91,4021.28082322038,,-43.9,"0,0,0,0","0,0,0"
21.666666666666668,263,AV,2,0,0,9,5960.007005011629,,-21.666666666666668,"0,0,0,0","0,0,0"
34.18333333333333,103,AV,1,0,0,88,1526.0895405694364,,-34.18333333333333,"0,0,0,0","0,0,0"
41.63333333333333,19,AV,2,0,0,89,586.8516376274475,,-41.63333333333333,"0,0,0,0","0,0,0"
32.2,277,AV,1,0,0,85,8139.327108000771,,-32.2,"0,0,0,0","0,0,0"
11.466666666666667,10,AV,1,0,0,2,522.440884226393,,-11.466666666666667,"0,0,0,0","0,0,0"
28.85,288,AV,2,0,0,25,10071.894878668398,,-28.85,"0,0,0,0","0,0,0"
18.966666666666665,184,AV,1,0,0,25,3159.4556453821087,,-18.966666666666665,"0,0,0,0","0,0,0"
43.93333333333333,158,AV,2,0,0,89,2520.757475212996,,-43.93333333333333,"0,0,0,0","0,0,0"
27.833333333333332,247,AV,2,0,0,24,4818.617258984985,,-27.833333333333332,"0,0,0,0","0,0,0"
29.466666666666665,66,AV,1,0,0,61,1005.9867386644172,,-29.466666666666665,"0,0,0,0","0,0,0"
28.933333333333334,224,AV,2,0,0,26,4104.202624979457,,-28.933333333333334,"0,0,0,0","0,0,0"
25.966666666666665,97,AV,2,0,0,9,1467.6871321740252,,-25.966666666666665,"0,0,0,0","0,0,0"
23.533333333333335,293,AV,1,0,0,40,11940.25564443948,,-23.533333333333335,"0,0,0,0","0,0,0"
29.466666666666665,13,AV,2,0,0,26,542.8991684878858,,-29.466666666666665,"0,0,0,0","0,0,0"
25.516666666666666,5,AV,2,0,0,9,457.16351791608827,,-25.516666666666666,"0,0,0,0","0,0,0"
12.6,68,AV,1,0,0,5,1040.734547163155,,-12.6,"0,0,0,0","0,0,0"
15.183333333333334,177,AV,1,0,0,13,3046.5766145774583,,-15.183333333333334,"0,0,0,0","0,0,0"
15.9,168,AV,1,0,0,12,2857.8751728516777,,-15.9,"0,0,0,0","0,0,0"
21.333333333333332,2,AV,2,0,0,1,424.9057127261393,,-21.333333333333332,"0,0,0,0","0,0,0"
36.11666666666667,40,AV,1,0,0,96,807.7368269013535,,-36.11666666666667,"0,0,0,0","0,0,0"
16.983333333333334,244,AV,1,0,0,15,4705.31956239884,,-16.983333333333334,"0,0,0,0","0,0,0"
17.95,60,AV,1,0,0,24,938.3100494872764,,-17.95,"0,0,0,0","0,0,0"
43.7,275,AV,2,0,0,86,7612.519032757181,,-43.7,"0,0,0,0","0,0,0"
40.95,271,AV,2,0,0,75,7336.658338656486,,-40.95,"0,0,0,0","0,0,0"
37.35,18,AV,2,0,0,49,572.7967315704935,,-37.35,"0,0,0,0","0,0,0"
40.28333333333333,205,AV,2,0,0,77,3534.445695738256,,-40.28333333333333,"0,0,0,0","0,0,0"
26.75,9,AV,1,0,0,56,508.6019702527906,,-26.75,"0,0,0,0","0,0,0"
22.683333333333334,37,AV,1,0,0,35,777.0630287344238,,-22.683333333333334,"0,0,0,0","0,0,0"
29.083333333333332,249,AV,1,0,0,63,4951.479839002994,,-29.083333333333332,"0,0,0,0","0,0,0"
29.683333333333334,215,AV,2,0,0,30,3783.636689084741,,-29.683333333333334,"0,0,0,0","0,0,0"
22.1,281,AV,1,0,0,32,8795.495569618428,,-22.1,"0,0,0,0","0,0,0"
31.633333333333333,75,AV,2,0,0,38,1150.2916000513435,,-31.633333333333333,"0,0,0,0","0,0,0"
39.266666666666666,291,AV,2,0,0,76,11515.391842589095,,-39.266666666666666,"0,0,0,0","0,0,0"
29.933333333333334,210,AV,2,0,0,18,3724.6301341612702,,-29.933333333333334,"0,0,0,0","0,0,0"
38.53333333333333,170,AV,1,0,0,100,2909.8477340427667,,-38.53333333333333,"0,0,0,0","0,0,0"
23.916666666666668,117,AV,1,0,0,41,1723.69240549938,,-23.916666666666668,"0,0,0,0","0,0,0"
25.283333333333335,7,AV,2,0,0,20,473.5024380788758,,-25.283333333333335,"0,0,0,0","0,0,0"
45.25,266,AV,2,0,0,92,6563.608435155774,,-45.25,"0,0,0,0","0,0,0"
43.6,171,AV,2,0,0,88,2927.9701715656583,,-43.6,"0,0,0,0","0,0,0"
55.43333333333333,25,AV,2,0,0,97,627.4062491148882,,-55.43333333333333,"0,0,0,0","0,0,0"
24.416666666666668,47,AV,2,0,0,13,857.6590975250949,,-24.416666666666668,"0,0,0,0","0,0,0"
29.683333333333334,26,AV,2,0,0,36,640.5426603936758,,-29.683333333333334,"0,0,0,0","0,0,0"
24.95,203,AV,0,0,0,84,3508.846318545673,,-24.95,"0,0,0,0","0,0,0"
21.65,282,AV,2,0,0,1,8975.220492497892,,-21.65,"0,0,0,0","0,0,0"
42.46666666666667,198,AV,2,0,0,73,3393.6426315430986,,-42.46666666666667,"0,0,0,0","0,0,0"
25.466666666666665,265,AV,1,0,0,47,6230.691172258436,,-25.466666666666665,"0,0,0,0","0,0,0"
44.016666666666666,145,AV,2,0,0,92,2326.172138461347,,-44.016666666666666,"0,0,0,0","0,0,0"
29.433333333333334,112,AV,1,0,0,60,1661.9571573900298,,-29.433333333333334,"0,0,0,0","0,0,0"
47.53333333333333,113,AV,2,0,0,90,1664.0464513081895,,-47.53333333333333,"0,0,0,0","0,0,0"
35.06666666666667,45,AV,1,0,0,92,844.3352662229099,,-35.06666666666667,"0,0,0,0","0,0,0"
32.06666666666667,132,AV,2,0,0,30,2052.607856914241,,-32.06666666666667,"0,0,0,0","0,0,0"
36.46666666666667,174,AV,2,0,0,66,2987.078671303881,,-36.46666666666667,"0,0,0,0","0,0,0"
32.05,41,AV,2,0,0,23,816.2772675203604,,-32.05,"0,0,0,0","0,0,0"
38.7,164,AV,1,0,0,100,2722.266725979925,,-38.7,"0,0,0,0","0,0,0"
33.28333333333333,219,AV,2,0,0,36,3941.04555698938,,-33.28333333333333,"0,0,0,0","0,0,0"
22.166666666666668,135,AV,1,0,0,34,2131.3254046090938,,-22.166666666666668,"0,0,0,0","0,0,0"
38.03333333333333,212,AV,2,0,0,82,3752.1132597063192,,-38.03333333333333,"0,0,0,0","0,0,0"
22.766666666666666,286,AV,1,0,0,36,9280.176126726552,,-22.766666666666666,"0,0,0,0","0,0,0"
35.31666666666667,195,AV,2,0,0,53,3366.895459871004,,-35.31666666666667,"0,0,0,0","0,0,0"
33.666666666666664,33,AV,2,0,0,40,742.6585956180782,,-33.666666666666664,"0,0,0,0","0,0,0"
29.15,154,AV,2,0,0,30,2458.2611968747465,,-29.15,"0,0,0,0","0,0,0"
31.983333333333334,131,AV,1,0,0,85,2022.4315636845977,,-31.983333333333334,"0,0,0,0","0,0,0"
33.46666666666667,65,AV,2,0,0,30,985.8695826897422,,-33.46666666666667,"0,0,0,0","0,0,0"
21.55,228,AV,2,0,0,3,4237.057085974603,,-21.55,"0,0,0,0","0,0,0"
40.983333333333334,128,AV,2,0,0,78,1927.298426803608,,-40.983333333333334,"0,0,0,0","0,0,0"
35.233333333333334,173,AV,2,0,0,41,2965.4163440895786,,-35.233333333333334,"0,0,0,0","0,0,0"
24.716666666666665,178,AV,2,0,0,9,3064.640983136323,,-24.716666666666665,"0,0,0,0","0,0,0"
28.566666666666666,147,AV,1,0,0,60,2337.3116255789537,,-28.566666666666666,"0,0,0,0","0,0,0"
35.5,31,AV,2,0,0,50,736.5379020629116,,-35.5,"0,0,0,0","0,0,0"
32.483333333333334,220,AV,2,0,0,33,3942.222625638348,,-32.483333333333334,"0,0,0,0","0,0,0"
32.61666666666667,78,AV,2,0,0,44,1174.3503864217532,,-32.61666666666667,"0,0,0,0","0,0,0"
17.766666666666666,63,AV,1,0,0,17,950.4213588862824,,-17.766666666666666,"0,0,0,0","0,0,0"
15.633333333333333,85,AV,1,0,0,12,1265.4739572733297,,-15.633333333333333,"0,0,0,0","0,0,0"
31.133333333333333,185,AV,1,0,0,71,3169.820795106812,,-31.133333333333333,"0,0,0,0","0,0,0"
36.3,23,AV,2,0,0,65,601.3137559373858,,-36.3,"0,0,0,0","0,0,0"
18.933333333333334,22,AV,0,0,0,50,597.1498506777683,,-18.933333333333334,"0,0,0,0","0,0,0"
31.183333333333334,57,AV,2,0,0,28,923.9636394510808,,-31.183333333333334,"0,0,0,0","0,0,0"
25.683333333333334,101,AV,1,0,0,37,1509.578116022191,,-25.683333333333334,"0,0,0,0","0,0,0"
24.833333333333332,160,AV,1,0,0,36,2563.744074524839,,-24.833333333333332,"0,0,0,0","0,0,0"
15.816666666666666,16,AV,1,0,0,8,566.7055292848979,,-15.816666666666666,"0,0,0,0","0,0,0"
25.433333333333334,179,AV,2,0,0,16,3097.4575811220984,,-25.433333333333334,"0,0,0,0","0,0,0"
28.1,110,AV,2,0,0,27,1596.1763216794554,,-28.1,"0,0,0,0","0,0,0"
15.416666666666666,133,AV,1,0,0,8,2105.6010448069283,,-15.416666666666666,"0,0,0,0","0,0,0"
38.53333333333333,20,AV,2,0,0,67,588.8906571209208,,-38.53333333333333,"0,0,0,0","0,0,0"
19.25,46,AV,2,0,0,1,849.0657401736111,,-19.25,"0,0,0,0","0,0,0"
21.4,86,AV,1,0,0,28,1297.4303329633815,,-21.4,"0,0,0,0","0,0,0"
43.21666666666667,17,AV,2,0,0,84,571.0932451196882,,-43.21666666666667,"0,0,0,0","0,0,0"
45.46666666666667,196,AV,2,0,0,83,3382.383844415393,,-45.46666666666667,"0,0,0,0","0,0,0"
32.0,59,AV,1,0,0,87,932.1411738504048,,-32.0,"0,0,0,0","0,0,0"
34.666666666666664,252,AV,1,0,0,89,5307.329693361759,,-34.666666666666664,"0,0,0,0","0,0,0"
22.983333333333334,214,AV,2,0,0,4,3778.090807703549,,-22.983333333333334,"0,0,0,0","0,0,0"
39.016666666666666,14,AV,1,0,0,100,546.8646928603165,,-39.016666666666666,"0,0,0,0","0,0,0"
36.43333333333333,124,AV,1,0,0,93,1832.3133019091129,,-36.43333333333333,"0,0,0,0","0,0,0"
39.9,39,AV,2,0,0,79,793.0252767736928,,-39.9,"0,0,0,0","0,0,0"
18.2,208,AV,1,0,0,11,3628.2404526711953,,-18.2,"0,0,0,0","0,0,0"
25.033333333333335,150,AV,1,0,0,46,2382.718205806423,,-25.033333333333335,"0,0,0,0","0,0,0"
25.816666666666666,207,AV,1,0,0,56,3580.4564780460023,,-25.816666666666666,"0,0,0,0","0,0,0"
24.75,62,AV,1,0,0,47,948.3478854920526,,-24.75,"0,0,0,0","0,0,0"
23.533333333333335,137,AV,1,0,0,34,2187.718469250836,,-23.533333333333335,"0,0,0,0","0,0,0"
37.06666666666667,267,AV,2,0,0,60,6778.2755320215965,,-37.06666666666667,"0,0,0,0","0,0,0"
40.28333333333333,256,AV,2,0,0,71,5502.789496653042,,-40.28333333333333,"0,0,0,0","0,0,0"
22.316666666666666,143,AV,1,0,0,26,2318.1098695731453,,-22.316666666666666,"0,0,0,0","0,0,0"
34.8,116,AV,2,0,0,48,1718.6657268339234,,-34.8,"0,0,0,0","0,0,0"
28.9,149,AV,1,0,0,60,2360.1328348572283,,-28.9,"0,0,0,0","0,0,0"
47.61666666666667,264,AV,2,0,0,90,6130.868263041086,,-47.61666666666667,"0,0,0,0","0,0,0"
40.61666666666667,268,AV,2,0,0,86,7081.334819999852,,-40.61666666666667,"0,0,0,0","0,0,0"
29.066666666666666,136,AV,1,0,0,64,2158.6935677652164,,-29.066666666666666,"0,0,0,0","0,0,0"
22.1,29,AV,2,0,0,1,682.056612603955,,-22.1,"0,0,0,0","0,0,0"
33.63333333333333,197,AV,2,0,0,39,3389.778327720714,,-33.63333333333333,"0,0,0,0","0,0,0"
13.716666666666667,172,AV,1,0,0,8,2964.6777926145683,,-13.716666666666667,"0,0,0,0","0,0,0"
30.316666666666666,239,AV,2,0,0,39,4635.813442599864,,-30.316666666666666,"0,0,0,0","0,0,0"
46.766666666666666,42,AV,2,0,0,92,818.0604611907775,,-46.766666666666666,"0,0,0,0","0,0,0"
22.4,38,AV,2,0,0,9,779.2240782816187,,-22.4,"0,0,0,0","0,0,0"
43.666666666666664,255,AV,2,0,0,91,5434.023139443809,,-43.666666666666664,"0,0,0,0","0,0,0"
23.316666666666666,134,AV,2,0,0,9,2113.1349678504243,,-23.316666666666666,"0,0,0,0","0,0,0"
22.366666666666667,32,AV,1,0,0,24,742.4887258523852,,-22.366666666666667,"0,0,0,0","0,0,0"
36.583333333333336,153,AV,1,0,0,100,2411.397471856681,,-36.583333333333336,"0,0,0,0","0,0,0"
38.31666666666667,100,AV,2,0,0,61,1503.4428459110418,,-38.31666666666667,"0,0,0,0","0,0,0"
35.766666666666666,144,AV,1,0,0,93,2318.2944376966047,,-35.766666666666666,"0,0,0,0","0,0,0"
29.916666666666668,298,AV,2,0,0,22,17322.90883950548,,-29.916666666666668,"0,0,0,0","0,0,0"
22.116666666666667,146,AV,1,0,0,29,2329.0008356791827,,-22.116666666666667,"0,0,0,0","0,0,0"
11.95,169,AV,1,0,0,3,2891.134206742707,,-11.95,"0,0,0,0","0,0,0"
36.9,27,AV,2,0,0,67,646.5589615252754,,-36.9,"0,0,0,0","0,0,0"
29.0,142,AV,2,0,0,19,2280.385817754286,,-29.0,"0,0,0,0","0,0,0"
18.666666666666668,82,AV,0,0,0,46,1260.3927948639828,,-18.666666666666668,"0,0,0,0","0,0,0"
22.533333333333335,104,AV,1,0,0,34,1541.4014724042315,,-22.533333333333335,"0,0,0,0","0,0,0"
34.266666666666666,34,AV,1,0,0,90,753.7709081553346,,-34.266666666666666,"0,0,0,0","0,0,0"
8.666666666666666,120,AV,0,0,0,11,1794.439334206041,,-8.666666666666666,"0,0,0,0","0,0,0"
16.416666666666668,55,AV,1,0,0,4,881.2906222289953,,-16.416666666666668,"0,0,0,0","0,0,0"
28.583333333333332,250,AV,1,0,0,64,4967.653125719208,,-28.583333333333332,"0,0,0,0","0,0,0"
22.833333333333332,241,AV,1,0,0,33,4662.282088415262,,-22.833333333333332,"0,0,0,0","0,0,0"
39.6,4,AV,2,0,0,53,437.8567856598078,,-39.6,"0,0,0,0","0,0,0"
43.78333333333333,159,AV,2,0,0,88,2530.9644311939346,,-43.78333333333333,"0,0,0,0","0,0,0"
16.966666666666665,213,AV,1,0,0,15,3773.692032315799,,-16.966666666666665,"0,0,0,0","0,0,0"
42.9,96,AV,2,0,0,74,1454.957177165027,,-42.9,"0,0,0,0","0,0,0"
23.833333333333332,139,AV,2,0,0,15,2198.5025098873134,,-23.833333333333332,"0,0,0,0","0,0,0"
29.733333333333334,123,AV,1,0,0,64,1824.367004680513,,-29.733333333333334,"0,0,0,0","0,0,0"
30.166666666666668,152,AV,2,0,0,34,2398.572127464108,,-30.166666666666668,"0,0,0,0","0,0,0"
33.81666666666667,227,AV,2,0,0,64,4227.85786318916,,-33.81666666666667,"0,0,0,0","0,0,0"
38.833333333333336,240,AV,1,0,0,98,4660.29795945294,,-38.833333333333336,"0,0,0,0","0,0,0"
14.666666666666666,129,AV,1,0,0,4,1945.516475481125,,-14.666666666666666,"0,0,0,0","0,0,0"
46.516666666666666,6,AV,2,0,0,60,465.3670128771111,,-46.516666666666666,"0,0,0,0","0,0,0"
27.766666666666666,35,AV,2,0,0,8,767.6170681366935,,-27.766666666666666,"0,0,0,0","0,0,0"
32.916666666666664,72,AV,2,0,0,46,1104.4445206976068,,-32.916666666666664,"0,0,0,0","0,0,0"
40.86666666666667,216,AV,2,0,0,68,3803.247088152212,,-40.86666666666667,"0,0,0,0","0,0,0"
29.916666666666668,81,AV,2,0,0,26,1244.4027248274256,,-29.916666666666668,"0,0,0,0","0,0,0"
30.266666666666666,28,AV,2,0,0,24,649.7132696839626,,-30.266666666666666,"0,0,0,0","0,0,0"
17.95,11,AV,1,0,0,19,539.5213747330826,,-17.95,"0,0,0,0","0,0,0"
39.55,285,AV,2,0,0,63,9095.945853089892,,-39.55,"0,0,0,0","0,0,0"
26.433333333333334,191,AV,2,0,0,15,3257.3450634265246,,-26.433333333333334,"0,0,0,0","0,0,0"
28.616666666666667,24,AV,1,0,0,60,615.3970356119416,,-28.616666666666667,"0,0,0,0","0,0,0"
30.583333333333332,237,AV,2,0,0,28,4577.590037133467,,-30.583333333333332,"0,0,0,0","0,0,0"
28.933333333333334,126,AV,2,0,0,19,1888.2149669861096,,-28.933333333333334,"0,0,0,0","0,0,0"
37.13333333333333,246,AV,2,0,0,53,4754.245589533712,,-37.13333333333333,"0,0,0,0","0,0,0"
37.28333333333333,279,AV,2,0,0,60,8639.921150992108,,-37.28333333333333,"0,0,0,0","0,0,0"
45.93333333333333,3,AV,2,0,0,99,437.5592869272848,,-45.93333333333333,"0,0,0,0","0,0,0"
35.416666666666664,176,AV,2,0,0,39,3032.1279287666234,,-35.416666666666664,"0,0,0,0","0,0,0"
47.0,180,AV,2,0,0,95,3101.095365071405,,-47.0,"0,0,0,0","0,0,0"
22.05,206,AV,1,0,0,28,3539.477986656502,,-22.05,"0,0,0,0","0,0,0"
45.15,92,AV,2,0,0,94,1411.5824788559885,,-45.15,"0,0,0,0","0,0,0"
35.18333333333333,259,AV,1,0,0,88,5862.871835726062,,-35.18333333333333,"0,0,0,0","0,0,0"
48.21666666666667,94,AV,2,0,0,93,1434.2863071033526,,-48.21666666666667,"0,0,0,0","0,0,0"
28.983333333333334,258,AV,2,0,0,13,5844.130995646287,,-28.983333333333334,"0,0,0,0","0,0,0"
16.966666666666665,192,AV,0,0,0,45,3257.969850357721,,-16.966666666666665,"0,0,0,0","0,0,0"
31.516666666666666,71,AV,2,0,0,35,1083.524948441525,,-31.516666666666666,"0,0,0,0","0,0,0"
30.366666666666667,235,AV,1,0,0,67,4569.840806868062,,-30.366666666666667,"0,0,0,0","0,0,0"
30.916666666666668,297,AV,2,0,0,23,14754.343640924068,,-30.916666666666668,"0,0,0,0","0,0,0"
19.466666666666665,50,AV,1,0,0,25,863.5619359671642,,-19.466666666666665,"0,0,0,0","0,0,0"
43.38333333333333,182,AV,2,0,0,86,3151.1733449572957,,-43.38333333333333,"0,0,0,0","0,0,0"
23.666666666666668,189,AV,1,0,0,39,3245.380745418587,,-23.666666666666668,"0,0,0,0","0,0,0"
33.71666666666667,84,AV,1,0,0,86,1261.43865123121,,-33.71666666666667,"0,0,0,0","0,0,0"
42.96666666666667,165,AV,2,0,0,77,2744.255474143275,,-42.96666666666667,"0,0,0,0","0,0,0"
15.466666666666667,254,AV,1,0,0,9,5354.15698790508,,-15.466666666666667,"0,0,0,0","0,0,0"
25.45,251,AV,1,0,0,53,5200.876525735832,,-25.45,"0,0,0,0","0,0,0"
11.716666666666667,201,AV,1,0,0,4,3456.1529418207683,,-11.716666666666667,"0,0,0,0","0,0,0"
31.166666666666668,51,AV,1,0,0,72,870.7377108213431,,-31.166666666666668,"0,0,0,0","0,0,0"
25.716666666666665,0,AV,2,0,0,5,388.2787303527966,,-25.716666666666665,"0,0,0,0","0,0,0"
31.133333333333333,111,AV,1,0,0,78,1628.9397076974285,,-31.133333333333333,"0,0,0,0","0,0,0"
23.45,292,AV,1,0,0,36,11662.42845360034,,-23.45,"0,0,0,0","0,0,0"
29.583333333333332,269,AV,2,0,0,20,7332.887514065835,,-29.583333333333332,"0,0,0,0","0,0,0"
23.433333333333334,53,AV,1,0,0,40,873.8892656114449,,-23.433333333333334,"0,0,0,0","0,0,0"
25.916666666666668,274,AV,1,0,0,56,7592.14370769901,,-25.916666666666668,"0,0,0,0","0,0,0"
29.75,187,AV,1,0,0,60,3206.59631480788,,-29.75,"0,0,0,0","0,0,0"
37.766666666666666,89,AV,2,0,0,62,1348.5865378412918,,-37.766666666666666,"0,0,0,0","0,0,0"
38.333333333333336,70,AV,2,0,0,60,1074.3823512953045,,-38.333333333333336,"0,0,0,0","0,0,0"
35.3,295,AV,1,0,0,91,13460.811009378149,,-35.3,"0,0,0,0","0,0,0"
40.86666666666667,202,AV,2,0,0,83,3487.44186130441,,-40.86666666666667,"0,0,0,0","0,0,0"
36.333333333333336,186,AV,2,0,0,52,3197.7177395395383,,-36.333333333333336,"0,0,0,0","0,0,0"
15.616666666666667,257,AV,1,0,0,10,5702.891177591027,,-15.616666666666667,"0,0,0,0","0,0,0"
24.566666666666666,273,AV,1,0,0,43,7572.106998522375,,-24.566666666666666,"0,0,0,0","0,0,0"
29.266666666666666,130,AV,2,0,0,16,1986.5043233563797,,-29.266666666666666,"0,0,0,0","0,0,0"
47.416666666666664,122,AV,2,0,0,93,1822.2981036688468,,-47.416666666666664,"0,0,0,0","0,0,0"
32.86666666666667,243,AV,1,0,0,79,4687.914961676448,,-32.86666666666667,"0,0,0,0","0,0,0"
37.333333333333336,114,AV,1,0,0,91,1691.6338586686718,,-37.333333333333336,"0,0,0,0","0,0,0"
22.75,108,AV,2,0,0,6,1592.2311391495805,,-22.75,"0,0,0,0","0,0,0"
22.15,260,AV,1,0,0,32,5882.279762541917,,-22.15,"0,0,0,0","0,0,0"
16.283333333333335,162,AV,1,0,0,17,2580.565825479665,,-16.283333333333335,"0,0,0,0","0,0,0"
31.333333333333332,233,AV,1,0,0,81,4459.768546990965,,-31.333333333333332,"0,0,0,0","0,0,0"
27.783333333333335,155,AV,1,0,0,61,2476.7926805910606,,-27.783333333333335,"0,0,0,0","0,0,0"
23.95,121,AV,2,0,0,12,1797.659883656486,,-23.95,"0,0,0,0","0,0,0"
40.3,93,AV,2,0,0,49,1421.705549214182,,-40.3,"0,0,0,0","0,0,0"
38.2,76,AV,2,0,0,71,1150.4391077840953,,-38.2,"0,0,0,0","0,0,0"
39.88333333333333,161,AV,2,0,0,77,2574.4307659940623,,-39.88333333333333,"0,0,0,0","0,0,0"
36.38333333333333,175,AV,2,0,0,44,3017.17067826153,,-36.38333333333333,"0,0,0,0","0,0,0"
30.416666666666668,98,AV,1,0,0,73,1475.2077210572677,,-30.416666666666668,"0,0,0,0","0,0,0"
40.5,280,AV,2,0,0,83,8689.506535985933,,-40.5,"0,0,0,0","0,0,0"
31.65,261,AV,2,0,0,41,5899.132481879994,,-31.65,"0,0,0,0","0,0,0"
25.05,166,AV,2,0,0,2,2818.3733061874163,,-25.05,"0,0,0,0","0,0,0"
29.7,67,AV,1,0,0,66,1022.032321197676,,-29.7,"0,0,0,0","0,0,0"
20.116666666666667,294,AV,2,0,0,2,12051.378145129962,,-20.116666666666667,"0,0,0,0","0,0,0"
40.86666666666667,163,AV,2,0,0,76,2675.3892374750885,,-40.86666666666667,"0,0,0,0","0,0,0"
40.03333333333333,48,AV,1,0,0,92,859.2772315809713,,-40.03333333333333,"0,0,0,0","0,0,0"
22.316666666666666,238,AV,1,0,0,32,4617.971391102537,,-22.316666666666666,"0,0,0,0","0,0,0"
34.833333333333336,49,AV,1,0,0,90,863.3540159882258,,-34.833333333333336,"0,0,0,0","0,0,0"
46.43333333333333,272,AV,2,0,0,84,7362.36439851089,,-46.43333333333333,"0,0,0,0","0,0,0"
30.216666666666665,245,AV,0,0,0,98,4707.821121085941,,-30.216666666666665,"0,0,0,0","0,0,0"
34.95,289,AV,2,0,0,48,10783.100237376317,,-34.95,"0,0,0,0","0,0,0"
37.38333333333333,95,AV,2,0,0,70,1434.4967426379471,,-37.38333333333333,"0,0,0,0","0,0,0"
26.633333333333333,61,AV,2,0,0,19,943.1907669438916,,-26.633333333333333,"0,0,0,0","0,0,0"
35.75,234,AV,1,0,0,91,4549.070920567666,,-35.75,"0,0,0,0","0,0,0"
31.916666666666668,36,AV,1,0,0,75,776.0711537761008,,-31.916666666666668,"0,0,0,0","0,0,0"
47.083333333333336,222,AV,2,0,0,100,4015.909421979459,,-47.083333333333336,"0,0,0,0","0,0,0"
20.45,88,AV,1,0,0,26,1338.7213376931895,,-20.45,"0,0,0,0","0,0,0"
18.0,200,AV,1,0,0,19,3438.9188747307694,,-18.0,"0,0,0,0","0,0,0"
22.033333333333335,232,AV,1,0,0,27,4446.537177105173,,-22.033333333333335,"0,0,0,0","0,0,0"
29.683333333333334,157,AV,1,0,0,64,2520.718778515204,,-29.683333333333334,"0,0,0,0","0,0,0"
23.466666666666665,262,AV,2,0,0,14,5913.041300376779,,-23.466666666666665,"0,0,0,0","0,0,0"
27.866666666666667,80,AV,1,0,0,59,1239.4416864014672,,-27.866666666666667,"0,0,0,0","0,0,0"
35.983333333333334,90,AV,1,0,0,91,1373.5659577718477,,-35.983333333333334,"0,0,0,0","0,0,0"
11.733333333333333,105,AV,1,0,0,0,1552.9853059451273,,-11.733333333333333,"0,0,0,0","0,0,0"
24.866666666666667,141,AV,1,0,0,43,2239.257430619588,,-24.866666666666667,"0,0,0,0","0,0,0"
36.833333333333336,44,AV,1,0,0,96,837.3801312568858,,-36.833333333333336,"0,0,0,0","0,0,0"
38.05,209,AV,2,0,0,43,3654.013033637752,,-38.05,"0,0,0,0","0,0,0"
21.0,119,AV,1,0,0,32,1782.711710770346,,-21.0,"0,0,0,0","0,0,0"
40.85,193,AV,2,0,0,84,3292.2479258152307,,-40.85,"0,0,0,0","0,0,0"
26.566666666666666,151,AV,2,0,0,17,2397.5381966938494,,-26.566666666666666,"0,0,0,0","0,0,0"
44.21666666666667,74,AV,2,0,0,85,1148.2139867956057,,-44.21666666666667,"0,0,0,0","0,0,0"
31.133333333333333,287,AV,1,0,0,68,9884.322174397852,,-31.133333333333333,"0,0,0,0","0,0,0"
38.4,106,AV,2,0,0,78,1564.4426034616197,,-38.4,"0,0,0,0","0,0,0"
26.633333333333333,69,AV,2,0,0,20,1062.4074567339185,,-26.633333333333333,"0,0,0,0","0,0,0"
26.016666666666666,270,AV,2,0,0,11,7334.728577480919,,-26.016666666666666,"0,0,0,0","0,0,0"
28.666666666666668,83,AV,2,0,0,25,1260.6549751070208,,-28.666666666666668,"0,0,0,0","0,0,0"
18.133333333333333,230,AV,1,0,0,18,4381.240268036911,,-18.133333333333333,"0,0,0,0","0,0,0"
32.0,138,AV,1,0,0,82,2193.4249838744518,,-32.0,"0,0,0,0","0,0,0"
23.733333333333334,12,AV,2,0,0,1,541.9839687696077,,-23.733333333333334,"0,0,0,0","0,0,0"
30.3,181,AV,1,0,0,67,3119.7161673652217,,-30.3,"0,0,0,0","0,0,0"
20.633333333333333,148,AV,2,0,0,2,2347.541384251396,,-20.633333333333333,"0,0,0,0","0,0,0"
24.65,52,AV,2,0,0,3,871.0408974081768,,-24.65,"0,0,0,0","0,0,0"
21.766666666666666,190,AV,2,0,0,0,3251.3322332141274,,-21.766666666666666,"0,0,0,0","0,0,0"
41.766666666666666,226,AV,2,0,0,78,4196.147454418583,,-41.766666666666666,"0,0,0,0","0,0,0"
23.283333333333335,15,AV,1,0,0,38,548.7192496267361,,-23.283333333333335,"0,0,0,0","0,0,0"
29.733333333333334,167,AV,1,0,0,51,2857.6088215719105,,-29.733333333333334,"0,0,0,0","0,0,0"
20.316666666666666,87,AV,1,0,0,27,1301.8927857652438,,-20.316666666666666,"0,0,0,0","0,0,0"
23.066666666666666,127,AV,1,0,0,21,1921.5023446668008,,-23.066666666666666,"0,0,0,0","0,0,0"
30.633333333333333,43,AV,2,0,0,43,832.3173438658397,,-30.633333333333333,"0,0,0,0","0,0,0"
38.75,199,AV,2,0,0,51,3414.9419898187493,,-38.75,"0,0,0,0","0,0,0"
18.716666666666665,276,AV,1,0,0,20,7864.29237148983,,-18.716666666666665,"0,0,0,0","0,0,0"
20.333333333333332,296,AV,1,0,0,23,14297.77376075636,,-20.333333333333332,"0,0,0,0","0,0,0"
29.15,64,AV,2,0,0,17,954.0002559944874,,-29.15,"0,0,0,0","0,0,0"
37.3,253,AV,2,0,0,70,5341.061461458292,,-37.3,"0,0,0,0","0,0,0"
25.483333333333334,56,AV,1,0,0,55,904.859336063587,,-25.483333333333334,"0,0,0,0","0,0,0"
29.566666666666666,30,AV,2,0,0,25,720.4688823460104,,-29.566666666666666,"0,0,0,0","0,0,0"
27.3,109,AV,2,0,0,16,1594.6992934726818,,-27.3,"0,0,0,0","0,0,0"
39.46666666666667,58,AV,2,0,0,64,926.7012599248138,,-39.46666666666667,"0,0,0,0","0,0,0"
31.133333333333333,242,AV,2,0,0,32,4669.869929992837,,-31.133333333333333,"0,0,0,0","0,0,0"
32.38333333333333,118,AV,2,0,0,42,1751.9448432672848,,-32.38333333333333,"0,0,0,0","0,0,0"
32.96666666666667,21,AV,1,0,0,87,591.6693204447811,,-32.96666666666667,"0,0,0,0","0,0,0"
38.833333333333336,54,AV,1,0,0,99,877.2934597877683,,-38.833333333333336,"0,0,0,0","0,0,0"
21.766666666666666,77,AV,2,0,0,8,1167.011530479414,,-21.766666666666666,"0,0,0,0","0,0,0"
34.333333333333336,115,AV,2,0,0,52,1697.366940102563,,-34.333333333333336,"0,0,0,0","0,0,0"
42.18333333333333,231,AV,2,0,0,80,4416.224882412617,,-42.18333333333333,"0,0,0,0","0,0,0"
43.68333333333333,204,AV,2,0,0,80,3531.3895067900216,,-43.68333333333333,"0,0,0,0","0,0,0"
31.866666666666667,236,AV,2,0,0,45,4572.8741748457805,,-31.866666666666667,"0,0,0,0","0,0,0"
14.2,284,AV,1,0,0,6,8987.822610831106,,-14.2,"0,0,0,0","0,0,0"
24.666666666666668,229,AV,1,0,0,55,4245.708624069837,,-24.666666666666668,"0,0,0,0","0,0,0"
20.883333333333333,140,AV,1,0,0,27,2222.040577514192,,-20.883333333333333,"0,0,0,0","0,0,0"
28.566666666666666,218,AV,1,0,0,58,3933.772930850901,,-28.566666666666666,"0,0,0,0","0,0,0"
27.316666666666666,91,AV,2,0,0,11,1386.7650627050614,,-27.316666666666666,"0,0,0,0","0,0,0"
29.15,1,AV,2,0,0,22,417.8295094645922,,-29.15,"0,0,0,0","0,0,0"
