travel_time,id,kind,action,origin,destination,start_time,income,urgency,reward,observation,cost_table
30.0,217,AV,1,0,0,48,3882.59008652233,,-30.0,"0,0,0,0","0,0,0"
37.45,183,AV,1,0,0,74,3158.0604616132755,,-37.45,"0,0,0,0","0,0,0"
17.183333333333334,225,AV,1,0,0,14,4113.319853961603,,-17.183333333333334,"0,0,0,0","0,0,0"
42.13333333333333,107,AV,1,0,0,82,1581.4824060924602,,-42.13333333333333,"0,0,0,0","0,0,0"
26.483333333333334,283,AV,1,0,0,39,8981.750106371177,,-26.483333333333334,"0,0,0,0","0,0,0"
22.283333333333335,73,AV,1,0,0,30,1141.0395517097602,,-22.283333333333335,"0,0,0,0","0,0,0"
20.216666666666665,221,AV,1,0,0,22,3987.5502105766736,,-20.216666666666665,"0,0,0,0","0,0,0"
25.866666666666667,299,AV,1,0,0,35,20239.22920549412,,-25.866666666666667,"0,0,0,0","0,0,0"
27.033333333333335,211,AV,1,0,0,41,3742.7752140142647,,-27.033333333333335,"0,0,0,0","0,0,0"
13.516666666666667,194,AV,1,0,0,6,3301.717979419838,,-13.516666666666667,"0,0,0,0","0,0,0"
46.88333333333333,99,AV,1,0,0,97,1490.1599361877834,,-46.88333333333333,"0,0,0,0","0,0,0"
22.533333333333335,125,AV,1,0,0,33,1848.7234685638712,,-22.533333333333335,"0,0,0,0","0,0,0"
8.566666666666666,156,AV,0,0,0,14,2497.1975937909187,,-8.566666666666666,"0,0,0,0","0,0,0"
13.6,8,AV,0,0,0,35,491.8679742725259,,-13.6,"0,0,0,0","0,0,0"
19.333333333333332,79,AV,1,0,0,20,1234.5997004771,,-19.333333333333332,"0,0,0,0","0,0,0"
32.333333333333336,278,AV,1,0,0,57,8475.089255911002,,-32.333333333333336,"0,0,0,0","0,0,0"
14.383333333333333,290,AV,1,0,0,7,11185.875164713363,,-14.383333333333333,"0,0,0,0","0,0,0"
48.05,188,AV,1,0,0,95,3236.647802754315,,-48.05,"0,0,0,0","0,0,0"
12.516666666666667,102,AV,1,0,0,5,1517.942512651984,,-12.516666666666667,"0,0,0,0","0,0,0"
40.68333333333333,248,AV,1,0,0,81,4925.450001742355,,-40.68333333333333,"0,0,0,0","0,0,0"
38.81666666666667,223,AV,1,0,0,75,4021.28082322038,,-38.81666666666667,"0,0,0,0","0,0,0"
33.516666666666666,263,AV,2,0,0,44,5960.007005011629,,-33.516666666666666,"0,0,0,0","0,0,0"
16.433333333333334,103,AV,1,0,0,6,1526.0895405694364,,-16.433333333333334,"0,0,0,0","0,0,0"
37.4,19,AV,1,0,0,73,586.8516376274475,,-37.4,"0,0,0,0","0,0,0"
19.933333333333334,277,AV,1,0,0,24,8139.327108000771,,-19.933333333333334,"0,0,0,0","0,0,0"
34.733333333333334,10,AV,1,0,0,62,522.440884226393,,-34.733333333333334,"0,0,0,0","0,0,0"
46.78333333333333,288,AV,1,0,0,91,10071.894878668398,,-46.78333333333333,"0,0,0,0","0,0,0"
12.05,184,AV,1,0,0,3,3159.4556453821087,,-12.05,"0,0,0,0","0,0,0"
31.133333333333333,158,AV,1,0,0,48,2520.757475212996,,-31.133333333333333,"0,0,0,0","0,0,0"
33.2,247,AV,2,0,0,45,4818.617258984985,,-33.2,"0,0,0,0","0,0,0"
31.933333333333334,66,AV,2,0,0,34,1005.9867386644172,,-31.933333333333334,"0,0,0,0","0,0,0"
16.916666666666668,224,AV,1,0,0,14,4104.202624979457,,-16.916666666666668,"0,0,0,0","0,0,0"
28.766666666666666,97,AV,2,0,0,22,1467.6871321740252,,-28.766666666666666,"0,0,0,0","0,0,0"
42.9,293,AV,1,0,0,86,11940.25564443948,,-42.9,"0,0,0,0","0,0,0"
13.783333333333333,13,AV,1,0,0,7,542.8991684878858,,-13.783333333333333,"0,0,0,0","0,0,0"
41.1,5,AV,1,0,0,84,457.16351791608827,,-41.1,"0,0,0,0","0,0,0"
39.86666666666667,68,AV,2,0,0,87,1040.734547163155,,-39.86666666666667,"0,0,0,0","0,0,0"
29.833333333333332,177,AV,1,0,0,47,3046.5766145774583,,-29.833333333333332,"0,0,0,0","0,0,0"
40.96666666666667,168,AV,1,0,0,83,2857.8751728516777,,-40.96666666666667,"0,0,0,0","0,0,0"
12.066666666666666,2,AV,0,0,0,25,424.9057127261393,,-12.066666666666666,"0,0,0,0","0,0,0"
34.6,40,AV,1,0,0,61,807.7368269013535,,-34.6,"0,0,0,0","0,0,0"
38.5,244,AV,1,0,0,77,4705.31956239884,,-38.5,"0,0,0,0","0,0,0"
29.1,60,AV,1,0,0,43,938.3100494872764,,-29.1,"0,0,0,0","0,0,0"
51.65,275,AV,1,0,0,99,7612.519032757181,,-51.65,"0,0,0,0","0,0,0"
44.25,271,AV,1,0,0,89,7336.658338656486,,-44.25,"0,0,0,0","0,0,0"
36.21666666666667,18,AV,2,0,0,70,572.7967315704935,,-36.21666666666667,"0,0,0,0","0,0,0"
23.316666666666666,205,AV,2,0,0,8,3534.445695738256,,-23.316666666666666,"0,0,0,0","0,0,0"
31.733333333333334,9,AV,2,0,0,36,508.6019702527906,,-31.733333333333334,"0,0,0,0","0,0,0"
37.483333333333334,37,AV,2,0,0,64,777.0630287344238,,-37.483333333333334,"0,0,0,0","0,0,0"
34.2,249,AV,1,0,0,56,4951.479839002994,,-34.2,"0,0,0,0","0,0,0"
20.333333333333332,215,AV,1,0,0,24,3783.636689084741,,-20.333333333333332,"0,0,0,0","0,0,0"
43.733333333333334,281,AV,1,0,0,87,8795.495569618428,,-43.733333333333334,"0,0,0,0","0,0,0"
31.216666666666665,75,AV,1,0,0,52,1150.2916000513435,,-31.216666666666665,"0,0,0,0","0,0,0"
31.133333333333333,291,AV,1,0,0,50,11515.391842589095,,-31.133333333333333,"0,0,0,0","0,0,0"
24.366666666666667,210,AV,1,0,0,35,3724.6301341612702,,-24.366666666666667,"0,0,0,0","0,0,0"
50.0,170,AV,1,0,0,100,2909.8477340427667,,-50.0,"0,0,0,0","0,0,0"
40.833333333333336,117,AV,2,0,0,79,1723.69240549938,,-40.833333333333336,"0,0,0,0","0,0,0"
19.916666666666668,7,AV,1,0,0,22,473.5024380788758,,-19.916666666666668,"0,0,0,0","0,0,0"
37.61666666666667,266,AV,2,0,0,70,6563.608435155774,,-37.61666666666667,"0,0,0,0","0,0,0"
32.416666666666664,171,AV,1,0,0,56,2927.9701715656583,,-32.416666666666664,"0,0,0,0","0,0,0"
33.03333333333333,25,AV,1,0,0,57,627.4062491148882,,-33.03333333333333,"0,0,0,0","0,0,0"
16.983333333333334,47,AV,1,0,0,13,857.6590975250949,,-16.983333333333334,"0,0,0,0","0,0,0"
24.416666666666668,26,AV,1,0,0,35,640.5426603936758,,-24.416666666666668,"0,0,0,0","0,0,0"
29.133333333333333,203,AV,2,0,0,18,3508.846318545673,,-29.133333333333333,"0,0,0,0","0,0,0"
40.43333333333333,282,AV,1,0,0,80,8975.220492497892,,-40.43333333333333,"0,0,0,0","0,0,0"
23.0,198,AV,2,0,0,7,3393.6426315430986,,-23.0,"0,0,0,0","0,0,0"
47.516666666666666,265,AV,1,0,0,98,6230.691172258436,,-47.516666666666666,"0,0,0,0","0,0,0"
36.11666666666667,145,AV,1,0,0,71,2326.172138461347,,-36.11666666666667,"0,0,0,0","0,0,0"
21.216666666666665,112,AV,1,0,0,26,1661.9571573900298,,-21.216666666666665,"0,0,0,0","0,0,0"
46.88333333333333,113,AV,1,0,0,94,1664.0464513081895,,-46.88333333333333,"0,0,0,0","0,0,0"
23.3,45,AV,1,0,0,33,844.3352662229099,,-23.3,"0,0,0,0","0,0,0"
35.11666666666667,132,AV,1,0,0,62,2052.607856914241,,-35.11666666666667,"0,0,0,0","0,0,0"
32.68333333333333,174,AV,1,0,0,58,2987.078671303881,,-32.68333333333333,"0,0,0,0","0,0,0"
16.533333333333335,41,AV,1,0,0,10,816.2772675203604,,-16.533333333333335,"0,0,0,0","0,0,0"
27.066666666666666,164,AV,1,0,0,39,2722.266725979925,,-27.066666666666666,"0,0,0,0","0,0,0"
27.8,219,AV,1,0,0,44,3941.04555698938,,-27.8,"0,0,0,0","0,0,0"
26.433333333333334,135,AV,1,0,0,39,2131.3254046090938,,-26.433333333333334,"0,0,0,0","0,0,0"
20.683333333333334,212,AV,2,0,0,2,3752.1132597063192,,-20.683333333333334,"0,0,0,0","0,0,0"
35.15,286,AV,2,0,0,66,9280.176126726552,,-35.15,"0,0,0,0","0,0,0"
35.483333333333334,195,AV,1,0,0,67,3366.895459871004,,-35.483333333333334,"0,0,0,0","0,0,0"
42.13333333333333,33,AV,1,0,0,81,742.6585956180782,,-42.13333333333333,"0,0,0,0","0,0,0"
25.233333333333334,154,AV,1,0,0,25,2458.2611968747465,,-25.233333333333334,"0,0,0,0","0,0,0"
21.316666666666666,131,AV,1,0,0,30,2022.4315636845977,,-21.316666666666666,"0,0,0,0","0,0,0"
35.583333333333336,65,AV,1,0,0,56,985.8695826897422,,-35.583333333333336,"0,0,0,0","0,0,0"
44.25,228,AV,1,0,0,86,4237.057085974603,,-44.25,"0,0,0,0","0,0,0"
17.3,128,AV,1,0,0,14,1927.298426803608,,-17.3,"0,0,0,0","0,0,0"
25.3,173,AV,1,0,0,36,2965.4163440895786,,-25.3,"0,0,0,0","0,0,0"
31.583333333333332,178,AV,1,0,0,51,3064.640983136323,,-31.583333333333332,"0,0,0,0","0,0,0"
40.78333333333333,147,AV,1,0,0,81,2337.3116255789537,,-40.78333333333333,"0,0,0,0","0,0,0"
25.5,31,AV,1,0,0,36,736.5379020629116,,-25.5,"0,0,0,0","0,0,0"
26.433333333333334,220,AV,1,0,0,36,3942.222625638348,,-26.433333333333334,"0,0,0,0","0,0,0"
48.55,78,AV,1,0,0,100,1174.3503864217532,,-48.55,"0,0,0,0","0,0,0"
33.38333333333333,63,AV,2,0,0,69,950.4213588862824,,-33.38333333333333,"0,0,0,0","0,0,0"
21.733333333333334,85,AV,1,0,0,31,1265.4739572733297,,-21.733333333333334,"0,0,0,0","0,0,0"
40.2,185,AV,2,0,0,54,3169.820795106812,,-40.2,"0,0,0,0","0,0,0"
24.733333333333334,23,AV,1,0,0,36,601.3137559373858,,-24.733333333333334,"0,0,0,0","0,0,0"
20.2,22,AV,0,0,0,67,597.1498506777683,,-20.2,"0,0,0,0","0,0,0"
19.516666666666666,57,AV,1,0,0,22,923.9636394510808,,-19.516666666666666,"0,0,0,0","0,0,0"
34.86666666666667,101,AV,1,0,0,62,1509.578116022191,,-34.86666666666667,"0,0,0,0","0,0,0"
27.2,160,AV,1,0,0,42,2563.744074524839,,-27.2,"0,0,0,0","0,0,0"
17.983333333333334,16,AV,1,0,0,19,566.7055292848979,,-17.983333333333334,"0,0,0,0","0,0,0"
42.983333333333334,179,AV,2,0,0,80,3097.4575811220984,,-42.983333333333334,"0,0,0,0","0,0,0"
30.016666666666666,110,AV,2,0,0,36,1596.1763216794554,,-30.016666666666666,"0,0,0,0","0,0,0"
22.783333333333335,133,AV,1,0,0,27,2105.6010448069283,,-22.783333333333335,"0,0,0,0","0,0,0"
25.9,20,AV,1,0,0,36,588.8906571209208,,-25.9,"0,0,0,0","0,0,0"
37.416666666666664,46,AV,1,0,0,73,849.0657401736111,,-37.416666666666664,"0,0,0,0","0,0,0"
27.6,86,AV,1,0,0,42,1297.4303329633815,,-27.6,"0,0,0,0","0,0,0"
29.116666666666667,17,AV,1,0,0,45,571.0932451196882,,-29.116666666666667,"0,0,0,0","0,0,0"
44.78333333333333,196,AV,2,0,0,87,3382.383844415393,,-44.78333333333333,"0,0,0,0","0,0,0"
36.3,59,AV,1,0,0,69,932.1411738504048,,-36.3,"0,0,0,0","0,0,0"
38.46666666666667,252,AV,1,0,0,73,5307.329693361759,,-38.46666666666667,"0,0,0,0","0,0,0"
31.35,214,AV,2,0,0,37,3778.090807703549,,-31.35,"0,0,0,0","0,0,0"
37.65,14,AV,1,0,0,74,546.8646928603165,,-37.65,"0,0,0,0","0,0,0"
44.46666666666667,124,AV,1,0,0,89,1832.3133019091129,,-44.46666666666667,"0,0,0,0","0,0,0"
49.2,39,AV,1,0,0,100,793.0252767736928,,-49.2,"0,0,0,0","0,0,0"
32.583333333333336,208,AV,1,0,0,56,3628.2404526711953,,-32.583333333333336,"0,0,0,0","0,0,0"
30.416666666666668,150,AV,1,0,0,49,2382.718205806423,,-30.416666666666668,"0,0,0,0","0,0,0"
40.06666666666667,207,AV,1,0,0,77,3580.4564780460023,,-40.06666666666667,"0,0,0,0","0,0,0"
15.716666666666667,62,AV,1,0,0,8,948.3478854920526,,-15.716666666666667,"0,0,0,0","0,0,0"
46.916666666666664,137,AV,1,0,0,92,2187.718469250836,,-46.916666666666664,"0,0,0,0","0,0,0"
48.266666666666666,267,AV,1,0,0,97,6778.2755320215965,,-48.266666666666666,"0,0,0,0","0,0,0"
43.21666666666667,256,AV,2,0,0,88,5502.789496653042,,-43.21666666666667,"0,0,0,0","0,0,0"
13.75,143,AV,1,0,0,6,2318.1098695731453,,-13.75,"0,0,0,0","0,0,0"
27.583333333333332,116,AV,1,0,0,43,1718.6657268339234,,-27.583333333333332,"0,0,0,0","0,0,0"
46.6,149,AV,1,0,0,90,2360.1328348572283,,-46.6,"0,0,0,0","0,0,0"
36.95,264,AV,1,0,0,73,6130.868263041086,,-36.95,"0,0,0,0","0,0,0"
42.35,268,AV,1,0,0,86,7081.334819999852,,-42.35,"0,0,0,0","0,0,0"
25.3,136,AV,1,0,0,36,2158.6935677652164,,-25.3,"0,0,0,0","0,0,0"
18.683333333333334,29,AV,0,0,0,53,682.056612603955,,-18.683333333333334,"0,0,0,0","0,0,0"
16.333333333333332,197,AV,1,0,0,9,3389.778327720714,,-16.333333333333332,"0,0,0,0","0,0,0"
32.766666666666666,172,AV,1,0,0,58,2964.6777926145683,,-32.766666666666666,"0,0,0,0","0,0,0"
47.55,239,AV,1,0,0,95,4635.813442599864,,-47.55,"0,0,0,0","0,0,0"
28.5,42,AV,0,0,0,94,818.0604611907775,,-28.5,"0,0,0,0","0,0,0"
24.983333333333334,38,AV,2,0,0,3,779.2240782816187,,-24.983333333333334,"0,0,0,0","0,0,0"
30.4,255,AV,1,0,0,49,5434.023139443809,,-30.4,"0,0,0,0","0,0,0"
22.45,134,AV,1,0,0,31,2113.1349678504243,,-22.45,"0,0,0,0","0,0,0"
18.583333333333332,32,AV,1,0,0,15,742.4887258523852,,-18.583333333333332,"0,0,0,0","0,0,0"
17.266666666666666,153,AV,1,0,0,11,2411.397471856681,,-17.266666666666666,"0,0,0,0","0,0,0"
12.3,100,AV,1,0,0,2,1503.4428459110418,,-12.3,"0,0,0,0","0,0,0"
24.666666666666668,144,AV,1,0,0,29,2318.2944376966047,,-24.666666666666668,"0,0,0,0","0,0,0"
40.65,298,AV,1,0,0,80,17322.90883950548,,-40.65,"0,0,0,0","0,0,0"
24.333333333333332,146,AV,1,0,0,35,2329.0008356791827,,-24.333333333333332,"0,0,0,0","0,0,0"
48.0,169,AV,1,0,0,95,2891.134206742707,,-48.0,"0,0,0,0","0,0,0"
40.11666666666667,27,AV,2,0,0,62,646.5589615252754,,-40.11666666666667,"0,0,0,0","0,0,0"
36.483333333333334,142,AV,1,0,0,72,2280.385817754286,,-36.483333333333334,"0,0,0,0","0,0,0"
47.983333333333334,82,AV,1,0,0,93,1260.3927948639828,,-47.983333333333334,"0,0,0,0","0,0,0"
50.233333333333334,104,AV,1,0,0,99,1541.4014724042315,,-50.233333333333334,"0,0,0,0","0,0,0"
44.733333333333334,34,AV,1,0,0,88,753.7709081553346,,-44.733333333333334,"0,0,0,0","0,0,0"
16.4,120,AV,1,0,0,11,1794.439334206041,,-16.4,"0,0,0,0","0,0,0"
20.883333333333333,55,AV,1,0,0,24,881.2906222289953,,-20.883333333333333,"0,0,0,0","0,0,0"
40.916666666666664,250,AV,2,0,0,88,4967.653125719208,,-40.916666666666664,"0,0,0,0","0,0,0"
12.783333333333333,241,AV,1,0,0,4,4662.282088415262,,-12.783333333333333,"0,0,0,0","0,0,0"
46.71666666666667,4,AV,2,0,0,94,437.8567856598078,,-46.71666666666667,"0,0,0,0","0,0,0"
11.9,159,AV,0,0,0,33,2530.9644311939346,,-11.9,"0,0,0,0","0,0,0"
49.55,213,AV,2,0,0,100,3773.692032315799,,-49.55,"0,0,0,0","0,0,0"
20.716666666666665,96,AV,1,0,0,30,1454.957177165027,,-20.716666666666665,"0,0,0,0","0,0,0"
17.983333333333334,139,AV,1,0,0,15,2198.5025098873134,,-17.983333333333334,"0,0,0,0","0,0,0"
28.233333333333334,123,AV,2,0,0,31,1824.367004680513,,-28.233333333333334,"0,0,0,0","0,0,0"
42.35,152,AV,1,0,0,85,2398.572127464108,,-42.35,"0,0,0,0","0,0,0"
35.733333333333334,227,AV,1,0,0,69,4227.85786318916,,-35.733333333333334,"0,0,0,0","0,0,0"
24.816666666666666,240,AV,1,0,0,35,4660.29795945294,,-24.816666666666666,"0,0,0,0","0,0,0"
17.283333333333335,129,AV,1,0,0,12,1945.516475481125,,-17.283333333333335,"0,0,0,0","0,0,0"
39.0,6,AV,1,0,0,74,465.3670128771111,,-39.0,"0,0,0,0","0,0,0"
25.133333333333333,35,AV,0,0,0,83,767.6170681366935,,-25.133333333333333,"0,0,0,0","0,0,0"
37.333333333333336,72,AV,2,0,0,59,1104.4445206976068,,-37.333333333333336,"0,0,0,0","0,0,0"
43.6,216,AV,2,0,0,89,3803.247088152212,,-43.6,"0,0,0,0","0,0,0"
44.083333333333336,81,AV,1,0,0,90,1244.4027248274256,,-44.083333333333336,"0,0,0,0","0,0,0"
12.366666666666667,28,AV,1,0,0,1,649.7132696839626,,-12.366666666666667,"0,0,0,0","0,0,0"
12.033333333333333,11,AV,1,0,0,1,539.5213747330826,,-12.033333333333333,"0,0,0,0","0,0,0"
35.766666666666666,285,AV,1,0,0,69,9095.945853089892,,-35.766666666666666,"0,0,0,0","0,0,0"
35.483333333333334,191,AV,1,0,0,67,3257.3450634265246,,-35.483333333333334,"0,0,0,0","0,0,0"
11.683333333333334,24,AV,1,0,0,1,615.3970356119416,,-11.683333333333334,"0,0,0,0","0,0,0"
43.766666666666666,237,AV,1,0,0,87,4577.590037133467,,-43.766666666666666,"0,0,0,0","0,0,0"
30.233333333333334,126,AV,1,0,0,46,1888.2149669861096,,-30.233333333333334,"0,0,0,0","0,0,0"
38.416666666666664,246,AV,1,0,0,72,4754.245589533712,,-38.416666666666664,"0,0,0,0","0,0,0"
31.116666666666667,279,AV,1,0,0,46,8639.921150992108,,-31.116666666666667,"0,0,0,0","0,0,0"
38.56666666666667,3,AV,2,0,0,55,437.5592869272848,,-38.56666666666667,"0,0,0,0","0,0,0"
44.93333333333333,176,AV,1,0,0,89,3032.1279287666234,,-44.93333333333333,"0,0,0,0","0,0,0"
29.25,180,AV,1,0,0,46,3101.095365071405,,-29.25,"0,0,0,0","0,0,0"
34.18333333333333,206,AV,2,0,0,50,3539.477986656502,,-34.18333333333333,"0,0,0,0","0,0,0"
40.733333333333334,92,AV,1,0,0,78,1411.5824788559885,,-40.733333333333334,"0,0,0,0","0,0,0"
16.416666666666668,259,AV,1,0,0,8,5862.871835726062,,-16.416666666666668,"0,0,0,0","0,0,0"
41.266666666666666,94,AV,1,0,0,82,1434.2863071033526,,-41.266666666666666,"0,0,0,0","0,0,0"
19.866666666666667,258,AV,1,0,0,21,5844.130995646287,,-19.866666666666667,"0,0,0,0","0,0,0"
34.233333333333334,192,AV,1,0,0,61,3257.969850357721,,-34.233333333333334,"0,0,0,0","0,0,0"
34.083333333333336,71,AV,1,0,0,61,1083.524948441525,,-34.083333333333336,"0,0,0,0","0,0,0"
32.083333333333336,235,AV,1,0,0,52,4569.840806868062,,-32.083333333333336,"0,0,0,0","0,0,0"
16.3,297,AV,1,0,0,7,14754.343640924068,,-16.3,"0,0,0,0","0,0,0"
40.416666666666664,50,AV,1,0,0,78,863.5619359671642,,-40.416666666666664,"0,0,0,0","0,0,0"
37.266666666666666,182,AV,2,0,0,60,3151.1733449572957,,-37.266666666666666,"0,0,0,0","0,0,0"
39.5,189,AV,1,0,0,80,3245.380745418587,,-39.5,"0,0,0,0","0,0,0"
18.95,84,AV,1,0,0,15,1261.43865123121,,-18.95,"0,0,0,0","0,0,0"
43.56666666666667,165,AV,1,0,0,87,2744.255474143275,,-43.56666666666667,"0,0,0,0","0,0,0"
29.133333333333333,254,AV,1,0,0,46,5354.15698790508,,-29.133333333333333,"0,0,0,0","0,0,0"
34.4,251,AV,1,0,0,69,5200.876525735832,,-34.4,"0,0,0,0","0,0,0"
23.65,201,AV,2,0,0,14,3456.1529418207683,,-23.65,"0,0,0,0","0,0,0"
20.066666666666666,51,AV,1,0,0,23,870.7377108213431,,-20.066666666666666,"0,0,0,0","0,0,0"
32.06666666666667,0,AV,1,0,0,55,388.2787303527966,,-32.06666666666667,"0,0,0,0","0,0,0"
29.516666666666666,111,AV,1,0,0,41,1628.9397076974285,,-29.516666666666666,"0,0,0,0","0,0,0"
39.766666666666666,292,AV,1,0,0,78,11662.42845360034,,-39.766666666666666,"0,0,0,0","0,0,0"
23.35,269,AV,1,0,0,33,7332.887514065835,,-23.35,"0,0,0,0","0,0,0"
35.46666666666667,53,AV,1,0,0,65,873.8892656114449,,-35.46666666666667,"0,0,0,0","0,0,0"
31.933333333333334,274,AV,1,0,0,56,7592.14370769901,,-31.933333333333334,"0,0,0,0","0,0,0"
34.083333333333336,187,AV,1,0,0,58,3206.59631480788,,-34.083333333333336,"0,0,0,0","0,0,0"
18.416666666666668,89,AV,0,0,0,58,1348.5865378412918,,-18.416666666666668,"0,0,0,0","0,0,0"
45.96666666666667,70,AV,1,0,0,93,1074.3823512953045,,-45.96666666666667,"0,0,0,0","0,0,0"
16.366666666666667,295,AV,1,0,0,10,13460.811009378149,,-16.366666666666667,"0,0,0,0","0,0,0"
24.85,202,AV,1,0,0,35,3487.44186130441,,-24.85,"0,0,0,0","0,0,0"
38.46666666666667,186,AV,1,0,0,76,3197.7177395395383,,-38.46666666666667,"0,0,0,0","0,0,0"
39.11666666666667,257,AV,1,0,0,78,5702.891177591027,,-39.11666666666667,"0,0,0,0","0,0,0"
14.883333333333333,273,AV,1,0,0,5,7572.106998522375,,-14.883333333333333,"0,0,0,0","0,0,0"
44.416666666666664,130,AV,2,0,0,75,1986.5043233563797,,-44.416666666666664,"0,0,0,0","0,0,0"
43.333333333333336,122,AV,1,0,0,84,1822.2981036688468,,-43.333333333333336,"0,0,0,0","0,0,0"
19.9,243,AV,1,0,0,23,4687.914961676448,,-19.9,"0,0,0,0","0,0,0"
40.166666666666664,114,AV,2,0,0,54,1691.6338586686718,,-40.166666666666664,"0,0,0,0","0,0,0"
28.383333333333333,108,AV,1,0,0,44,1592.2311391495805,,-28.383333333333333,"0,0,0,0","0,0,0"
50.3,260,AV,1,0,0,100,5882.279762541917,,-50.3,"0,0,0,0","0,0,0"
45.266666666666666,162,AV,2,0,0,97,2580.565825479665,,-45.266666666666666,"0,0,0,0","0,0,0"
21.133333333333333,233,AV,1,0,0,26,4459.768546990965,,-21.133333333333333,"0,0,0,0","0,0,0"
48.96666666666667,155,AV,1,0,0,99,2476.7926805910606,,-48.96666666666667,"0,0,0,0","0,0,0"
46.8,121,AV,1,0,0,91,1797.659883656486,,-46.8,"0,0,0,0","0,0,0"
29.15,93,AV,1,0,0,42,1421.705549214182,,-29.15,"0,0,0,0","0,0,0"
18.4,76,AV,1,0,0,14,1150.4391077840953,,-18.4,"0,0,0,0","0,0,0"
26.5,161,AV,2,0,0,20,2574.4307659940623,,-26.5,"0,0,0,0","0,0,0"
33.15,175,AV,1,0,0,60,3017.17067826153,,-33.15,"0,0,0,0","0,0,0"
42.0,98,AV,1,0,0,83,1475.2077210572677,,-42.0,"0,0,0,0","0,0,0"
11.65,280,AV,1,0,0,0,8689.506535985933,,-11.65,"0,0,0,0","0,0,0"
42.15,261,AV,1,0,0,83,5899.132481879994,,-42.15,"0,0,0,0","0,0,0"
50.583333333333336,166,AV,1,0,0,95,2818.3733061874163,,-50.583333333333336,"0,0,0,0","0,0,0"
28.066666666666666,67,AV,1,0,0,44,1022.032321197676,,-28.066666666666666,"0,0,0,0","0,0,0"
13.233333333333333,294,AV,1,0,0,2,12051.378145129962,,-13.233333333333333,"0,0,0,0","0,0,0"
18.416666666666668,163,AV,1,0,0,19,2675.3892374750885,,-18.416666666666668,"0,0,0,0","0,0,0"
42.583333333333336,48,AV,1,0,0,87,859.2772315809713,,-42.583333333333336,"0,0,0,0","0,0,0"
20.166666666666668,238,AV,1,0,0,22,4617.971391102537,,-20.166666666666668,"0,0,0,0","0,0,0"
13.916666666666666,49,AV,1,0,0,3,863.3540159882258,,-13.916666666666666,"0,0,0,0","0,0,0"
45.016666666666666,272,AV,1,0,0,91,7362.36439851089,,-45.016666666666666,"0,0,0,0","0,0,0"
40.35,245,AV,1,0,0,82,4707.821121085941,,-40.35,"0,0,0,0","0,0,0"
38.6,289,AV,1,0,0,73,10783.100237376317,,-38.6,"0,0,0,0","0,0,0"
26.416666666666668,95,AV,1,0,0,38,1434.4967426379471,,-26.416666666666668,"0,0,0,0","0,0,0"
20.666666666666668,61,AV,1,0,0,30,943.1907669438916,,-20.666666666666668,"0,0,0,0","0,0,0"
18.5,234,AV,1,0,0,17,4549.070920567666,,-18.5,"0,0,0,0","0,0,0"
45.05,36,AV,1,0,0,91,776.0711537761008,,-45.05,"0,0,0,0","0,0,0"
46.75,222,AV,1,0,0,91,4015.909421979459,,-46.75,"0,0,0,0","0,0,0"
24.8,88,AV,1,0,0,33,1338.7213376931895,,-24.8,"0,0,0,0","0,0,0"
22.716666666666665,200,AV,1,0,0,33,3438.9188747307694,,-22.716666666666665,"0,0,0,0","0,0,0"
23.216666666666665,232,AV,1,0,0,34,4446.537177105173,,-23.216666666666665,"0,0,0,0","0,0,0"
8.666666666666666,157,AV,0,0,0,11,2520.718778515204,,-8.666666666666666,"0,0,0,0","0,0,0"
23.516666666666666,262,AV,1,0,0,34,5913.041300376779,,-23.516666666666666,"0,0,0,0","0,0,0"
38.05,80,AV,1,0,0,75,1239.4416864014672,,-38.05,"0,0,0,0","0,0,0"
35.233333333333334,90,AV,1,0,0,63,1373.5659577718477,,-35.233333333333334,"0,0,0,0","0,0,0"
16.766666666666666,105,AV,1,0,0,13,1552.9853059451273,,-16.766666666666666,"0,0,0,0","0,0,0"
28.066666666666666,141,AV,1,0,0,41,2239.257430619588,,-28.066666666666666,"0,0,0,0","0,0,0"
49.03333333333333,44,AV,1,0,0,100,837.3801312568858,,-49.03333333333333,"0,0,0,0","0,0,0"
22.816666666666666,209,AV,1,0,0,28,3654.013033637752,,-22.816666666666666,"0,0,0,0","0,0,0"
38.416666666666664,119,AV,1,0,0,65,1782.711710770346,,-38.416666666666664,"0,0,0,0","0,0,0"
43.8,193,AV,2,0,0,93,3292.2479258152307,,-43.8,"0,0,0,0","0,0,0"
13.466666666666667,151,AV,1,0,0,5,2397.5381966938494,,-13.466666666666667,"0,0,0,0","0,0,0"
35.46666666666667,74,AV,1,0,0,63,1148.2139867956057,,-35.46666666666667,"0,0,0,0","0,0,0"
39.85,287,AV,2,0,0,79,9884.322174397852,,-39.85,"0,0,0,0","0,0,0"
12.583333333333334,106,AV,1,0,0,5,1564.4426034616197,,-12.583333333333334,"0,0,0,0","0,0,0"
31.866666666666667,69,AV,1,0,0,56,1062.4074567339185,,-31.866666666666667,"0,0,0,0","0,0,0"
26.816666666666666,270,AV,1,0,0,38,7334.728577480919,,-26.816666666666666,"0,0,0,0","0,0,0"
21.916666666666668,83,AV,1,0,0,27,1260.6549751070208,,-21.916666666666668,"0,0,0,0","0,0,0"
19.283333333333335,230,AV,2,0,0,1,4381.240268036911,,-19.283333333333335,"0,0,0,0","0,0,0"
31.683333333333334,138,AV,1,0,0,53,2193.4249838744518,,-31.683333333333334,"0,0,0,0","0,0,0"
48.333333333333336,12,AV,1,0,0,99,541.9839687696077,,-48.333333333333336,"0,0,0,0","0,0,0"
25.833333333333332,181,AV,1,0,0,36,3119.7161673652217,,-25.833333333333332,"0,0,0,0","0,0,0"
45.31666666666667,148,AV,1,0,0,91,2347.541384251396,,-45.31666666666667,"0,0,0,0","0,0,0"
45.68333333333333,52,AV,1,0,0,89,871.0408974081768,,-45.68333333333333,"0,0,0,0","0,0,0"
43.36666666666667,190,AV,1,0,0,84,3251.3322332141274,,-43.36666666666667,"0,0,0,0","0,0,0"
43.983333333333334,226,AV,1,0,0,88,4196.147454418583,,-43.983333333333334,"0,0,0,0","0,0,0"
32.36666666666667,15,AV,2,0,0,48,548.7192496267361,,-32.36666666666667,"0,0,0,0","0,0,0"
11.966666666666667,167,AV,1,0,0,0,2857.6088215719105,,-11.966666666666667,"0,0,0,0","0,0,0"
16.033333333333335,87,AV,1,0,0,11,1301.8927857652438,,-16.033333333333335,"0,0,0,0","0,0,0"
36.083333333333336,127,AV,1,0,0,70,1921.5023446668008,,-36.083333333333336,"0,0,0,0","0,0,0"
28.416666666666668,43,AV,1,0,0,38,832.3173438658397,,-28.416666666666668,"0,0,0,0","0,0,0"
14.25,199,AV,1,0,0,8,3414.9419898187493,,-14.25,"0,0,0,0","0,0,0"
22.35,276,AV,1,0,0,34,7864.29237148983,,-22.35,"0,0,0,0","0,0,0"
36.7,296,AV,1,0,0,72,14297.77376075636,,-36.7,"0,0,0,0","0,0,0"
43.96666666666667,64,AV,1,0,0,87,954.0002559944874,,-43.96666666666667,"0,0,0,0","0,0,0"
36.61666666666667,253,AV,1,0,0,70,5341.061461458292,,-36.61666666666667,"0,0,0,0","0,0,0"
16.316666666666666,56,AV,1,0,0,8,904.859336063587,,-16.316666666666666,"0,0,0,0","0,0,0"
15.216666666666667,30,AV,1,0,0,9,720.4688823460104,,-15.216666666666667,"0,0,0,0","0,0,0"
29.616666666666667,109,AV,1,0,0,44,1594.6992934726818,,-29.616666666666667,"0,0,0,0","0,0,0"
15.516666666666667,58,AV,1,0,0,7,926.7012599248138,,-15.516666666666667,"0,0,0,0","0,0,0"
41.416666666666664,242,AV,1,0,0,83,4669.869929992837,,-41.416666666666664,"0,0,0,0","0,0,0"
40.25,118,AV,1,0,0,79,1751.9448432672848,,-40.25,"0,0,0,0","0,0,0"
31.133333333333333,21,AV,1,0,0,44,591.6693204447811,,-31.133333333333333,"0,0,0,0","0,0,0"
19.616666666666667,54,AV,1,0,0,12,877.2934597877683,,-19.616666666666667,"0,0,0,0","0,0,0"
24.15,77,AV,1,0,0,35,1167.011530479414,,-24.15,"0,0,0,0","0,0,0"
25.916666666666668,115,AV,1,0,0,38,1697.366940102563,,-25.916666666666668,"0,0,0,0","0,0,0"
35.416666666666664,231,AV,1,0,0,69,4416.224882412617,,-35.416666666666664,"0,0,0,0","0,0,0"
48.1,204,AV,1,0,0,99,3531.3895067900216,,-48.1,"0,0,0,0","0,0,0"
14.983333333333333,236,AV,1,0,0,6,4572.8741748457805,,-14.983333333333333,"0,0,0,0","0,0,0"
31.066666666666666,284,AV,1,0,0,52,8987.822610831106,,-31.066666666666666,"0,0,0,0","0,0,0"
26.766666666666666,229,AV,1,0,0,37,4245.708624069837,,-26.766666666666666,"0,0,0,0","0,0,0"
46.81666666666667,140,AV,1,0,0,95,2222.040577514192,,-46.81666666666667,"0,0,0,0","0,0,0"
39.166666666666664,218,AV,1,0,0,76,3933.772930850901,,-39.166666666666664,"0,0,0,0","0,0,0"
45.75,91,AV,1,0,0,89,1386.7650627050614,,-45.75,"0,0,0,0","0,0,0"
13.433333333333334,1,AV,0,0,0,36,417.8295094645922,,-13.433333333333334,"0,0,0,0","0,0,0"
